TMZout0_Ka_XTMZ(norm)=0.27588;
MGMT_P0(norm)=0.90603;
k_MGMT(norm)=0.53879;
k_addO(norm)=0.57436;
k_addN(norm)=0.29751;
DSB_72h_fac(norm)=0.72966;
k_DSBO(norm)=0.54811;
k_DSBN(norm)=0.71352;
k_CyA(norm)=0.70281;
fVX(norm)=0.39304;
kf_ATR_MGMT_P(norm)=0.59659;
k_ATR(norm)=0.23447;
K_add(norm)=0.57262;
kd_pATR(norm)=0.72143;
k_Chk1(norm)=0.87335;
C_Chk1(norm)=0.61304;
pChk1_ref12_5_24h(norm)=0.69124;
pChk1_ref100_24h(norm)=0.69036;
pChk1_ref100_48h(norm)=0.72179;
kd_pChk1(norm)=0.44768;
k_cdc25(norm)=0.40733;
K_cdc25(norm)=0.59557;
kf_p53(norm)=0.90830;
k_p53(norm)=0.80591;
K_ATR(norm)=0.40640;
p53ser46_ref50_72h(norm)=0.89434;
kp_ser46(norm)=0.89313;
K_p53(norm)=0.49211;
upAsy(norm)=0.81625;
sness(norm)=0.59407;
k_apop(norm)=0.50646;
tED50(norm)=0.60947;
cell_pop_norm0_Jack_MGMT_P(norm)=0.14587;
k_dis(norm)=0.59171;

%%%%%%%%%

TMZout0_Ka_XTMZ=33.0268796486;
MGMT_P0=2.3753241427;
k_MGMT=40.2441451949;
k_addO=0.0108141431;
k_addN=0.1095622207;
DSB_72h_fac=1.1427698048;
k_DSBO=0.0003085899;
k_DSBN=0.0000462322;
k_CyA=2.2892606892;
fVX=0.0011675362;
kf_ATR_MGMT_P=0.0000109777;
k_ATR=0.0141296776;
K_add=0.0000717979;
kd_pATR=0.0035660290;
k_Chk1=555.8555022904;
C_Chk1=0.7629847805;
pChk1_ref12_5_24h=0.0077810171;
pChk1_ref100_24h=0.0077854172;
pChk1_ref100_48h=0.0093896627;
kd_pChk1=0.0698441675;
k_cdc25=254.4924974404;
K_cdc25=1.3513526692;
kf_p53=0.0008843276;
k_p53=36.1844902361;
K_ATR=0.0002960352;
p53ser46_ref50_72h=0.0007185132;
kp_ser46=5.5253196329;
K_p53=0.7640626468;
upAsy=0.3374258163;
sness=0.0039792024;
k_apop=0.0594121256;
tED50=418.1396946625;
cell_pop_norm0_Jack_MGMT_P=73.7383112328;
k_dis=0.0163470555;

%%%%%%%%%

cost=122.9394208436;

%%%%%%%%%

