TMZout0_Ka_XTMZ(norm)=0.63422;
MGMT_P0(norm)=0.44872;
k_MGMT(norm)=0.82959;
k_addO(norm)=0.18015;
k_addN(norm)=0.04610;
DSB_72h_fac(norm)=0.00010;
k_DSBO(norm)=1.00000;
k_DSBN(norm)=1.00000;
k_CyA(norm)=0.57107;
fVX(norm)=0.65309;
kf_ATR_MGMT_P(norm)=1.00000;
k_ATR(norm)=0.66410;
K_add(norm)=0.26496;
kd_pATR(norm)=0.59805;
k_Chk1(norm)=0.86801;
C_Chk1(norm)=0.17793;
pChk1_ref12_5_24h(norm)=0.56484;
pChk1_ref100_24h(norm)=0.96517;
pChk1_ref100_48h(norm)=0.89054;
kd_pChk1(norm)=0.43236;
k_cdc25(norm)=0.25394;
K_cdc25(norm)=0.27462;
kf_p53(norm)=0.43914;
k_p53(norm)=0.23231;
K_ATR(norm)=0.44023;
p53ser46_ref50_72h(norm)=0.80618;
kp_ser46(norm)=0.31123;
K_p53(norm)=0.41933;
upAsy(norm)=0.66412;
sness(norm)=1.00000;
k_apop(norm)=0.36152;
tED50(norm)=0.61301;
cell_pop_norm0_Jack_MGMT_P(norm)=0.69925;
k_dis(norm)=0.57281;

%%%%%%%%%

TMZout0_Ka_XTMZ=35.8587562594;
MGMT_P0=1.7934350912;
k_MGMT=48.2712410132;
k_addO=0.0072232368;
k_addN=0.0725501929;
DSB_72h_fac=0.6550158473;
k_DSBO=0.0004605009;
k_DSBN=0.0000581514;
k_CyA=2.3149203418;
fVX=0.0013462448;
kf_ATR_MGMT_P=0.0000152013;
k_ATR=0.0263235650;
K_add=0.0000570241;
kd_pATR=0.0034191920;
k_Chk1=513.2401631521;
C_Chk1=0.5374861054;
pChk1_ref12_5_24h=0.0076237039;
pChk1_ref100_24h=0.0107198875;
pChk1_ref100_48h=0.0117313879;
kd_pChk1=0.0668890098;
k_cdc25=192.3252855026;
K_cdc25=1.0134792406;
kf_p53=0.0005220117;
k_p53=27.3000265594;
K_ATR=0.0004165676;
p53ser46_ref50_72h=0.0005654414;
kp_ser46=2.6692425751;
K_p53=0.5354790408;
upAsy=0.2661957338;
sness=0.0054148977;
k_apop=0.0546389131;
tED50=447.0328477800;
cell_pop_norm0_Jack_MGMT_P=89.8283629434;
k_dis=0.0161614038;

%%%%%%%%%

cost=270.8654564889;

%%%%%%%%%

