TMZout0_Ka_XTMZ(norm)=0.72913;
MGMT_P0(norm)=0.85160;
k_MGMT(norm)=0.70548;
k_addO(norm)=0.56093;
k_addN(norm)=0.89918;
DSB_72h_fac(norm)=0.73980;
k_DSBO(norm)=0.84484;
k_DSBN(norm)=0.33854;
k_CyA(norm)=0.26623;
fVX(norm)=0.53605;
kf_ATR_MGMT_P(norm)=0.63766;
k_ATR(norm)=0.50697;
K_add(norm)=0.66916;
kd_pATR(norm)=0.32316;
k_Chk1(norm)=0.29276;
C_Chk1(norm)=0.59185;
pChk1_ref12_5_24h(norm)=0.57505;
pChk1_ref100_24h(norm)=0.58184;
pChk1_ref100_48h(norm)=0.67072;
kd_pChk1(norm)=0.37919;
k_cdc25(norm)=0.59243;
K_cdc25(norm)=0.67680;
kf_p53(norm)=0.69560;
k_p53(norm)=0.41948;
K_ATR(norm)=0.40107;
p53ser46_ref50_72h(norm)=0.79395;
kp_ser46(norm)=0.69624;
K_p53(norm)=0.29713;
upAsy(norm)=0.70627;
sness(norm)=0.52023;
k_apop(norm)=0.39861;
tED50(norm)=0.68818;
cell_pop_norm0_Jack_MGMT_P(norm)=0.15510;
k_dis(norm)=0.57595;

%%%%%%%%%

TMZout0_Ka_XTMZ=36.6486296143;
MGMT_P0=2.2796654018;
k_MGMT=51.9449017610;
k_addO=0.0108475009;
k_addN=0.1977515412;
DSB_72h_fac=1.1585171482;
k_DSBO=0.0003902537;
k_DSBN=0.0000299505;
k_CyA=1.5567704481;
fVX=0.0013527709;
kf_ATR_MGMT_P=0.0000113515;
k_ATR=0.0194541390;
K_add=0.0000752936;
kd_pATR=0.0031060181;
k_Chk1=374.8839887803;
C_Chk1=0.7482431667;
pChk1_ref12_5_24h=0.0075543319;
pChk1_ref100_24h=0.0076152910;
pChk1_ref100_48h=0.0092831639;
kd_pChk1=0.0685674279;
k_cdc25=242.6691107629;
K_cdc25=1.4576531271;
kf_p53=0.0007587988;
k_p53=32.2818162438;
K_ATR=0.0003549582;
p53ser46_ref50_72h=0.0006502199;
kp_ser46=4.2243724757;
K_p53=0.4148684428;
upAsy=0.2791826122;
sness=0.0039405432;
k_apop=0.0544734469;
tED50=406.5450899016;
cell_pop_norm0_Jack_MGMT_P=73.9814130594;
k_dis=0.0160859441;

%%%%%%%%%

cost=125.0332949827;

%%%%%%%%%

