TMZout0_Ka_XTMZ(norm)=0.38670;
MGMT_P0(norm)=0.78510;
k_MGMT(norm)=0.81799;
k_addO(norm)=0.23675;
k_addN(norm)=0.40563;
DSB_72h_fac(norm)=0.47806;
k_DSBO(norm)=0.83626;
k_DSBN(norm)=0.40027;
k_CyA(norm)=0.84210;
fVX(norm)=0.21787;
kf_ATR_MGMT_P(norm)=0.76173;
k_ATR(norm)=0.43248;
K_add(norm)=0.70287;
kd_pATR(norm)=0.44821;
k_Chk1(norm)=0.29137;
C_Chk1(norm)=1.00000;
pChk1_ref12_5_24h(norm)=0.20595;
pChk1_ref100_24h(norm)=0.39711;
pChk1_ref100_48h(norm)=0.61014;
kd_pChk1(norm)=0.47108;
k_cdc25(norm)=0.53055;
K_cdc25(norm)=0.10395;
kf_p53(norm)=0.79427;
k_p53(norm)=0.51062;
K_ATR(norm)=0.46102;
p53ser46_ref50_72h(norm)=0.51404;
kp_ser46(norm)=0.74707;
K_p53(norm)=0.41642;
upAsy(norm)=0.34643;
sness(norm)=0.75580;
k_apop(norm)=0.56407;
tED50(norm)=0.23049;
cell_pop_norm0_Jack_MGMT_P(norm)=0.67488;
k_dis(norm)=0.73511;

%%%%%%%%%

TMZout0_Ka_XTMZ=33.8779126914;
MGMT_P0=2.2239976045;
k_MGMT=50.9849775546;
k_addO=0.0081238261;
k_addN=0.1200735157;
DSB_72h_fac=0.9460163243;
k_DSBO=0.0003939273;
k_DSBN=0.0000354549;
k_CyA=2.5760231750;
fVX=0.0010064940;
kf_ATR_MGMT_P=0.0000126263;
k_ATR=0.0167105943;
K_add=0.0000801751;
kd_pATR=0.0028290944;
k_Chk1=339.4751311828;
C_Chk1=1.0590316885;
pChk1_ref12_5_24h=0.0051577784;
pChk1_ref100_24h=0.0060725772;
pChk1_ref100_48h=0.0085420896;
kd_pChk1=0.0712424312;
k_cdc25=282.4987016353;
K_cdc25=0.8909709322;
kf_p53=0.0008028859;
k_p53=28.1750534636;
K_ATR=0.0003100580;
p53ser46_ref50_72h=0.0005205855;
kp_ser46=4.8821314557;
K_p53=0.7166006263;
upAsy=0.2266181095;
sness=0.0045635895;
k_apop=0.0623841782;
tED50=303.2954369754;
cell_pop_norm0_Jack_MGMT_P=89.0509347158;
k_dis=0.0184590213;

%%%%%%%%%

cost=209.1801591384;

%%%%%%%%%

