TMZout0_Ka_XTMZ(norm)=0.00010;
MGMT_P0(norm)=0.26293;
k_MGMT(norm)=0.54474;
k_addO(norm)=0.52794;
k_addN(norm)=0.45521;
DSB_72h_fac(norm)=0.27719;
k_DSBO(norm)=0.41082;
k_DSBN(norm)=0.84200;
k_CyA(norm)=0.37520;
fVX(norm)=0.36964;
kf_ATR_MGMT_P(norm)=0.62785;
k_ATR(norm)=0.00010;
K_add(norm)=0.43756;
kd_pATR(norm)=0.50111;
k_Chk1(norm)=0.20050;
C_Chk1(norm)=0.40263;
pChk1_ref12_5_24h(norm)=0.49779;
pChk1_ref100_24h(norm)=0.60982;
pChk1_ref100_48h(norm)=0.61789;
kd_pChk1(norm)=0.17965;
k_cdc25(norm)=0.71289;
K_cdc25(norm)=0.52867;
kf_p53(norm)=0.29617;
k_p53(norm)=0.95090;
K_ATR(norm)=0.00010;
p53ser46_ref50_72h(norm)=0.49470;
kp_ser46(norm)=0.57331;
K_p53(norm)=0.83318;
upAsy(norm)=0.20133;
sness(norm)=0.60794;
k_apop(norm)=0.79565;
tED50(norm)=0.41175;
cell_pop_norm0_Jack_MGMT_P(norm)=0.34098;
k_dis(norm)=0.53705;

%%%%%%%%%

TMZout0_Ka_XTMZ=31.0007116889;
MGMT_P0=1.5809853727;
k_MGMT=45.3310996190;
k_addO=0.0105484727;
k_addN=0.1357529361;
DSB_72h_fac=0.8273917535;
k_DSBO=0.0002701698;
k_DSBN=0.0000458845;
k_CyA=1.7073494871;
fVX=0.0011748694;
kf_ATR_MGMT_P=0.0000112575;
k_ATR=0.0126617952;
K_add=0.0000618779;
kd_pATR=0.0036114788;
k_Chk1=346.6955197050;
C_Chk1=0.6374005966;
pChk1_ref12_5_24h=0.0070756287;
pChk1_ref100_24h=0.0077979919;
pChk1_ref100_48h=0.0088767873;
kd_pChk1=0.0579019548;
k_cdc25=268.7460041923;
K_cdc25=1.2857258777;
kf_p53=0.0005409352;
k_p53=50.6415223331;
K_ATR=0.0002527144;
p53ser46_ref50_72h=0.0005045925;
kp_ser46=3.8065103800;
K_p53=0.6533815639;
upAsy=0.1820039262;
sness=0.0042445491;
k_apop=0.0762581983;
tED50=321.6521786821;
cell_pop_norm0_Jack_MGMT_P=79.0525287902;
k_dis=0.0155644696;

%%%%%%%%%

cost=230.4075829391;

%%%%%%%%%

