TMZout0_Ka_XTMZ(norm)=0.50568;
MGMT_P0(norm)=0.98350;
k_MGMT(norm)=0.27629;
k_addO(norm)=0.59139;
k_addN(norm)=0.61640;
DSB_72h_fac(norm)=0.72284;
k_DSBO(norm)=0.54360;
k_DSBN(norm)=0.46092;
k_CyA(norm)=0.56191;
fVX(norm)=0.60527;
kf_ATR_MGMT_P(norm)=0.60557;
k_ATR(norm)=0.72564;
K_add(norm)=0.57014;
kd_pATR(norm)=0.65974;
k_Chk1(norm)=0.27362;
C_Chk1(norm)=0.61203;
pChk1_ref12_5_24h(norm)=0.39862;
pChk1_ref100_24h(norm)=0.40014;
pChk1_ref100_48h(norm)=0.44247;
kd_pChk1(norm)=0.65779;
k_cdc25(norm)=0.85415;
K_cdc25(norm)=0.60476;
kf_p53(norm)=0.46368;
k_p53(norm)=0.53196;
K_ATR(norm)=0.63353;
p53ser46_ref50_72h(norm)=0.50947;
kp_ser46(norm)=0.54590;
K_p53(norm)=0.90965;
upAsy(norm)=0.71885;
sness(norm)=0.82237;
k_apop(norm)=0.65096;
tED50(norm)=0.57367;
cell_pop_norm0_Jack_MGMT_P(norm)=0.16031;
k_dis(norm)=0.58739;

%%%%%%%%%

TMZout0_Ka_XTMZ=34.8160721022;
MGMT_P0=2.4744803734;
k_MGMT=36.1087203347;
k_addO=0.0111310986;
k_addN=0.1556193621;
DSB_72h_fac=1.1443038025;
k_DSBO=0.0003023407;
k_DSBN=0.0000332229;
k_CyA=1.9999950784;
fVX=0.0014344793;
kf_ATR_MGMT_P=0.0000110470;
k_ATR=0.0234141464;
K_add=0.0000692346;
kd_pATR=0.0041309998;
k_Chk1=368.8519812803;
C_Chk1=0.7611441090;
pChk1_ref12_5_24h=0.0065053789;
pChk1_ref100_24h=0.0065286396;
pChk1_ref100_48h=0.0076507846;
kd_pChk1=0.0868237307;
k_cdc25=302.9149669032;
K_cdc25=1.3713422935;
kf_p53=0.0006234265;
k_p53=35.5098121482;
K_ATR=0.0004322335;
p53ser46_ref50_72h=0.0005109464;
kp_ser46=3.7191417169;
K_p53=0.6971180140;
upAsy=0.2821741118;
sness=0.0050902253;
k_apop=0.0674598420;
tED50=368.9533081016;
cell_pop_norm0_Jack_MGMT_P=74.1192256904;
k_dis=0.0162426856;

%%%%%%%%%

cost=122.6478707247;

%%%%%%%%%

