TMZout0_Ka_XTMZ(norm)=0.26627;
MGMT_P0(norm)=0.39314;
k_MGMT(norm)=0.94984;
k_addO(norm)=0.60345;
k_addN(norm)=0.97854;
DSB_72h_fac(norm)=0.59515;
k_DSBO(norm)=0.82072;
k_DSBN(norm)=0.00010;
k_CyA(norm)=0.58965;
fVX(norm)=1.00000;
kf_ATR_MGMT_P(norm)=0.59590;
k_ATR(norm)=0.64687;
K_add(norm)=1.00000;
kd_pATR(norm)=0.16491;
k_Chk1(norm)=0.65257;
C_Chk1(norm)=0.53925;
pChk1_ref12_5_24h(norm)=0.56101;
pChk1_ref100_24h(norm)=0.77314;
pChk1_ref100_48h(norm)=0.00010;
kd_pChk1(norm)=0.62667;
k_cdc25(norm)=0.63141;
K_cdc25(norm)=0.56687;
kf_p53(norm)=0.69644;
k_p53(norm)=0.19544;
K_ATR(norm)=0.83975;
p53ser46_ref50_72h(norm)=0.94783;
kp_ser46(norm)=0.99329;
K_p53(norm)=0.32323;
upAsy(norm)=0.45249;
sness(norm)=0.68830;
k_apop(norm)=0.27844;
tED50(norm)=0.39221;
cell_pop_norm0_Jack_MGMT_P(norm)=1.00000;
k_dis(norm)=0.02775;

%%%%%%%%%

TMZout0_Ka_XTMZ=32.9541291082;
MGMT_P0=1.7142854349;
k_MGMT=63.8943565500;
k_addO=0.0112454895;
k_addN=0.2115072451;
DSB_72h_fac=1.0427751326;
k_DSBO=0.0003823591;
k_DSBN=0.0000224836;
k_CyA=2.0475603856;
fVX=0.0020042231;
kf_ATR_MGMT_P=0.0000109569;
k_ATR=0.0219023215;
K_add=0.0000996552;
kd_pATR=0.0027162567;
k_Chk1=508.5089894205;
C_Chk1=0.7156225328;
pChk1_ref12_5_24h=0.0074650080;
pChk1_ref100_24h=0.0089553147;
pChk1_ref100_48h=0.0052592322;
kd_pChk1=0.0845639670;
k_cdc25=250.8171976343;
K_cdc25=1.3280137396;
kf_p53=0.0007593337;
k_p53=26.7003968228;
K_ATR=0.0005147571;
p53ser46_ref50_72h=0.0007407715;
kp_ser46=5.4334016695;
K_p53=0.4241474633;
upAsy=0.2251654877;
sness=0.0045436390;
k_apop=0.0492000782;
tED50=316.3711812806;
cell_pop_norm0_Jack_MGMT_P=100.0000000000;
k_dis=0.0101093502;

%%%%%%%%%

cost=100000.0000000000;

%%%%%%%%%

