TMZout0_Ka_XTMZ(norm)=0.63699;
MGMT_P0(norm)=0.86350;
k_MGMT(norm)=0.60387;
k_addO(norm)=0.58149;
k_addN(norm)=0.52184;
DSB_72h_fac(norm)=0.70968;
k_DSBO(norm)=0.60531;
k_DSBN(norm)=0.86939;
k_CyA(norm)=0.72600;
fVX(norm)=0.96908;
kf_ATR_MGMT_P(norm)=0.59693;
k_ATR(norm)=0.58504;
K_add(norm)=0.71885;
kd_pATR(norm)=0.36212;
k_Chk1(norm)=0.28518;
C_Chk1(norm)=0.56914;
pChk1_ref12_5_24h(norm)=0.47925;
pChk1_ref100_24h(norm)=0.47795;
pChk1_ref100_48h(norm)=0.54444;
kd_pChk1(norm)=0.46733;
k_cdc25(norm)=0.06915;
K_cdc25(norm)=0.60060;
kf_p53(norm)=0.58628;
k_p53(norm)=0.31965;
K_ATR(norm)=0.42714;
p53ser46_ref50_72h(norm)=0.62731;
kp_ser46(norm)=0.65844;
K_p53(norm)=0.68475;
upAsy(norm)=0.56555;
sness(norm)=0.79474;
k_apop(norm)=0.59139;
tED50(norm)=0.42448;
cell_pop_norm0_Jack_MGMT_P(norm)=0.16772;
k_dis(norm)=0.58258;

%%%%%%%%%

TMZout0_Ka_XTMZ=35.8815734303;
MGMT_P0=2.3026222869;
k_MGMT=39.8686473157;
k_addO=0.0101487956;
k_addN=0.1085672774;
DSB_72h_fac=1.1229181231;
k_DSBO=0.0003296059;
k_DSBN=0.0000520592;
k_CyA=2.6396432536;
fVX=0.0017595550;
kf_ATR_MGMT_P=0.0000108034;
k_ATR=0.0246178917;
K_add=0.0000837682;
kd_pATR=0.0027996826;
k_Chk1=313.2212834087;
C_Chk1=0.7487234148;
pChk1_ref12_5_24h=0.0070903662;
pChk1_ref100_24h=0.0070941887;
pChk1_ref100_48h=0.0087497026;
kd_pChk1=0.0689007281;
k_cdc25=164.4514984095;
K_cdc25=1.3358812515;
kf_p53=0.0005913214;
k_p53=29.3967690992;
K_ATR=0.0004119716;
p53ser46_ref50_72h=0.0004859208;
kp_ser46=3.5822310685;
K_p53=0.6705219468;
upAsy=0.2448669172;
sness=0.0045505208;
k_apop=0.0663881983;
tED50=381.0337211462;
cell_pop_norm0_Jack_MGMT_P=74.3152456521;
k_dis=0.0162956446;

%%%%%%%%%

cost=124.0251099588;

%%%%%%%%%

