TMZout0_Ka_XTMZ(norm)=0.74720;
MGMT_P0(norm)=0.84080;
k_MGMT(norm)=0.55331;
k_addO(norm)=0.62959;
k_addN(norm)=0.52571;
DSB_72h_fac(norm)=0.26429;
k_DSBO(norm)=0.33716;
k_DSBN(norm)=0.35467;
k_CyA(norm)=0.58490;
fVX(norm)=0.62802;
kf_ATR_MGMT_P(norm)=0.98883;
k_ATR(norm)=0.79362;
K_add(norm)=0.54947;
kd_pATR(norm)=0.00010;
k_Chk1(norm)=0.26882;
C_Chk1(norm)=0.00010;
pChk1_ref12_5_24h(norm)=0.63870;
pChk1_ref100_24h(norm)=0.69061;
pChk1_ref100_48h(norm)=0.64012;
kd_pChk1(norm)=0.52528;
k_cdc25(norm)=0.56831;
K_cdc25(norm)=0.63412;
kf_p53(norm)=0.40845;
k_p53(norm)=0.50384;
K_ATR(norm)=0.51949;
p53ser46_ref50_72h(norm)=0.30755;
kp_ser46(norm)=0.18981;
K_p53(norm)=0.33762;
upAsy(norm)=0.02873;
sness(norm)=0.75984;
k_apop(norm)=0.25843;
tED50(norm)=0.44550;
cell_pop_norm0_Jack_MGMT_P(norm)=0.63812;
k_dis(norm)=0.48736;

%%%%%%%%%

TMZout0_Ka_XTMZ=36.8009693801;
MGMT_P0=2.2644058071;
k_MGMT=45.6612596170;
k_addO=0.0114973308;
k_addN=0.1441090352;
DSB_72h_fac=0.8196621646;
k_DSBO=0.0002538235;
k_DSBN=0.0000303626;
k_CyA=2.0393406196;
fVX=0.0014624000;
kf_ATR_MGMT_P=0.0000152853;
k_ATR=0.0248022609;
K_add=0.0000680326;
kd_pATR=0.0023622425;
k_Chk1=367.3570321120;
C_Chk1=0.4532009724;
pChk1_ref12_5_24h=0.0079729021;
pChk1_ref100_24h=0.0083504596;
pChk1_ref100_48h=0.0090455394;
kd_pChk1=0.0776025285;
k_cdc25=237.7602492658;
K_cdc25=1.4058879459;
kf_p53=0.0005949218;
k_p53=34.6738193591;
K_ATR=0.0003924235;
p53ser46_ref50_72h=0.0004305992;
kp_ser46=2.7504934105;
K_p53=0.4293493373;
upAsy=0.1572418013;
sness=0.0048275746;
k_apop=0.0483730154;
tED50=330.9834037500;
cell_pop_norm0_Jack_MGMT_P=87.8909182085;
k_dis=0.0149227538;

%%%%%%%%%

cost=213.3042596833;

%%%%%%%%%

