TMZout0_Ka_XTMZ(norm)=0.40277;
MGMT_P0(norm)=0.32303;
k_MGMT(norm)=0.44125;
k_addO(norm)=0.49628;
k_addN(norm)=0.24356;
DSB_72h_fac(norm)=0.80654;
k_DSBO(norm)=0.78496;
k_DSBN(norm)=0.23092;
k_CyA(norm)=0.79907;
fVX(norm)=0.00010;
kf_ATR_MGMT_P(norm)=0.00010;
k_ATR(norm)=0.71492;
K_add(norm)=0.52037;
kd_pATR(norm)=0.72012;
k_Chk1(norm)=0.63898;
C_Chk1(norm)=1.00000;
pChk1_ref12_5_24h(norm)=0.49392;
pChk1_ref100_24h(norm)=0.56425;
pChk1_ref100_48h(norm)=0.38607;
kd_pChk1(norm)=0.93095;
k_cdc25(norm)=0.81293;
K_cdc25(norm)=0.75172;
kf_p53(norm)=0.80429;
k_p53(norm)=0.80546;
K_ATR(norm)=0.59335;
p53ser46_ref50_72h(norm)=0.23589;
kp_ser46(norm)=0.00010;
K_p53(norm)=0.47242;
upAsy(norm)=0.54881;
sness(norm)=0.64788;
k_apop(norm)=0.19393;
tED50(norm)=0.28316;
cell_pop_norm0_Jack_MGMT_P(norm)=0.00010;
k_dis(norm)=0.18475;

%%%%%%%%%

TMZout0_Ka_XTMZ=34.0031242579;
MGMT_P0=1.7293877178;
k_MGMT=37.0519058717;
k_addO=0.0101218817;
k_addN=0.1046662634;
DSB_72h_fac=1.2106844565;
k_DSBO=0.0003771688;
k_DSBN=0.0000307156;
k_CyA=2.4837838544;
fVX=0.0008369071;
kf_ATR_MGMT_P=0.0000066224;
k_ATR=0.0212288293;
K_add=0.0000686883;
kd_pATR=0.0035620780;
k_Chk1=455.7427235143;
C_Chk1=1.0590316885;
pChk1_ref12_5_24h=0.0065830935;
pChk1_ref100_24h=0.0069964199;
pChk1_ref100_48h=0.0070650147;
kd_pChk1=0.1051868118;
k_cdc25=358.8609802475;
K_cdc25=1.5425012179;
kf_p53=0.0008097314;
k_p53=36.1708638513;
K_ATR=0.0003468447;
p53ser46_ref50_72h=0.0004112811;
kp_ser46=2.5926400881;
K_p53=0.7514227366;
upAsy=0.2690092055;
sness=0.0041647941;
k_apop=0.0455903952;
tED50=317.1366927828;
cell_pop_norm0_Jack_MGMT_P=70.0024967691;
k_dis=0.0115794375;

%%%%%%%%%

cost=100000.0000000000;

%%%%%%%%%

