TMZout0_Ka_XTMZ(norm)=0.94208;
MGMT_P0(norm)=0.50811;
k_MGMT(norm)=0.84109;
k_addO(norm)=1.00000;
k_addN(norm)=0.26487;
DSB_72h_fac(norm)=0.32383;
k_DSBO(norm)=0.14157;
k_DSBN(norm)=0.68223;
k_CyA(norm)=0.87895;
fVX(norm)=0.26570;
kf_ATR_MGMT_P(norm)=1.00000;
k_ATR(norm)=0.13283;
K_add(norm)=0.69195;
kd_pATR(norm)=0.00010;
k_Chk1(norm)=0.90633;
C_Chk1(norm)=0.06598;
pChk1_ref12_5_24h(norm)=0.68383;
pChk1_ref100_24h(norm)=0.80037;
pChk1_ref100_48h(norm)=0.79472;
kd_pChk1(norm)=1.00000;
k_cdc25(norm)=0.35491;
K_cdc25(norm)=0.21810;
kf_p53(norm)=1.00000;
k_p53(norm)=1.00000;
K_ATR(norm)=0.26998;
p53ser46_ref50_72h(norm)=1.00000;
kp_ser46(norm)=0.61636;
K_p53(norm)=0.00010;
upAsy(norm)=0.26274;
sness(norm)=0.46420;
k_apop(norm)=0.63273;
tED50(norm)=0.07091;
cell_pop_norm0_Jack_MGMT_P(norm)=0.64430;
k_dis(norm)=0.37717;

%%%%%%%%%

TMZout0_Ka_XTMZ=38.4848848405;
MGMT_P0=1.7823138316;
k_MGMT=63.1190859868;
k_addO=0.0147067798;
k_addN=0.1099308120;
DSB_72h_fac=0.8090192357;
k_DSBO=0.0002513494;
k_DSBN=0.0000384503;
k_CyA=3.5581520528;
fVX=0.0011092096;
kf_ATR_MGMT_P=0.0000155004;
k_ATR=0.0192159515;
K_add=0.0000990219;
kd_pATR=0.0012088706;
k_Chk1=418.4177655138;
C_Chk1=0.4862106732;
pChk1_ref12_5_24h=0.0096084007;
pChk1_ref100_24h=0.0106679577;
pChk1_ref100_48h=0.0128322007;
kd_pChk1=0.0866044774;
k_cdc25=174.4110265907;
K_cdc25=1.0016386300;
kf_p53=0.0006698623;
k_p53=43.4333897988;
K_ATR=0.0003723731;
p53ser46_ref50_72h=0.0005481160;
kp_ser46=3.1727647691;
K_p53=0.3558759843;
upAsy=0.2141059681;
sness=0.0048486136;
k_apop=0.0642451580;
tED50=267.4729892441;
cell_pop_norm0_Jack_MGMT_P=88.0849826519;
k_dis=0.0131686940;

%%%%%%%%%

cost=316.5667295723;

%%%%%%%%%

