TMZout0_Ka_XTMZ(norm)=0.55015;
MGMT_P0(norm)=1.00000;
k_MGMT(norm)=0.42296;
k_addO(norm)=0.48801;
k_addN(norm)=0.26833;
DSB_72h_fac(norm)=0.30573;
k_DSBO(norm)=0.00010;
k_DSBN(norm)=0.51718;
k_CyA(norm)=0.99871;
fVX(norm)=0.54475;
kf_ATR_MGMT_P(norm)=0.33321;
k_ATR(norm)=0.98423;
K_add(norm)=0.63919;
kd_pATR(norm)=0.00010;
k_Chk1(norm)=0.97855;
C_Chk1(norm)=0.21566;
pChk1_ref12_5_24h(norm)=0.43640;
pChk1_ref100_24h(norm)=0.48731;
pChk1_ref100_48h(norm)=0.87482;
kd_pChk1(norm)=0.74745;
k_cdc25(norm)=0.43178;
K_cdc25(norm)=0.61751;
kf_p53(norm)=0.66141;
k_p53(norm)=0.16870;
K_ATR(norm)=0.77554;
p53ser46_ref50_72h(norm)=0.20291;
kp_ser46(norm)=0.77697;
K_p53(norm)=0.46557;
upAsy(norm)=0.57977;
sness(norm)=0.70686;
k_apop(norm)=1.00000;
tED50(norm)=0.53851;
cell_pop_norm0_Jack_MGMT_P(norm)=0.11387;
k_dis(norm)=0.49381;

%%%%%%%%%

TMZout0_Ka_XTMZ=35.1733254455;
MGMT_P0=2.5000000000;
k_MGMT=40.8867468918;
k_addO=0.0101975761;
k_addN=0.1158737019;
DSB_72h_fac=0.8447526151;
k_DSBO=0.0001907665;
k_DSBN=0.0000348448;
k_CyA=2.8957521434;
fVX=0.0013627794;
kf_ATR_MGMT_P=0.0000087705;
k_ATR=0.0291496891;
K_add=0.0000734060;
kd_pATR=0.0023622425;
k_Chk1=670.2695199431;
C_Chk1=0.5440144051;
pChk1_ref12_5_24h=0.0067169852;
pChk1_ref100_24h=0.0070291330;
pChk1_ref100_48h=0.0110356561;
kd_pChk1=0.0936763289;
k_cdc25=211.7867965051;
K_cdc25=1.3862321723;
kf_p53=0.0007371292;
k_p53=26.1021915913;
K_ATR=0.0004875004;
p53ser46_ref50_72h=0.0003940660;
kp_ser46=4.5234501168;
K_p53=0.4785114400;
upAsy=0.2508062564;
sness=0.0046156298;
k_apop=0.0906739715;
tED50=358.1218403796;
cell_pop_norm0_Jack_MGMT_P=72.9016057484;
k_dis=0.0150044708;

%%%%%%%%%

cost=332.3136595594;

%%%%%%%%%

