TMZout0_Ka_XTMZ(norm)=0.28203;
MGMT_P0(norm)=0.49774;
k_MGMT(norm)=0.58618;
k_addO(norm)=0.58878;
k_addN(norm)=0.46147;
DSB_72h_fac(norm)=0.47594;
k_DSBO(norm)=0.44199;
k_DSBN(norm)=0.55791;
k_CyA(norm)=0.54853;
fVX(norm)=0.44143;
kf_ATR_MGMT_P(norm)=0.64321;
k_ATR(norm)=0.16058;
K_add(norm)=0.77588;
kd_pATR(norm)=0.49662;
k_Chk1(norm)=0.73108;
C_Chk1(norm)=0.44588;
pChk1_ref12_5_24h(norm)=0.35530;
pChk1_ref100_24h(norm)=0.39632;
pChk1_ref100_48h(norm)=0.41138;
kd_pChk1(norm)=0.75061;
k_cdc25(norm)=0.62885;
K_cdc25(norm)=0.22744;
kf_p53(norm)=0.67569;
k_p53(norm)=1.00000;
K_ATR(norm)=0.00010;
p53ser46_ref50_72h(norm)=0.60509;
kp_ser46(norm)=0.39786;
K_p53(norm)=0.42366;
upAsy(norm)=0.05500;
sness(norm)=0.35304;
k_apop(norm)=0.36205;
tED50(norm)=0.44329;
cell_pop_norm0_Jack_MGMT_P(norm)=0.74922;
k_dis(norm)=0.72323;

%%%%%%%%%

TMZout0_Ka_XTMZ=33.0735861421;
MGMT_P0=1.8294764187;
k_MGMT=46.9509245540;
k_addO=0.0111065262;
k_addN=0.1364750423;
DSB_72h_fac=0.9561314335;
k_DSBO=0.0002774001;
k_DSBN=0.0000360685;
k_CyA=1.9774473162;
fVX=0.0012485437;
kf_ATR_MGMT_P=0.0000114050;
k_ATR=0.0145060239;
K_add=0.0000824193;
kd_pATR=0.0035977736;
k_Chk1=543.4854356186;
C_Chk1=0.6611904637;
pChk1_ref12_5_24h=0.0062709104;
pChk1_ref100_24h=0.0065075532;
pChk1_ref100_48h=0.0074518225;
kd_pChk1=0.0939275288;
k_cdc25=250.2748733140;
K_cdc25=0.9960924203;
kf_p53=0.0007461033;
k_p53=52.7929398346;
K_ATR=0.0002527144;
p53ser46_ref50_72h=0.0005540693;
kp_ser46=3.2806890527;
K_p53=0.4618180241;
upAsy=0.1607810627;
sness=0.0034200703;
k_apop=0.0528120016;
tED50=330.3637618602;
cell_pop_norm0_Jack_MGMT_P=91.4438042882;
k_dis=0.0182240084;

%%%%%%%%%

cost=286.5752859733;

%%%%%%%%%

