TMZout0_Ka_XTMZ(norm)=0.55751;
MGMT_P0(norm)=0.45355;
k_MGMT(norm)=0.12694;
k_addO(norm)=0.04053;
k_addN(norm)=0.16339;
DSB_72h_fac(norm)=0.65942;
k_DSBO(norm)=1.00000;
k_DSBN(norm)=0.93775;
k_CyA(norm)=0.25380;
fVX(norm)=0.73033;
kf_ATR_MGMT_P(norm)=0.00010;
k_ATR(norm)=0.83363;
K_add(norm)=0.63093;
kd_pATR(norm)=0.60499;
k_Chk1(norm)=0.00010;
C_Chk1(norm)=0.29856;
pChk1_ref12_5_24h(norm)=0.24487;
pChk1_ref100_24h(norm)=0.31141;
pChk1_ref100_48h(norm)=0.37937;
kd_pChk1(norm)=0.58256;
k_cdc25(norm)=0.00010;
K_cdc25(norm)=0.45536;
kf_p53(norm)=0.61710;
k_p53(norm)=0.94303;
K_ATR(norm)=0.13006;
p53ser46_ref50_72h(norm)=0.48449;
kp_ser46(norm)=1.00000;
K_p53(norm)=0.91458;
upAsy(norm)=0.70975;
sness(norm)=0.63882;
k_apop(norm)=0.64504;
tED50(norm)=0.64898;
cell_pop_norm0_Jack_MGMT_P(norm)=0.23341;
k_dis(norm)=0.58150;

%%%%%%%%%

TMZout0_Ka_XTMZ=35.2327729856;
MGMT_P0=1.7799016333;
k_MGMT=31.8166665813;
k_addO=0.0069796681;
k_addN=0.1060149821;
DSB_72h_fac=1.0926949771;
k_DSBO=0.0004450842;
k_DSBN=0.0000497620;
k_CyA=1.5404608386;
fVX=0.0015948265;
kf_ATR_MGMT_P=0.0000066137;
k_ATR=0.0256575651;
K_add=0.0000728938;
kd_pATR=0.0039437546;
k_Chk1=292.5525408855;
C_Chk1=0.5836029758;
pChk1_ref12_5_24h=0.0057107719;
pChk1_ref100_24h=0.0060558303;
pChk1_ref100_48h=0.0072524495;
kd_pChk1=0.0814620798;
k_cdc25=146.9099469980;
K_cdc25=1.2082903167;
kf_p53=0.0007099679;
k_p53=50.3051063493;
K_ATR=0.0002821327;
p53ser46_ref50_72h=0.0005002462;
kp_ser46=5.4643701630;
K_p53=0.7000314749;
upAsy=0.2800066878;
sness=0.0043570782;
k_apop=0.0671218427;
tED50=393.2638784161;
cell_pop_norm0_Jack_MGMT_P=76.0771297819;
k_dis=0.0161617908;

%%%%%%%%%

cost=2408.0288218655;

%%%%%%%%%

