TMZout0_Ka_XTMZ(norm)=0.64763;
MGMT_P0(norm)=0.97530;
k_MGMT(norm)=0.86919;
k_addO(norm)=0.00010;
k_addN(norm)=0.95154;
DSB_72h_fac(norm)=0.64301;
k_DSBO(norm)=0.82270;
k_DSBN(norm)=0.58861;
k_CyA(norm)=0.67720;
fVX(norm)=0.41900;
kf_ATR_MGMT_P(norm)=0.80188;
k_ATR(norm)=0.78360;
K_add(norm)=0.03220;
kd_pATR(norm)=0.05346;
k_Chk1(norm)=1.00000;
C_Chk1(norm)=0.41346;
pChk1_ref12_5_24h(norm)=0.39483;
pChk1_ref100_24h(norm)=0.41572;
pChk1_ref100_48h(norm)=0.36218;
kd_pChk1(norm)=0.23639;
k_cdc25(norm)=0.80928;
K_cdc25(norm)=0.76890;
kf_p53(norm)=0.16247;
k_p53(norm)=0.54862;
K_ATR(norm)=0.23005;
p53ser46_ref50_72h(norm)=0.13891;
kp_ser46(norm)=0.86843;
K_p53(norm)=0.42248;
upAsy(norm)=0.20959;
sness(norm)=0.40639;
k_apop(norm)=1.00000;
tED50(norm)=0.90305;
cell_pop_norm0_Jack_MGMT_P(norm)=0.00010;
k_dis(norm)=0.04471;

%%%%%%%%%

TMZout0_Ka_XTMZ=35.9693128874;
MGMT_P0=2.4630728941;
k_MGMT=49.9183625845;
k_addO=0.0062012245;
k_addN=0.1562498297;
DSB_72h_fac=1.0674654510;
k_DSBO=0.0003962673;
k_DSBN=0.0000410371;
k_CyA=2.5327400909;
fVX=0.0011040388;
kf_ATR_MGMT_P=0.0000128522;
k_ATR=0.0291285160;
K_add=0.0000468178;
kd_pATR=0.0021553916;
k_Chk1=573.9700930324;
C_Chk1=0.6561971948;
pChk1_ref12_5_24h=0.0066009432;
pChk1_ref100_24h=0.0067298173;
pChk1_ref100_48h=0.0074976822;
kd_pChk1=0.0566557843;
k_cdc25=307.8848454931;
K_cdc25=1.5406340800;
kf_p53=0.0004129249;
k_p53=35.6909274794;
K_ATR=0.0003486139;
p53ser46_ref50_72h=0.0003212523;
kp_ser46=4.2797905940;
K_p53=0.5369103586;
upAsy=0.1811117447;
sness=0.0032745806;
k_apop=0.0938532913;
tED50=571.5667091661;
cell_pop_norm0_Jack_MGMT_P=70.0024967691;
k_dis=0.0103311286;

%%%%%%%%%

cost=14125.6381103432;

%%%%%%%%%

