TMZout0_Ka_XTMZ(norm)=0.63930;
MGMT_P0(norm)=0.72184;
k_MGMT(norm)=0.73523;
k_addO(norm)=0.52653;
k_addN(norm)=0.66623;
DSB_72h_fac(norm)=0.74606;
k_DSBO(norm)=0.74711;
k_DSBN(norm)=0.46323;
k_CyA(norm)=0.56093;
fVX(norm)=0.31961;
kf_ATR_MGMT_P(norm)=0.62391;
k_ATR(norm)=0.27845;
K_add(norm)=0.60979;
kd_pATR(norm)=0.62449;
k_Chk1(norm)=0.83670;
C_Chk1(norm)=0.61723;
pChk1_ref12_5_24h(norm)=0.54455;
pChk1_ref100_24h(norm)=0.54553;
pChk1_ref100_48h(norm)=0.52235;
kd_pChk1(norm)=0.66084;
k_cdc25(norm)=0.42291;
K_cdc25(norm)=0.60636;
kf_p53(norm)=0.20398;
k_p53(norm)=0.42949;
K_ATR(norm)=0.22117;
p53ser46_ref50_72h(norm)=0.23121;
kp_ser46(norm)=0.90168;
K_p53(norm)=0.81124;
upAsy(norm)=0.50947;
sness(norm)=0.67789;
k_apop(norm)=0.47644;
tED50(norm)=0.79462;
cell_pop_norm0_Jack_MGMT_P(norm)=0.14918;
k_dis(norm)=0.57577;

%%%%%%%%%

TMZout0_Ka_XTMZ=35.9006435538;
MGMT_P0=2.1029834158;
k_MGMT=53.2710914876;
k_addO=0.0105359122;
k_addN=0.1623313059;
DSB_72h_fac=1.1638067126;
k_DSBO=0.0003592414;
k_DSBN=0.0000332878;
k_CyA=1.9983433659;
fVX=0.0011260997;
kf_ATR_MGMT_P=0.0000112200;
k_ATR=0.0160295748;
K_add=0.0000716000;
kd_pATR=0.0040094720;
k_Chk1=594.3663088366;
C_Chk1=0.7645056175;
pChk1_ref12_5_24h=0.0073615815;
pChk1_ref100_24h=0.0073845598;
pChk1_ref100_48h=0.0081865222;
kd_pChk1=0.0870480926;
k_cdc25=210.2021560526;
K_cdc25=1.3732040040;
kf_p53=0.0005002904;
k_p53=32.5569099940;
K_ATR=0.0003047740;
p53ser46_ref50_72h=0.0004036291;
kp_ser46=5.0276013735;
K_p53=0.6413456973;
upAsy=0.2363029296;
sness=0.0045037217;
k_apop=0.0581866934;
tED50=444.9138319307;
cell_pop_norm0_Jack_MGMT_P=73.8255232324;
k_dis=0.0160835767;

%%%%%%%%%

cost=123.7245987165;

%%%%%%%%%

