TMZout0_Ka_XTMZ(norm)=0.47157;
MGMT_P0(norm)=0.80327;
k_MGMT(norm)=0.65134;
k_addO(norm)=0.56162;
k_addN(norm)=0.70900;
DSB_72h_fac(norm)=0.74791;
k_DSBO(norm)=0.81286;
k_DSBN(norm)=0.52364;
k_CyA(norm)=0.47203;
fVX(norm)=0.50354;
kf_ATR_MGMT_P(norm)=0.59991;
k_ATR(norm)=0.69231;
K_add(norm)=0.73115;
kd_pATR(norm)=0.52045;
k_Chk1(norm)=0.62245;
C_Chk1(norm)=0.62129;
pChk1_ref12_5_24h(norm)=0.60465;
pChk1_ref100_24h(norm)=0.60386;
pChk1_ref100_48h(norm)=0.60380;
kd_pChk1(norm)=0.66643;
k_cdc25(norm)=0.60064;
K_cdc25(norm)=0.63254;
kf_p53(norm)=0.65368;
k_p53(norm)=0.35403;
K_ATR(norm)=0.47081;
p53ser46_ref50_72h(norm)=0.65369;
kp_ser46(norm)=0.49983;
K_p53(norm)=0.46285;
upAsy(norm)=0.26190;
sness(norm)=0.63933;
k_apop(norm)=0.61338;
tED50(norm)=0.19575;
cell_pop_norm0_Jack_MGMT_P(norm)=0.15366;
k_dis(norm)=0.59928;

%%%%%%%%%

TMZout0_Ka_XTMZ=34.5444835684;
MGMT_P0=2.2461048533;
k_MGMT=44.2711012750;
k_addO=0.0106980772;
k_addN=0.1552667882;
DSB_72h_fac=1.1585371654;
k_DSBO=0.0003861939;
k_DSBN=0.0000393616;
k_CyA=1.8826536916;
fVX=0.0012821257;
kf_ATR_MGMT_P=0.0000110086;
k_ATR=0.0208259786;
K_add=0.0000821192;
kd_pATR=0.0030076564;
k_Chk1=449.4037851151;
C_Chk1=0.7683364053;
pChk1_ref12_5_24h=0.0072305801;
pChk1_ref100_24h=0.0072352015;
pChk1_ref100_48h=0.0084963444;
kd_pChk1=0.0840669285;
k_cdc25=299.7840215590;
K_cdc25=1.3943476822;
kf_p53=0.0007127183;
k_p53=24.6741317134;
K_ATR=0.0003126384;
p53ser46_ref50_72h=0.0005859795;
kp_ser46=3.9594097335;
K_p53=0.7453552036;
upAsy=0.2109547096;
sness=0.0041347385;
k_apop=0.0650458096;
tED50=294.4987291081;
cell_pop_norm0_Jack_MGMT_P=73.9436046806;
k_dis=0.0164522008;

%%%%%%%%%

cost=123.9075634008;

%%%%%%%%%

