TMZout0_Ka_XTMZ(norm)=0.30340;
MGMT_P0(norm)=0.59892;
k_MGMT(norm)=0.24793;
k_addO(norm)=0.31952;
k_addN(norm)=0.17276;
DSB_72h_fac(norm)=0.39708;
k_DSBO(norm)=0.13874;
k_DSBN(norm)=0.53543;
k_CyA(norm)=0.73126;
fVX(norm)=0.59113;
kf_ATR_MGMT_P(norm)=0.89828;
k_ATR(norm)=0.38064;
K_add(norm)=0.45530;
kd_pATR(norm)=0.00010;
k_Chk1(norm)=0.12435;
C_Chk1(norm)=0.31095;
pChk1_ref12_5_24h(norm)=0.57654;
pChk1_ref100_24h(norm)=0.70492;
pChk1_ref100_48h(norm)=0.54933;
kd_pChk1(norm)=0.26712;
k_cdc25(norm)=0.56023;
K_cdc25(norm)=0.28849;
kf_p53(norm)=0.00010;
k_p53(norm)=1.00000;
K_ATR(norm)=0.70737;
p53ser46_ref50_72h(norm)=0.21915;
kp_ser46(norm)=0.84949;
K_p53(norm)=0.76675;
upAsy(norm)=0.30360;
sness(norm)=0.68091;
k_apop(norm)=0.61073;
tED50(norm)=0.44263;
cell_pop_norm0_Jack_MGMT_P(norm)=0.69556;
k_dis(norm)=0.72212;

%%%%%%%%%

TMZout0_Ka_XTMZ=33.2362375949;
MGMT_P0=2.0096393503;
k_MGMT=31.4538696496;
k_addO=0.0087140201;
k_addN=0.0985723112;
DSB_72h_fac=0.8902001810;
k_DSBO=0.0002181432;
k_DSBN=0.0000397568;
k_CyA=2.3450969576;
fVX=0.0013809030;
kf_ATR_MGMT_P=0.0000141750;
k_ATR=0.0159925863;
K_add=0.0000650042;
kd_pATR=0.0019353174;
k_Chk1=294.6783055970;
C_Chk1=0.5906841088;
pChk1_ref12_5_24h=0.0070604590;
pChk1_ref100_24h=0.0078820685;
pChk1_ref100_48h=0.0081131455;
kd_pChk1=0.0599357850;
k_cdc25=289.6914097824;
K_cdc25=1.0417645406;
kf_p53=0.0004096532;
k_p53=42.6524102616;
K_ATR=0.0003820246;
p53ser46_ref50_72h=0.0004054907;
kp_ser46=5.3247442555;
K_p53=0.9642548909;
upAsy=0.2185417118;
sness=0.0042830077;
k_apop=0.0648998478;
tED50=363.0192423027;
cell_pop_norm0_Jack_MGMT_P=89.7100498377;
k_dis=0.0182569993;

%%%%%%%%%

cost=239.1944325048;

%%%%%%%%%

