TMZout0_Ka_XTMZ(norm)=0.65977;
MGMT_P0(norm)=0.73459;
k_MGMT(norm)=0.39204;
k_addO(norm)=0.55611;
k_addN(norm)=0.62589;
DSB_72h_fac(norm)=0.25952;
k_DSBO(norm)=0.54739;
k_DSBN(norm)=0.62971;
k_CyA(norm)=0.55111;
fVX(norm)=0.00010;
kf_ATR_MGMT_P(norm)=0.70339;
k_ATR(norm)=0.66156;
K_add(norm)=0.59849;
kd_pATR(norm)=0.58879;
k_Chk1(norm)=0.37726;
C_Chk1(norm)=0.35680;
pChk1_ref12_5_24h(norm)=0.10678;
pChk1_ref100_24h(norm)=0.54935;
pChk1_ref100_48h(norm)=0.76207;
kd_pChk1(norm)=0.74919;
k_cdc25(norm)=0.14333;
K_cdc25(norm)=0.73483;
kf_p53(norm)=0.68178;
k_p53(norm)=0.53706;
K_ATR(norm)=0.33608;
p53ser46_ref50_72h(norm)=0.52358;
kp_ser46(norm)=0.69552;
K_p53(norm)=0.39214;
upAsy(norm)=0.97380;
sness(norm)=0.75057;
k_apop(norm)=0.39904;
tED50(norm)=0.47006;
cell_pop_norm0_Jack_MGMT_P(norm)=0.03762;
k_dis(norm)=0.61607;

%%%%%%%%%

TMZout0_Ka_XTMZ=36.0697336961;
MGMT_P0=2.1305381065;
k_MGMT=33.3182076076;
k_addO=0.0099328881;
k_addN=0.1185733417;
DSB_72h_fac=0.7976965314;
k_DSBO=0.0003138187;
k_DSBN=0.0000424914;
k_CyA=2.2761002810;
fVX=0.0007741765;
kf_ATR_MGMT_P=0.0000118233;
k_ATR=0.0262668798;
K_add=0.0000756470;
kd_pATR=0.0033924879;
k_Chk1=338.6367679266;
C_Chk1=0.6254403319;
pChk1_ref12_5_24h=0.0051713988;
pChk1_ref100_24h=0.0075365979;
pChk1_ref100_48h=0.0105214572;
kd_pChk1=0.0874871003;
k_cdc25=175.1198852271;
K_cdc25=1.4967896837;
kf_p53=0.0006411627;
k_p53=35.3431068656;
K_ATR=0.0003813826;
p53ser46_ref50_72h=0.0004450372;
kp_ser46=3.6965517562;
K_p53=0.5232861368;
upAsy=0.3460647546;
sness=0.0043833357;
k_apop=0.0564038861;
tED50=396.0371236088;
cell_pop_norm0_Jack_MGMT_P=70.9456000789;
k_dis=0.0167647565;

%%%%%%%%%

cost=228.3846615207;

%%%%%%%%%

