TMZout0_Ka_XTMZ(norm)=0.41142;
MGMT_P0(norm)=0.79496;
k_MGMT(norm)=0.94148;
k_addO(norm)=0.54961;
k_addN(norm)=0.34251;
DSB_72h_fac(norm)=0.80058;
k_DSBO(norm)=0.68373;
k_DSBN(norm)=0.72121;
k_CyA(norm)=0.35622;
fVX(norm)=0.13654;
kf_ATR_MGMT_P(norm)=0.62659;
k_ATR(norm)=0.69706;
K_add(norm)=0.57677;
kd_pATR(norm)=0.74231;
k_Chk1(norm)=0.22125;
C_Chk1(norm)=0.57905;
pChk1_ref12_5_24h(norm)=0.60310;
pChk1_ref100_24h(norm)=0.61283;
pChk1_ref100_48h(norm)=0.63895;
kd_pChk1(norm)=0.40491;
k_cdc25(norm)=0.34422;
K_cdc25(norm)=0.70173;
kf_p53(norm)=0.39794;
k_p53(norm)=0.80041;
K_ATR(norm)=0.75356;
p53ser46_ref50_72h(norm)=0.44915;
kp_ser46(norm)=0.50146;
K_p53(norm)=0.47186;
upAsy(norm)=0.25148;
sness(norm)=0.21959;
k_apop(norm)=0.46758;
tED50(norm)=0.80963;
cell_pop_norm0_Jack_MGMT_P(norm)=0.14497;
k_dis(norm)=0.60040;

%%%%%%%%%

TMZout0_Ka_XTMZ=34.0707134340;
MGMT_P0=2.2359601859;
k_MGMT=56.6088991131;
k_addO=0.0105897785;
k_addN=0.1138198338;
DSB_72h_fac=1.2052753764;
k_DSBO=0.0003461669;
k_DSBN=0.0000465345;
k_CyA=1.7066993322;
fVX=0.0009394753;
kf_ATR_MGMT_P=0.0000112602;
k_ATR=0.0209098742;
K_add=0.0000720505;
kd_pATR=0.0036296729;
k_Chk1=319.8927233491;
C_Chk1=0.7413247409;
pChk1_ref12_5_24h=0.0072211340;
pChk1_ref100_24h=0.0072904465;
pChk1_ref100_48h=0.0087531427;
kd_pChk1=0.0673585130;
k_cdc25=241.2414847610;
K_cdc25=1.4785419449;
kf_p53=0.0005738680;
k_p53=36.0163960156;
K_ATR=0.0003972744;
p53ser46_ref50_72h=0.0004927385;
kp_ser46=3.9648894301;
K_p53=0.7510679161;
upAsy=0.2091014105;
sness=0.0028972974;
k_apop=0.0574870941;
tED50=495.4224681651;
cell_pop_norm0_Jack_MGMT_P=73.7146602930;
k_dis=0.0164679504;

%%%%%%%%%

cost=124.5338087150;

%%%%%%%%%

