TMZout0_Ka_XTMZ(norm)=0.48850;
MGMT_P0(norm)=0.94175;
k_MGMT(norm)=0.29993;
k_addO(norm)=0.24267;
k_addN(norm)=0.23061;
DSB_72h_fac(norm)=0.00010;
k_DSBO(norm)=0.24822;
k_DSBN(norm)=0.22109;
k_CyA(norm)=0.38411;
fVX(norm)=0.46158;
kf_ATR_MGMT_P(norm)=0.84608;
k_ATR(norm)=0.29738;
K_add(norm)=0.47950;
kd_pATR(norm)=0.58074;
k_Chk1(norm)=0.00010;
C_Chk1(norm)=0.53249;
pChk1_ref12_5_24h(norm)=0.28944;
pChk1_ref100_24h(norm)=0.49345;
pChk1_ref100_48h(norm)=0.81455;
kd_pChk1(norm)=1.00000;
k_cdc25(norm)=0.12480;
K_cdc25(norm)=0.83199;
kf_p53(norm)=0.48818;
k_p53(norm)=0.11183;
K_ATR(norm)=0.27877;
p53ser46_ref50_72h(norm)=0.51472;
kp_ser46(norm)=0.52985;
K_p53(norm)=0.00010;
upAsy(norm)=0.13895;
sness(norm)=0.90665;
k_apop(norm)=0.59764;
tED50(norm)=0.74143;
cell_pop_norm0_Jack_MGMT_P(norm)=0.64044;
k_dis(norm)=0.26461;

%%%%%%%%%

TMZout0_Ka_XTMZ=34.6789874937;
MGMT_P0=2.4110896893;
k_MGMT=36.8392946508;
k_addO=0.0082835673;
k_addN=0.1122288681;
DSB_72h_fac=0.6763120313;
k_DSBO=0.0002353987;
k_DSBN=0.0000271135;
k_CyA=1.7203012228;
fVX=0.0012700469;
kf_ATR_MGMT_P=0.0000135440;
k_ATR=0.0162886709;
K_add=0.0000641163;
kd_pATR=0.0038635576;
k_Chk1=292.5525408855;
C_Chk1=0.7115365536;
pChk1_ref12_5_24h=0.0059305793;
pChk1_ref100_24h=0.0070657807;
pChk1_ref100_48h=0.0104862793;
kd_pChk1=0.1160280820;
k_cdc25=163.2817882567;
K_cdc25=1.6625045326;
kf_p53=0.0006365022;
k_p53=24.8743323120;
K_ATR=0.0003200169;
p53ser46_ref50_72h=0.0005132270;
kp_ser46=3.6689101145;
K_p53=0.3225607171;
upAsy=0.1726344555;
sness=0.0054670246;
k_apop=0.0644796006;
tED50=425.3061160765;
cell_pop_norm0_Jack_MGMT_P=87.9638447976;
k_dis=0.0123560835;

%%%%%%%%%

cost=454.0771897408;

%%%%%%%%%

