TMZout0_Ka_XTMZ(norm)=0.15886;
MGMT_P0(norm)=0.24380;
k_MGMT(norm)=0.53328;
k_addO(norm)=0.00010;
k_addN(norm)=0.47444;
DSB_72h_fac(norm)=0.34749;
k_DSBO(norm)=0.50689;
k_DSBN(norm)=0.43813;
k_CyA(norm)=0.53940;
fVX(norm)=0.48871;
kf_ATR_MGMT_P(norm)=0.58554;
k_ATR(norm)=0.59740;
K_add(norm)=0.72230;
kd_pATR(norm)=0.39927;
k_Chk1(norm)=0.05644;
C_Chk1(norm)=0.23208;
pChk1_ref12_5_24h(norm)=0.00010;
pChk1_ref100_24h(norm)=0.30811;
pChk1_ref100_48h(norm)=0.75923;
kd_pChk1(norm)=0.33952;
k_cdc25(norm)=0.53851;
K_cdc25(norm)=0.46825;
kf_p53(norm)=0.88573;
k_p53(norm)=0.48411;
K_ATR(norm)=0.31431;
p53ser46_ref50_72h(norm)=0.51754;
kp_ser46(norm)=0.42335;
K_p53(norm)=0.26530;
upAsy(norm)=0.15699;
sness(norm)=0.09535;
k_apop(norm)=0.32800;
tED50(norm)=1.00000;
cell_pop_norm0_Jack_MGMT_P(norm)=0.04630;
k_dis(norm)=0.65391;

%%%%%%%%%

TMZout0_Ka_XTMZ=32.1514197022;
MGMT_P0=1.5622920941;
k_MGMT=44.8930414430;
k_addO=0.0067446269;
k_addN=0.1379829660;
DSB_72h_fac=0.8708155200;
k_DSBO=0.0002930830;
k_DSBN=0.0000325874;
k_CyA=1.9622106232;
fVX=0.0012995794;
kf_ATR_MGMT_P=0.0000108611;
k_ATR=0.0210032843;
K_add=0.0000787615;
kd_pATR=0.0033129219;
k_Chk1=306.8578846459;
C_Chk1=0.5516393095;
pChk1_ref12_5_24h=0.0046411643;
pChk1_ref100_24h=0.0060389347;
pChk1_ref100_48h=0.0100060905;
kd_pChk1=0.0663013283;
k_cdc25=231.8317054030;
K_cdc25=1.2215577570;
kf_p53=0.0008914296;
k_p53=34.0989042217;
K_ATR=0.0003298006;
p53ser46_ref50_72h=0.0005144553;
kp_ser46=3.3523225099;
K_p53=0.4038297395;
upAsy=0.1752935398;
sness=0.0027492337;
k_apop=0.0513100593;
tED50=529.4799787438;
cell_pop_norm0_Jack_MGMT_P=71.1655216687;
k_dis=0.0171844986;

%%%%%%%%%

cost=267.7437325125;

%%%%%%%%%

