TMZout0_Ka_XTMZ(norm)=0.37673;
MGMT_P0(norm)=0.86552;
k_MGMT(norm)=0.62218;
k_addO(norm)=0.57296;
k_addN(norm)=0.57061;
DSB_72h_fac(norm)=0.70390;
k_DSBO(norm)=0.62982;
k_DSBN(norm)=0.57053;
k_CyA(norm)=0.68400;
fVX(norm)=0.87881;
kf_ATR_MGMT_P(norm)=0.60046;
k_ATR(norm)=0.86642;
K_add(norm)=0.68309;
kd_pATR(norm)=0.49838;
k_Chk1(norm)=0.30683;
C_Chk1(norm)=0.61487;
pChk1_ref12_5_24h(norm)=0.44830;
pChk1_ref100_24h(norm)=0.46056;
pChk1_ref100_48h(norm)=0.45881;
kd_pChk1(norm)=0.71095;
k_cdc25(norm)=0.55352;
K_cdc25(norm)=0.53757;
kf_p53(norm)=0.47879;
k_p53(norm)=0.37992;
K_ATR(norm)=0.67442;
p53ser46_ref50_72h(norm)=0.52290;
kp_ser46(norm)=0.47198;
K_p53(norm)=0.11457;
upAsy(norm)=0.27140;
sness(norm)=0.63221;
k_apop(norm)=0.63044;
tED50(norm)=0.32375;
cell_pop_norm0_Jack_MGMT_P(norm)=0.15493;
k_dis(norm)=0.61372;

%%%%%%%%%

TMZout0_Ka_XTMZ=33.8004936391;
MGMT_P0=2.2994775735;
k_MGMT=48.4048938065;
k_addO=0.0109586606;
k_addN=0.1496981471;
DSB_72h_fac=1.1286462982;
k_DSBO=0.0003252542;
k_DSBN=0.0000364563;
k_CyA=2.2179723331;
fVX=0.0018086420;
kf_ATR_MGMT_P=0.0000109993;
k_ATR=0.0263803183;
K_add=0.0000761877;
kd_pATR=0.0036031304;
k_Chk1=379.3806604782;
C_Chk1=0.7629770780;
pChk1_ref12_5_24h=0.0067850598;
pChk1_ref100_24h=0.0068716152;
pChk1_ref100_48h=0.0077574343;
kd_pChk1=0.0908236360;
k_cdc25=234.7998600007;
K_cdc25=1.2954561460;
kf_p53=0.0006314552;
k_p53=31.2176119933;
K_ATR=0.0004474688;
p53ser46_ref50_72h=0.0005167933;
kp_ser46=3.4933298988;
K_p53=0.3554143289;
upAsy=0.1931364342;
sness=0.0043327290;
k_apop=0.0662971504;
tED50=298.5425254568;
cell_pop_norm0_Jack_MGMT_P=73.9770151001;
k_dis=0.0166091356;

%%%%%%%%%

cost=123.2934779268;

%%%%%%%%%

