TMZout0_Ka_XTMZ(norm)=0.54355;
MGMT_P0(norm)=0.85891;
k_MGMT(norm)=0.45725;
k_addO(norm)=0.49954;
k_addN(norm)=0.31120;
DSB_72h_fac(norm)=0.74574;
k_DSBO(norm)=0.75618;
k_DSBN(norm)=0.85381;
k_CyA(norm)=0.63356;
fVX(norm)=0.45499;
kf_ATR_MGMT_P(norm)=0.56910;
k_ATR(norm)=0.47650;
K_add(norm)=0.66889;
kd_pATR(norm)=0.65473;
k_Chk1(norm)=0.95295;
C_Chk1(norm)=0.62030;
pChk1_ref12_5_24h(norm)=0.71006;
pChk1_ref100_24h(norm)=0.75927;
pChk1_ref100_48h(norm)=0.76315;
kd_pChk1(norm)=0.59040;
k_cdc25(norm)=0.76191;
K_cdc25(norm)=0.60241;
kf_p53(norm)=0.73659;
k_p53(norm)=0.71879;
K_ATR(norm)=0.55930;
p53ser46_ref50_72h(norm)=0.68361;
kp_ser46(norm)=0.63346;
K_p53(norm)=0.76182;
upAsy(norm)=0.34721;
sness(norm)=0.62799;
k_apop(norm)=0.71251;
tED50(norm)=0.22557;
cell_pop_norm0_Jack_MGMT_P(norm)=0.16039;
k_dis(norm)=0.62556;

%%%%%%%%%

TMZout0_Ka_XTMZ=35.1200193274;
MGMT_P0=2.3151714314;
k_MGMT=37.5576405904;
k_addO=0.0101498366;
k_addN=0.1108400021;
DSB_72h_fac=1.1566508716;
k_DSBO=0.0003680832;
k_DSBN=0.0000520676;
k_CyA=2.1587878394;
fVX=0.0012304524;
kf_ATR_MGMT_P=0.0000107249;
k_ATR=0.0173457789;
K_add=0.0000778997;
kd_pATR=0.0033700710;
k_Chk1=594.6389438417;
C_Chk1=0.7676940034;
pChk1_ref12_5_24h=0.0079061497;
pChk1_ref100_24h=0.0082535356;
pChk1_ref100_48h=0.0097245353;
kd_pChk1=0.0788219228;
k_cdc25=343.6773645568;
K_cdc25=1.3592080978;
kf_p53=0.0007645880;
k_p53=33.6096853328;
K_ATR=0.0003369824;
p53ser46_ref50_72h=0.0006010216;
kp_ser46=4.4340758435;
K_p53=0.9602334965;
upAsy=0.2267690612;
sness=0.0040952084;
k_apop=0.0707453103;
tED50=302.0348035098;
cell_pop_norm0_Jack_MGMT_P=74.1211794016;
k_dis=0.0168227713;

%%%%%%%%%

cost=123.2364039163;

%%%%%%%%%

