TMZout0_Ka_XTMZ(norm)=0.66869;
MGMT_P0(norm)=0.16194;
k_MGMT(norm)=0.76684;
k_addO(norm)=0.57518;
k_addN(norm)=0.79004;
DSB_72h_fac(norm)=0.52612;
k_DSBO(norm)=1.00000;
k_DSBN(norm)=0.38093;
k_CyA(norm)=0.19340;
fVX(norm)=0.43895;
kf_ATR_MGMT_P(norm)=0.58890;
k_ATR(norm)=0.95724;
K_add(norm)=0.32876;
kd_pATR(norm)=0.72053;
k_Chk1(norm)=0.32628;
C_Chk1(norm)=0.00010;
pChk1_ref12_5_24h(norm)=0.11117;
pChk1_ref100_24h(norm)=0.50385;
pChk1_ref100_48h(norm)=0.52278;
kd_pChk1(norm)=0.43588;
k_cdc25(norm)=0.08889;
K_cdc25(norm)=0.57631;
kf_p53(norm)=0.16877;
k_p53(norm)=0.20869;
K_ATR(norm)=0.77916;
p53ser46_ref50_72h(norm)=0.52750;
kp_ser46(norm)=0.85536;
K_p53(norm)=0.33892;
upAsy(norm)=0.00010;
sness(norm)=0.29740;
k_apop(norm)=0.91489;
tED50(norm)=0.54511;
cell_pop_norm0_Jack_MGMT_P(norm)=0.34894;
k_dis(norm)=0.61208;

%%%%%%%%%

TMZout0_Ka_XTMZ=36.1436618160;
MGMT_P0=1.4847691572;
k_MGMT=54.7168290749;
k_addO=0.0109793050;
k_addN=0.1802848632;
DSB_72h_fac=0.9916884938;
k_DSBO=0.0004450842;
k_DSBN=0.0000310457;
k_CyA=1.4636164195;
fVX=0.0012459232;
kf_ATR_MGMT_P=0.0000108921;
k_ATR=0.0284904685;
K_add=0.0000564286;
kd_pATR=0.0043493570;
k_Chk1=385.6846291775;
C_Chk1=0.4532009724;
pChk1_ref12_5_24h=0.0050991503;
pChk1_ref100_24h=0.0071283158;
pChk1_ref100_48h=0.0081894493;
kd_pChk1=0.0719417725;
k_cdc25=158.3889348434;
K_cdc25=1.3386776536;
kf_p53=0.0004855831;
k_p53=27.0018579927;
K_ATR=0.0004889949;
p53ser46_ref50_72h=0.0005188135;
kp_ser46=4.8340962192;
K_p53=0.4298210533;
upAsy=0.1534735768;
sness=0.0032625715;
k_apop=0.0843655361;
tED50=360.1317761228;
cell_pop_norm0_Jack_MGMT_P=79.2773241219;
k_dis=0.0165860836;

%%%%%%%%%

cost=360.3827049093;

%%%%%%%%%

