TMZout0_Ka_XTMZ(norm)=0.06623;
MGMT_P0(norm)=0.68843;
k_MGMT(norm)=0.08421;
k_addO(norm)=0.34225;
k_addN(norm)=1.00000;
DSB_72h_fac(norm)=0.44549;
k_DSBO(norm)=0.66103;
k_DSBN(norm)=0.55342;
k_CyA(norm)=0.45034;
fVX(norm)=0.26344;
kf_ATR_MGMT_P(norm)=1.00000;
k_ATR(norm)=0.66591;
K_add(norm)=0.71060;
kd_pATR(norm)=0.46055;
k_Chk1(norm)=0.26407;
C_Chk1(norm)=0.62325;
pChk1_ref12_5_24h(norm)=0.78361;
pChk1_ref100_24h(norm)=0.79852;
pChk1_ref100_48h(norm)=0.68228;
kd_pChk1(norm)=0.85400;
k_cdc25(norm)=0.00010;
K_cdc25(norm)=0.94773;
kf_p53(norm)=0.77357;
k_p53(norm)=0.84796;
K_ATR(norm)=0.61566;
p53ser46_ref50_72h(norm)=0.70788;
kp_ser46(norm)=0.59191;
K_p53(norm)=0.24503;
upAsy(norm)=0.35875;
sness(norm)=0.46745;
k_apop(norm)=0.00010;
tED50(norm)=0.28577;
cell_pop_norm0_Jack_MGMT_P(norm)=0.22882;
k_dis(norm)=0.60800;

%%%%%%%%%

TMZout0_Ka_XTMZ=31.4749279488;
MGMT_P0=2.0981457024;
k_MGMT=26.5487166309;
k_addO=0.0084504497;
k_addN=0.1750025298;
DSB_72h_fac=0.9208874952;
k_DSBO=0.0003451299;
k_DSBN=0.0000385501;
k_CyA=2.1854411388;
fVX=0.0010829627;
kf_ATR_MGMT_P=0.0000154484;
k_ATR=0.0282380631;
K_add=0.0000902987;
kd_pATR=0.0024490397;
k_Chk1=255.5814058901;
C_Chk1=0.7763378677;
pChk1_ref12_5_24h=0.0100805164;
pChk1_ref100_24h=0.0102313876;
pChk1_ref100_48h=0.0114445043;
kd_pChk1=0.0792104925;
k_cdc25=140.8140489158;
K_cdc25=1.8919971604;
kf_p53=0.0006761407;
k_p53=40.8398041646;
K_ATR=0.0004743649;
p53ser46_ref50_72h=0.0005324992;
kp_ser46=3.3301355084;
K_p53=0.4835547488;
upAsy=0.1623474061;
sness=0.0034026922;
k_apop=0.0353924153;
tED50=294.2330155361;
cell_pop_norm0_Jack_MGMT_P=75.9525222633;
k_dis=0.0164520998;

%%%%%%%%%

cost=273.0000163425;

%%%%%%%%%

