TMZout0_Ka_XTMZ(norm)=0.82707;
MGMT_P0(norm)=0.85931;
k_MGMT(norm)=0.44709;
k_addO(norm)=0.73117;
k_addN(norm)=0.65109;
DSB_72h_fac(norm)=0.37692;
k_DSBO(norm)=0.87067;
k_DSBN(norm)=0.30282;
k_CyA(norm)=0.52618;
fVX(norm)=0.42205;
kf_ATR_MGMT_P(norm)=0.87832;
k_ATR(norm)=0.36123;
K_add(norm)=0.77599;
kd_pATR(norm)=0.73698;
k_Chk1(norm)=0.78946;
C_Chk1(norm)=0.67343;
pChk1_ref12_5_24h(norm)=0.21346;
pChk1_ref100_24h(norm)=0.62661;
pChk1_ref100_48h(norm)=0.51715;
kd_pChk1(norm)=0.47072;
k_cdc25(norm)=0.68078;
K_cdc25(norm)=0.07604;
kf_p53(norm)=0.64708;
k_p53(norm)=0.53273;
K_ATR(norm)=0.28639;
p53ser46_ref50_72h(norm)=0.19290;
kp_ser46(norm)=0.86606;
K_p53(norm)=0.22963;
upAsy(norm)=0.31162;
sness(norm)=0.92907;
k_apop(norm)=0.56492;
tED50(norm)=0.13041;
cell_pop_norm0_Jack_MGMT_P(norm)=1.00000;
k_dis(norm)=0.71977;

%%%%%%%%%

TMZout0_Ka_XTMZ=37.4820473730;
MGMT_P0=2.2968056867;
k_MGMT=34.9089849037;
k_addO=0.0115211539;
k_addN=0.1211319754;
DSB_72h_fac=0.8721039388;
k_DSBO=0.0004127062;
k_DSBN=0.0000322116;
k_CyA=2.2285298512;
fVX=0.0011068950;
kf_ATR_MGMT_P=0.0000137122;
k_ATR=0.0203654339;
K_add=0.0000879238;
kd_pATR=0.0038463242;
k_Chk1=480.1920326417;
C_Chk1=0.8178947886;
pChk1_ref12_5_24h=0.0056606138;
pChk1_ref100_24h=0.0080465173;
pChk1_ref100_48h=0.0085497372;
kd_pChk1=0.0690988740;
k_cdc25=276.1230029531;
K_cdc25=0.8565293719;
kf_p53=0.0006225834;
k_p53=35.2135359830;
K_ATR=0.0003656595;
p53ser46_ref50_72h=0.0003362881;
kp_ser46=4.2712209158;
K_p53=0.4559714278;
upAsy=0.1974648521;
sness=0.0050990607;
k_apop=0.0649158778;
tED50=296.9977498289;
cell_pop_norm0_Jack_MGMT_P=100.0000000000;
k_dis=0.0183043203;

%%%%%%%%%

cost=311.4186698328;

%%%%%%%%%

