TMZout0_Ka_XTMZ(norm)=0.53022;
MGMT_P0(norm)=0.87164;
k_MGMT(norm)=0.63002;
k_addO(norm)=0.62193;
k_addN(norm)=0.89574;
DSB_72h_fac(norm)=0.72516;
k_DSBO(norm)=0.67041;
k_DSBN(norm)=0.38368;
k_CyA(norm)=0.64165;
fVX(norm)=0.51836;
kf_ATR_MGMT_P(norm)=0.61734;
k_ATR(norm)=0.44539;
K_add(norm)=0.71450;
kd_pATR(norm)=0.25720;
k_Chk1(norm)=0.59996;
C_Chk1(norm)=0.61910;
pChk1_ref12_5_24h(norm)=0.53711;
pChk1_ref100_24h(norm)=0.55668;
pChk1_ref100_48h(norm)=0.55604;
kd_pChk1(norm)=0.63088;
k_cdc25(norm)=0.40048;
K_cdc25(norm)=0.70181;
kf_p53(norm)=0.60194;
k_p53(norm)=0.40974;
K_ATR(norm)=0.34522;
p53ser46_ref50_72h(norm)=0.67646;
kp_ser46(norm)=0.74840;
K_p53(norm)=0.45227;
upAsy(norm)=0.59662;
sness(norm)=0.29722;
k_apop(norm)=0.41438;
tED50(norm)=0.85637;
cell_pop_norm0_Jack_MGMT_P(norm)=0.16777;
k_dis(norm)=0.58673;

%%%%%%%%%

TMZout0_Ka_XTMZ=35.0127756161;
MGMT_P0=2.3082512351;
k_MGMT=48.7278068445;
k_addO=0.0114229434;
k_addN=0.1971766718;
DSB_72h_fac=1.1462359153;
k_DSBO=0.0003366357;
k_DSBN=0.0000311182;
k_CyA=2.1398003549;
fVX=0.0013326444;
kf_ATR_MGMT_P=0.0000111577;
k_ATR=0.0184651266;
K_add=0.0000782424;
kd_pATR=0.0029371764;
k_Chk1=486.3368077096;
C_Chk1=0.7657178205;
pChk1_ref12_5_24h=0.0073153159;
pChk1_ref100_24h=0.0074546321;
pChk1_ref100_48h=0.0084235319;
kd_pChk1=0.0848660498;
k_cdc25=206.2434115113;
K_cdc25=1.4888711571;
kf_p53=0.0007009085;
k_p53=32.0165915738;
K_ATR=0.0003385521;
p53ser46_ref50_72h=0.0005886050;
kp_ser46=4.4152663967;
K_p53=0.4731490557;
upAsy=0.2544121443;
sness=0.0032620691;
k_apop=0.0552064482;
tED50=468.8096962562;
cell_pop_norm0_Jack_MGMT_P=74.3166938818;
k_dis=0.0162336086;

%%%%%%%%%

cost=123.9510957179;

%%%%%%%%%

