TMZout0_Ka_XTMZ(norm)=0.41059;
MGMT_P0(norm)=0.00010;
k_MGMT(norm)=0.83675;
k_addO(norm)=0.82446;
k_addN(norm)=0.00010;
DSB_72h_fac(norm)=0.54007;
k_DSBO(norm)=0.00010;
k_DSBN(norm)=1.00000;
k_CyA(norm)=0.40802;
fVX(norm)=0.36817;
kf_ATR_MGMT_P(norm)=0.00010;
k_ATR(norm)=0.59893;
K_add(norm)=0.57443;
kd_pATR(norm)=0.80605;
k_Chk1(norm)=0.72495;
C_Chk1(norm)=0.90286;
pChk1_ref12_5_24h(norm)=0.00010;
pChk1_ref100_24h(norm)=1.00000;
pChk1_ref100_48h(norm)=1.00000;
kd_pChk1(norm)=0.47516;
k_cdc25(norm)=0.25818;
K_cdc25(norm)=0.56023;
kf_p53(norm)=0.58303;
k_p53(norm)=0.17504;
K_ATR(norm)=0.05674;
p53ser46_ref50_72h(norm)=1.00000;
kp_ser46(norm)=0.95128;
K_p53(norm)=0.56877;
upAsy(norm)=0.67390;
sness(norm)=1.00000;
k_apop(norm)=0.37028;
tED50(norm)=0.95401;
cell_pop_norm0_Jack_MGMT_P(norm)=0.27269;
k_dis(norm)=0.86384;

%%%%%%%%%

TMZout0_Ka_XTMZ=34.0642349032;
MGMT_P0=1.3426454420;
k_MGMT=58.0560338146;
k_addO=0.0135614060;
k_addN=0.0923167769;
DSB_72h_fac=1.0018084552;
k_DSBO=0.0001907665;
k_DSBN=0.0000524573;
k_CyA=1.7555023475;
fVX=0.0011734050;
kf_ATR_MGMT_P=0.0000066137;
k_ATR=0.0210304898;
K_add=0.0000694863;
kd_pATR=0.0046762216;
k_Chk1=540.6679516279;
C_Chk1=0.9738333582;
pChk1_ref12_5_24h=0.0046411643;
pChk1_ref100_24h=0.0108532287;
pChk1_ref100_48h=0.0122705020;
kd_pChk1=0.0743761633;
k_cdc25=182.8175207449;
K_cdc25=1.3205688343;
kf_p53=0.0006897647;
k_p53=26.2426740667;
K_ATR=0.0002651379;
p53ser46_ref50_72h=0.0007742483;
kp_ser46=5.2434099818;
K_p53=0.5222396704;
upAsy=0.2716298105;
sness=0.0059169975;
k_apop=0.0531814780;
tED50=509.2438793277;
cell_pop_norm0_Jack_MGMT_P=77.1503434346;
k_dis=0.0205297489;

%%%%%%%%%

cost=1702.5616699696;

%%%%%%%%%

