TMZout0_Ka_XTMZ(norm)=0.45001;
MGMT_P0(norm)=0.37228;
k_MGMT(norm)=0.76180;
k_addO(norm)=0.11208;
k_addN(norm)=0.30963;
DSB_72h_fac(norm)=0.19676;
k_DSBO(norm)=0.79888;
k_DSBN(norm)=0.54261;
k_CyA(norm)=0.26050;
fVX(norm)=0.62941;
kf_ATR_MGMT_P(norm)=0.71532;
k_ATR(norm)=0.69117;
K_add(norm)=0.74820;
kd_pATR(norm)=0.18479;
k_Chk1(norm)=0.69917;
C_Chk1(norm)=0.44920;
pChk1_ref12_5_24h(norm)=0.06465;
pChk1_ref100_24h(norm)=0.50054;
pChk1_ref100_48h(norm)=0.73169;
kd_pChk1(norm)=0.29884;
k_cdc25(norm)=0.16522;
K_cdc25(norm)=0.06572;
kf_p53(norm)=0.53338;
k_p53(norm)=0.18048;
K_ATR(norm)=0.48495;
p53ser46_ref50_72h(norm)=0.51009;
kp_ser46(norm)=1.00000;
K_p53(norm)=0.64107;
upAsy(norm)=1.00000;
sness(norm)=0.63378;
k_apop(norm)=0.36068;
tED50(norm)=1.00000;
cell_pop_norm0_Jack_MGMT_P(norm)=0.43360;
k_dis(norm)=0.75520;

%%%%%%%%%

TMZout0_Ka_XTMZ=34.3738891370;
MGMT_P0=1.6922029600;
k_MGMT=54.4836470189;
k_addO=0.0074158769;
k_addN=0.1199993468;
DSB_72h_fac=0.7803575553;
k_DSBO=0.0003753482;
k_DSBN=0.0000356040;
k_CyA=1.5492381174;
fVX=0.0014641258;
kf_ATR_MGMT_P=0.0000121235;
k_ATR=0.0227402231;
K_add=0.0000805087;
kd_pATR=0.0027624028;
k_Chk1=528.9888726632;
C_Chk1=0.6630523321;
pChk1_ref12_5_24h=0.0049020640;
pChk1_ref100_24h=0.0071083403;
pChk1_ref100_48h=0.0097753141;
kd_pChk1=0.0640547756;
k_cdc25=168.9714477753;
K_cdc25=0.8685444265;
kf_p53=0.0006613533;
k_p53=26.3640295081;
K_ATR=0.0003811036;
p53ser46_ref50_72h=0.0005112168;
kp_ser46=5.4643701630;
K_p53=0.5552300255;
upAsy=0.3580746716;
sness=0.0043384959;
k_apop=0.0527506953;
tED50=529.4799787438;
cell_pop_norm0_Jack_MGMT_P=81.7078211720;
k_dis=0.0187243949;

%%%%%%%%%

cost=242.1577390817;

%%%%%%%%%

