TMZout0_Ka_XTMZ(norm)=0.49408;
MGMT_P0(norm)=0.17987;
k_MGMT(norm)=0.50194;
k_addO(norm)=0.54898;
k_addN(norm)=0.16881;
DSB_72h_fac(norm)=0.30081;
k_DSBO(norm)=0.21103;
k_DSBN(norm)=0.51441;
k_CyA(norm)=0.29162;
fVX(norm)=0.56587;
kf_ATR_MGMT_P(norm)=0.90475;
k_ATR(norm)=0.91860;
K_add(norm)=0.42462;
kd_pATR(norm)=1.00000;
k_Chk1(norm)=0.64591;
C_Chk1(norm)=0.45115;
pChk1_ref12_5_24h(norm)=0.52469;
pChk1_ref100_24h(norm)=0.69374;
pChk1_ref100_48h(norm)=0.57510;
kd_pChk1(norm)=0.47747;
k_cdc25(norm)=0.22195;
K_cdc25(norm)=0.38053;
kf_p53(norm)=0.35771;
k_p53(norm)=0.45309;
K_ATR(norm)=0.16754;
p53ser46_ref50_72h(norm)=0.49518;
kp_ser46(norm)=0.78829;
K_p53(norm)=0.29698;
upAsy(norm)=0.60181;
sness(norm)=0.58662;
k_apop(norm)=0.82488;
tED50(norm)=0.31513;
cell_pop_norm0_Jack_MGMT_P(norm)=0.35860;
k_dis(norm)=0.43031;

%%%%%%%%%

TMZout0_Ka_XTMZ=34.7234836485;
MGMT_P0=1.5014159571;
k_MGMT=43.7163582864;
k_addO=0.0107382171;
k_addN=0.1065032716;
DSB_72h_fac=0.8417337155;
k_DSBO=0.0002280972;
k_DSBN=0.0000347632;
k_CyA=1.5906270895;
fVX=0.0013873835;
kf_ATR_MGMT_P=0.0000142343;
k_ATR=0.0275727616;
K_add=0.0000612032;
kd_pATR=0.0055114322;
k_Chk1=505.6447611728;
C_Chk1=0.6641531199;
pChk1_ref12_5_24h=0.0072387748;
pChk1_ref100_24h=0.0083726455;
pChk1_ref100_48h=0.0085606992;
kd_pChk1=0.0745217223;
k_cdc25=177.2905610576;
K_cdc25=1.1340546173;
kf_p53=0.0005698894;
k_p53=33.2142729141;
K_ATR=0.0002912359;
p53ser46_ref50_72h=0.0005048005;
kp_ser46=4.5670651396;
K_p53=0.4148183797;
upAsy=0.2555341480;
sness=0.0041685799;
k_apop=0.0781702921;
tED50=296.3700201878;
cell_pop_norm0_Jack_MGMT_P=79.5509603954;
k_dis=0.0142186213;

%%%%%%%%%

cost=355.9653145222;

%%%%%%%%%

