TMZout0_Ka_XTMZ(norm)=0.43276;
MGMT_P0(norm)=0.47584;
k_MGMT(norm)=0.68971;
k_addO(norm)=0.37278;
k_addN(norm)=0.37754;
DSB_72h_fac(norm)=0.03665;
k_DSBO(norm)=0.42441;
k_DSBN(norm)=0.35154;
k_CyA(norm)=0.84302;
fVX(norm)=0.46473;
kf_ATR_MGMT_P(norm)=0.81118;
k_ATR(norm)=0.45834;
K_add(norm)=0.53630;
kd_pATR(norm)=0.33734;
k_Chk1(norm)=0.05455;
C_Chk1(norm)=0.46272;
pChk1_ref12_5_24h(norm)=0.60252;
pChk1_ref100_24h(norm)=0.61942;
pChk1_ref100_48h(norm)=0.52079;
kd_pChk1(norm)=0.87589;
k_cdc25(norm)=0.45610;
K_cdc25(norm)=0.34831;
kf_p53(norm)=0.44577;
k_p53(norm)=0.56018;
K_ATR(norm)=0.43211;
p53ser46_ref50_72h(norm)=0.33150;
kp_ser46(norm)=0.74470;
K_p53(norm)=0.33989;
upAsy(norm)=0.46064;
sness(norm)=0.82967;
k_apop(norm)=0.72387;
tED50(norm)=0.46702;
cell_pop_norm0_Jack_MGMT_P(norm)=0.35723;
k_dis(norm)=0.51108;

%%%%%%%%%

TMZout0_Ka_XTMZ=34.2380856374;
MGMT_P0=1.8229713620;
k_MGMT=42.8762175497;
k_addO=0.0085038153;
k_addN=0.0960728097;
DSB_72h_fac=0.6734593358;
k_DSBO=0.0002827655;
k_DSBN=0.0000335691;
k_CyA=2.9147839655;
fVX=0.0011476618;
kf_ATR_MGMT_P=0.0000129539;
k_ATR=0.0221121105;
K_add=0.0000717642;
kd_pATR=0.0027415071;
k_Chk1=257.6236421701;
C_Chk1=0.6841670313;
pChk1_ref12_5_24h=0.0078709803;
pChk1_ref100_24h=0.0079975940;
pChk1_ref100_48h=0.0085761075;
kd_pChk1=0.0974013335;
k_cdc25=228.2586591085;
K_cdc25=1.0787759453;
kf_p53=0.0005249524;
k_p53=36.0421115631;
K_ATR=0.0004137127;
p53ser46_ref50_72h=0.0003781941;
kp_ser46=3.8538288591;
K_p53=0.5006247947;
upAsy=0.2240397838;
sness=0.0046871789;
k_apop=0.0742743247;
tED50=395.0190237062;
cell_pop_norm0_Jack_MGMT_P=79.5122305521;
k_dis=0.0153377656;

%%%%%%%%%

cost=222.6167149622;

%%%%%%%%%

