TMZout0_Ka_XTMZ(norm)=0.13234;
MGMT_P0(norm)=0.16171;
k_MGMT(norm)=0.27462;
k_addO(norm)=0.80202;
k_addN(norm)=0.40607;
DSB_72h_fac(norm)=0.55912;
k_DSBO(norm)=0.38569;
k_DSBN(norm)=0.50853;
k_CyA(norm)=0.33435;
fVX(norm)=0.15764;
kf_ATR_MGMT_P(norm)=0.97673;
k_ATR(norm)=0.57042;
K_add(norm)=0.33701;
kd_pATR(norm)=0.75088;
k_Chk1(norm)=0.27550;
C_Chk1(norm)=0.80966;
pChk1_ref12_5_24h(norm)=0.41792;
pChk1_ref100_24h(norm)=0.65598;
pChk1_ref100_48h(norm)=0.59080;
kd_pChk1(norm)=0.41747;
k_cdc25(norm)=0.33288;
K_cdc25(norm)=0.52895;
kf_p53(norm)=0.45579;
k_p53(norm)=0.93572;
K_ATR(norm)=0.10167;
p53ser46_ref50_72h(norm)=0.64879;
kp_ser46(norm)=0.00010;
K_p53(norm)=0.24638;
upAsy(norm)=0.72613;
sness(norm)=0.54772;
k_apop(norm)=0.49228;
tED50(norm)=0.38791;
cell_pop_norm0_Jack_MGMT_P(norm)=0.00010;
k_dis(norm)=0.17980;

%%%%%%%%%

TMZout0_Ka_XTMZ=31.9562775526;
MGMT_P0=1.4845609505;
k_MGMT=36.0574541614;
k_addO=0.0133059718;
k_addN=0.1302168434;
DSB_72h_fac=1.0157880700;
k_DSBO=0.0002644790;
k_DSBN=0.0000345905;
k_CyA=1.6492740213;
fVX=0.0009816933;
kf_ATR_MGMT_P=0.0000151294;
k_ATR=0.0205285535;
K_add=0.0000568247;
kd_pATR=0.0044626815;
k_Chk1=369.4405132920;
C_Chk1=0.8998920932;
pChk1_ref12_5_24h=0.0066126187;
pChk1_ref100_24h=0.0081090079;
pChk1_ref100_48h=0.0086753007;
kd_pChk1=0.0708279713;
k_cdc25=194.7638508350;
K_cdc25=1.2860216946;
kf_p53=0.0006192716;
k_p53=49.9945904708;
K_ATR=0.0002754270;
p53ser46_ref50_72h=0.0005749663;
kp_ser46=2.3420713618;
K_p53=0.3974082368;
upAsy=0.2839190195;
sness=0.0040334056;
k_apop=0.0589729633;
tED50=315.2198677878;
cell_pop_norm0_Jack_MGMT_P=70.0024967691;
k_dis=0.0114993616;

%%%%%%%%%

cost=431.9175796288;

%%%%%%%%%

