TMZout0_Ka_XTMZ(norm)=0.65085;
MGMT_P0(norm)=0.12990;
k_MGMT(norm)=0.94954;
k_addO(norm)=0.33799;
k_addN(norm)=0.26597;
DSB_72h_fac(norm)=0.00638;
k_DSBO(norm)=0.85543;
k_DSBN(norm)=0.20791;
k_CyA(norm)=0.00010;
fVX(norm)=0.22291;
kf_ATR_MGMT_P(norm)=0.71403;
k_ATR(norm)=0.94789;
K_add(norm)=0.44489;
kd_pATR(norm)=1.00000;
k_Chk1(norm)=0.94182;
C_Chk1(norm)=0.64316;
pChk1_ref12_5_24h(norm)=0.57914;
pChk1_ref100_24h(norm)=0.81544;
pChk1_ref100_48h(norm)=0.98509;
kd_pChk1(norm)=0.76056;
k_cdc25(norm)=0.12517;
K_cdc25(norm)=0.11945;
kf_p53(norm)=0.62431;
k_p53(norm)=0.12569;
K_ATR(norm)=0.36068;
p53ser46_ref50_72h(norm)=0.26750;
kp_ser46(norm)=0.27204;
K_p53(norm)=0.54013;
upAsy(norm)=0.43353;
sness(norm)=0.92511;
k_apop(norm)=0.93615;
tED50(norm)=0.00010;
cell_pop_norm0_Jack_MGMT_P(norm)=0.38481;
k_dis(norm)=0.71109;

%%%%%%%%%

TMZout0_Ka_XTMZ=35.9959539526;
MGMT_P0=1.4554840640;
k_MGMT=63.8782745210;
k_addO=0.0089803230;
k_addN=0.1156421029;
DSB_72h_fac=0.6794116860;
k_DSBO=0.0003937716;
k_DSBN=0.0000268123;
k_CyA=1.2424989020;
fVX=0.0010375206;
kf_ATR_MGMT_P=0.0000121103;
k_ATR=0.0282658053;
K_add=0.0000622633;
kd_pATR=0.0055114322;
k_Chk1=649.7331127617;
C_Chk1=0.7814843999;
pChk1_ref12_5_24h=0.0075805644;
pChk1_ref100_24h=0.0092821058;
pChk1_ref100_48h=0.0121165049;
kd_pChk1=0.0947232220;
k_cdc25=163.3336445778;
K_cdc25=0.9089974164;
kf_p53=0.0007143218;
k_p53=25.1679873943;
K_ATR=0.0003430163;
p53ser46_ref50_72h=0.0004162344;
kp_ser46=2.9489417394;
K_p53=0.5097164336;
upAsy=0.2215773488;
sness=0.0055532247;
k_apop=0.0858989726;
tED50=226.9392185870;
cell_pop_norm0_Jack_MGMT_P=80.2981639109;
k_dis=0.0180374447;

%%%%%%%%%

cost=198.9950295528;

%%%%%%%%%

