TMZout0_Ka_XTMZ(norm)=0.55877;
MGMT_P0(norm)=0.89233;
k_MGMT(norm)=0.75016;
k_addO(norm)=0.62330;
k_addN(norm)=0.64607;
DSB_72h_fac(norm)=0.66614;
k_DSBO(norm)=0.59306;
k_DSBN(norm)=0.70814;
k_CyA(norm)=0.60925;
fVX(norm)=0.66829;
kf_ATR_MGMT_P(norm)=0.63360;
k_ATR(norm)=0.68111;
K_add(norm)=0.64478;
kd_pATR(norm)=0.64564;
k_Chk1(norm)=0.68660;
C_Chk1(norm)=0.61868;
pChk1_ref12_5_24h(norm)=0.59179;
pChk1_ref100_24h(norm)=0.59299;
pChk1_ref100_48h(norm)=0.58309;
kd_pChk1(norm)=0.69687;
k_cdc25(norm)=0.47990;
K_cdc25(norm)=0.50086;
kf_p53(norm)=0.77881;
k_p53(norm)=0.34052;
K_ATR(norm)=0.50687;
p53ser46_ref50_72h(norm)=0.75286;
kp_ser46(norm)=0.59157;
K_p53(norm)=0.76639;
upAsy(norm)=0.65422;
sness(norm)=0.76982;
k_apop(norm)=0.51642;
tED50(norm)=0.42907;
cell_pop_norm0_Jack_MGMT_P(norm)=0.16278;
k_dis(norm)=0.57877;

%%%%%%%%%

TMZout0_Ka_XTMZ=35.2430050343;
MGMT_P0=2.3429687201;
k_MGMT=45.1296887522;
k_addO=0.0105147541;
k_addN=0.1206181424;
DSB_72h_fac=1.0863839622;
k_DSBO=0.0003262004;
k_DSBN=0.0000454113;
k_CyA=2.3910272116;
fVX=0.0013637019;
kf_ATR_MGMT_P=0.0000111444;
k_ATR=0.0267057393;
K_add=0.0000786725;
kd_pATR=0.0035598958;
k_Chk1=440.1141826785;
C_Chk1=0.7808214521;
pChk1_ref12_5_24h=0.0077997342;
pChk1_ref100_24h=0.0078204910;
pChk1_ref100_48h=0.0090409884;
kd_pChk1=0.0836931108;
k_cdc25=232.9074236852;
K_cdc25=1.2276315552;
kf_p53=0.0006961007;
k_p53=29.9213197484;
K_ATR=0.0004407658;
p53ser46_ref50_72h=0.0005404604;
kp_ser46=3.3849030697;
K_p53=0.7185461422;
upAsy=0.2639720458;
sness=0.0044554168;
k_apop=0.0623020042;
tED50=382.5205207955;
cell_pop_norm0_Jack_MGMT_P=74.1845864210;
k_dis=0.0162431388;

%%%%%%%%%

cost=123.5117132046;

%%%%%%%%%

