TMZout0_Ka_XTMZ(norm)=0.00010;
MGMT_P0(norm)=0.16703;
k_MGMT(norm)=0.79352;
k_addO(norm)=0.50308;
k_addN(norm)=0.69347;
DSB_72h_fac(norm)=0.93092;
k_DSBO(norm)=0.79095;
k_DSBN(norm)=0.77924;
k_CyA(norm)=0.30781;
fVX(norm)=0.53646;
kf_ATR_MGMT_P(norm)=0.79457;
k_ATR(norm)=0.70428;
K_add(norm)=0.66962;
kd_pATR(norm)=0.46063;
k_Chk1(norm)=0.44732;
C_Chk1(norm)=0.46416;
pChk1_ref12_5_24h(norm)=0.39337;
pChk1_ref100_24h(norm)=0.47059;
pChk1_ref100_48h(norm)=0.68549;
kd_pChk1(norm)=0.61659;
k_cdc25(norm)=0.14140;
K_cdc25(norm)=0.37534;
kf_p53(norm)=0.36221;
k_p53(norm)=0.78077;
K_ATR(norm)=0.59414;
p53ser46_ref50_72h(norm)=0.40264;
kp_ser46(norm)=0.49417;
K_p53(norm)=0.16713;
upAsy(norm)=0.38031;
sness(norm)=0.00010;
k_apop(norm)=1.00000;
tED50(norm)=0.76540;
cell_pop_norm0_Jack_MGMT_P(norm)=0.12529;
k_dis(norm)=1.00000;

%%%%%%%%%

TMZout0_Ka_XTMZ=31.0007116889;
MGMT_P0=1.4894784768;
k_MGMT=55.9679222915;
k_addO=0.0103286178;
k_addN=0.1661212732;
DSB_72h_fac=1.3313680393;
k_DSBO=0.0003728360;
k_DSBN=0.0000435083;
k_CyA=1.6126032272;
fVX=0.0013532363;
kf_ATR_MGMT_P=0.0000129655;
k_ATR=0.0229941496;
K_add=0.0000753229;
kd_pATR=0.0034897179;
k_Chk1=427.3373810792;
C_Chk1=0.6715133392;
pChk1_ref12_5_24h=0.0064765010;
pChk1_ref100_24h=0.0069302661;
pChk1_ref100_48h=0.0094000159;
kd_pChk1=0.0838450519;
k_cdc25=165.5942499873;
K_cdc25=1.1290806996;
kf_p53=0.0005720657;
k_p53=43.8432596560;
K_ATR=0.0004180447;
p53ser46_ref50_72h=0.0004667309;
kp_ser46=3.5596563357;
K_p53=0.3715986916;
upAsy=0.2118074090;
sness=0.0025360710;
k_apop=0.0906739715;
tED50=434.0328505484;
cell_pop_norm0_Jack_MGMT_P=73.1990933206;
k_dis=0.0230403219;

%%%%%%%%%

cost=522.6882007485;

%%%%%%%%%

