TMZout0_Ka_XTMZ(norm)=0.44666;
MGMT_P0(norm)=0.88475;
k_MGMT(norm)=0.53638;
k_addO(norm)=0.55843;
k_addN(norm)=0.51098;
DSB_72h_fac(norm)=0.77481;
k_DSBO(norm)=0.63255;
k_DSBN(norm)=0.62989;
k_CyA(norm)=0.52022;
fVX(norm)=0.76774;
kf_ATR_MGMT_P(norm)=0.60573;
k_ATR(norm)=0.40995;
K_add(norm)=0.59726;
kd_pATR(norm)=0.59481;
k_Chk1(norm)=0.43971;
C_Chk1(norm)=0.58432;
pChk1_ref12_5_24h(norm)=0.50330;
pChk1_ref100_24h(norm)=0.50902;
pChk1_ref100_48h(norm)=0.62936;
kd_pChk1(norm)=0.44036;
k_cdc25(norm)=0.27040;
K_cdc25(norm)=0.60830;
kf_p53(norm)=0.59285;
k_p53(norm)=0.47584;
K_ATR(norm)=0.35428;
p53ser46_ref50_72h(norm)=0.66304;
kp_ser46(norm)=0.80491;
K_p53(norm)=0.39777;
upAsy(norm)=0.45022;
sness(norm)=0.68442;
k_apop(norm)=0.59142;
tED50(norm)=0.34409;
cell_pop_norm0_Jack_MGMT_P(norm)=0.14916;
k_dis(norm)=0.60332;

%%%%%%%%%

TMZout0_Ka_XTMZ=34.3475206809;
MGMT_P0=2.3271371685;
k_MGMT=45.0108166590;
k_addO=0.0108245874;
k_addN=0.1423219992;
DSB_72h_fac=1.1884028449;
k_DSBO=0.0003260080;
k_DSBN=0.0000383366;
k_CyA=1.9305869245;
fVX=0.0016461956;
kf_ATR_MGMT_P=0.0000110484;
k_ATR=0.0179188673;
K_add=0.0000708437;
kd_pATR=0.0039098751;
k_Chk1=424.5918262637;
C_Chk1=0.7434819124;
pChk1_ref12_5_24h=0.0071087182;
pChk1_ref100_24h=0.0071596321;
pChk1_ref100_48h=0.0089634360;
kd_pChk1=0.0722153267;
k_cdc25=184.7208406590;
K_cdc25=1.3754600846;
kf_p53=0.0006955317;
k_p53=33.8608250060;
K_ATR=0.0003411627;
p53ser46_ref50_72h=0.0005819528;
kp_ser46=4.6318355513;
K_p53=0.4517967973;
upAsy=0.2247326790;
sness=0.0045287278;
k_apop=0.0641409287;
tED50=303.7320464868;
cell_pop_norm0_Jack_MGMT_P=73.8248380007;
k_dis=0.0164633749;

%%%%%%%%%

cost=123.2841975271;

%%%%%%%%%

