TMZout0_Ka_XTMZ(norm)=0.85111;
MGMT_P0(norm)=0.32198;
k_MGMT(norm)=0.72083;
k_addO(norm)=0.57382;
k_addN(norm)=0.28716;
DSB_72h_fac(norm)=0.20438;
k_DSBO(norm)=0.40607;
k_DSBN(norm)=0.40868;
k_CyA(norm)=0.71323;
fVX(norm)=0.26963;
kf_ATR_MGMT_P(norm)=1.00000;
k_ATR(norm)=0.37896;
K_add(norm)=0.35344;
kd_pATR(norm)=0.43218;
k_Chk1(norm)=0.57080;
C_Chk1(norm)=0.42971;
pChk1_ref12_5_24h(norm)=0.25293;
pChk1_ref100_24h(norm)=0.62506;
pChk1_ref100_48h(norm)=0.85961;
kd_pChk1(norm)=0.55048;
k_cdc25(norm)=0.61727;
K_cdc25(norm)=0.10390;
kf_p53(norm)=0.50699;
k_p53(norm)=1.00000;
K_ATR(norm)=0.40347;
p53ser46_ref50_72h(norm)=0.56407;
kp_ser46(norm)=0.75288;
K_p53(norm)=0.48322;
upAsy(norm)=0.34777;
sness(norm)=0.22880;
k_apop(norm)=0.73799;
tED50(norm)=0.27699;
cell_pop_norm0_Jack_MGMT_P(norm)=0.21771;
k_dis(norm)=0.59164;

%%%%%%%%%

TMZout0_Ka_XTMZ=37.6894379034;
MGMT_P0=1.6401033186;
k_MGMT=52.6249022028;
k_addO=0.0109666648;
k_addN=0.1177363882;
DSB_72h_fac=0.7846983049;
k_DSBO=0.0002690859;
k_DSBN=0.0000317843;
k_CyA=2.2735777918;
fVX=0.0010794072;
kf_ATR_MGMT_P=0.0000154307;
k_ATR=0.0174545217;
K_add=0.0000576213;
kd_pATR=0.0034066033;
k_Chk1=474.4711744537;
C_Chk1=0.6521950791;
pChk1_ref12_5_24h=0.0057499127;
pChk1_ref100_24h=0.0078993024;
pChk1_ref100_48h=0.0108943742;
kd_pChk1=0.0792775644;
k_cdc25=247.8305120246;
K_cdc25=0.8971003145;
kf_p53=0.0006467293;
k_p53=52.7929398346;
K_ATR=0.0003556810;
p53ser46_ref50_72h=0.0005351423;
kp_ser46=4.4320766141;
K_p53=0.4857241135;
upAsy=0.2060480441;
sness=0.0030783550;
k_apop=0.0726220313;
tED50=286.9455649434;
cell_pop_norm0_Jack_MGMT_P=75.6522241697;
k_dis=0.0163012607;

%%%%%%%%%

cost=285.8536217498;

%%%%%%%%%

