TMZout0_Ka_XTMZ(norm)=0.38700;
MGMT_P0(norm)=0.81698;
k_MGMT(norm)=0.70162;
k_addO(norm)=0.61108;
k_addN(norm)=0.75491;
DSB_72h_fac(norm)=0.76121;
k_DSBO(norm)=0.57967;
k_DSBN(norm)=0.46101;
k_CyA(norm)=0.45886;
fVX(norm)=0.58987;
kf_ATR_MGMT_P(norm)=0.62377;
k_ATR(norm)=0.78163;
K_add(norm)=0.54201;
kd_pATR(norm)=0.84425;
k_Chk1(norm)=0.34759;
C_Chk1(norm)=0.59189;
pChk1_ref12_5_24h(norm)=0.58997;
pChk1_ref100_24h(norm)=0.58729;
pChk1_ref100_48h(norm)=0.62806;
kd_pChk1(norm)=0.51320;
k_cdc25(norm)=0.94415;
K_cdc25(norm)=0.54980;
kf_p53(norm)=0.58426;
k_p53(norm)=0.62270;
K_ATR(norm)=0.72027;
p53ser46_ref50_72h(norm)=0.63149;
kp_ser46(norm)=0.55472;
K_p53(norm)=0.38201;
upAsy(norm)=0.32753;
sness(norm)=0.94843;
k_apop(norm)=0.61688;
tED50(norm)=0.06477;
cell_pop_norm0_Jack_MGMT_P(norm)=0.15248;
k_dis(norm)=0.59223;

%%%%%%%%%

TMZout0_Ka_XTMZ=33.8802971029;
MGMT_P0=2.2311235977;
k_MGMT=51.7754736052;
k_addO=0.0113183831;
k_addN=0.1749984251;
DSB_72h_fac=1.1767040398;
k_DSBO=0.0003117237;
k_DSBN=0.0000332254;
k_CyA=1.8327795010;
fVX=0.0014158827;
kf_ATR_MGMT_P=0.0000112187;
k_ATR=0.0245515578;
K_add=0.0000676040;
kd_pATR=0.0048300414;
k_Chk1=392.7099934498;
C_Chk1=0.7482688130;
pChk1_ref12_5_24h=0.0076504294;
pChk1_ref100_24h=0.0076505259;
pChk1_ref100_48h=0.0089535870;
kd_pChk1=0.0768125649;
k_cdc25=326.9178953399;
K_cdc25=1.3089507837;
kf_p53=0.0006904864;
k_p53=38.3477020337;
K_ATR=0.0004651963;
p53ser46_ref50_72h=0.0005666025;
kp_ser46=3.7470306178;
K_p53=0.4458065656;
upAsy=0.2025438617;
sness=0.0056640263;
k_apop=0.0655393823;
tED50=239.7221958936;
cell_pop_norm0_Jack_MGMT_P=73.9123093663;
k_dis=0.0163094329;

%%%%%%%%%

cost=122.7831930334;

%%%%%%%%%

