TMZout0_Ka_XTMZ(norm)=0.46575;
MGMT_P0(norm)=0.85727;
k_MGMT(norm)=0.79904;
k_addO(norm)=0.62315;
k_addN(norm)=0.74115;
DSB_72h_fac(norm)=0.75668;
k_DSBO(norm)=0.71577;
k_DSBN(norm)=0.67748;
k_CyA(norm)=0.51760;
fVX(norm)=0.73949;
kf_ATR_MGMT_P(norm)=0.63416;
k_ATR(norm)=0.49648;
K_add(norm)=0.67194;
kd_pATR(norm)=0.51223;
k_Chk1(norm)=0.34943;
C_Chk1(norm)=0.55822;
pChk1_ref12_5_24h(norm)=0.63311;
pChk1_ref100_24h(norm)=0.63338;
pChk1_ref100_48h(norm)=0.71055;
kd_pChk1(norm)=0.27043;
k_cdc25(norm)=0.32312;
K_cdc25(norm)=0.60888;
kf_p53(norm)=0.60553;
k_p53(norm)=0.58519;
K_ATR(norm)=0.53835;
p53ser46_ref50_72h(norm)=0.61254;
kp_ser46(norm)=0.67315;
K_p53(norm)=0.55759;
upAsy(norm)=0.26741;
sness(norm)=0.64690;
k_apop(norm)=0.51465;
tED50(norm)=0.30594;
cell_pop_norm0_Jack_MGMT_P(norm)=0.15631;
k_dis(norm)=0.60042;

%%%%%%%%%

TMZout0_Ka_XTMZ=34.4983641374;
MGMT_P0=2.2939870024;
k_MGMT=47.0377784826;
k_addO=0.0105134191;
k_addN=0.1307371250;
DSB_72h_fac=1.1637398412;
k_DSBO=0.0003619443;
k_DSBN=0.0000442466;
k_CyA=2.2123920003;
fVX=0.0014484979;
kf_ATR_MGMT_P=0.0000111497;
k_ATR=0.0228382184;
K_add=0.0000805043;
kd_pATR=0.0031794017;
k_Chk1=330.7452562682;
C_Chk1=0.7418306271;
pChk1_ref12_5_24h=0.0080777003;
pChk1_ref100_24h=0.0080927518;
pChk1_ref100_48h=0.0100720124;
kd_pChk1=0.0583135313;
k_cdc25=203.9353637156;
K_cdc25=1.3452891421;
kf_p53=0.0006010456;
k_p53=36.8139734914;
K_ATR=0.0004526814;
p53ser46_ref50_72h=0.0004798772;
kp_ser46=3.6271510192;
K_p53=0.6020312388;
upAsy=0.1902047117;
sness=0.0040147316;
k_apop=0.0622090142;
tED50=344.6226760917;
cell_pop_norm0_Jack_MGMT_P=74.0134704487;
k_dis=0.0165439384;

%%%%%%%%%

cost=123.4015423635;

%%%%%%%%%

