TMZout0_Ka_XTMZ(norm)=0.48523;
MGMT_P0(norm)=0.85414;
k_MGMT(norm)=0.86352;
k_addO(norm)=0.58834;
k_addN(norm)=0.71893;
DSB_72h_fac(norm)=0.71171;
k_DSBO(norm)=0.69105;
k_DSBN(norm)=0.67107;
k_CyA(norm)=0.53018;
fVX(norm)=0.65384;
kf_ATR_MGMT_P(norm)=0.62582;
k_ATR(norm)=0.71125;
K_add(norm)=0.62579;
kd_pATR(norm)=0.48709;
k_Chk1(norm)=0.09823;
C_Chk1(norm)=0.55618;
pChk1_ref12_5_24h(norm)=0.73318;
pChk1_ref100_24h(norm)=0.73287;
pChk1_ref100_48h(norm)=0.75229;
kd_pChk1(norm)=0.14049;
k_cdc25(norm)=0.42255;
K_cdc25(norm)=0.70917;
kf_p53(norm)=0.82890;
k_p53(norm)=0.73387;
K_ATR(norm)=0.77179;
p53ser46_ref50_72h(norm)=0.88154;
kp_ser46(norm)=0.51333;
K_p53(norm)=0.61193;
upAsy(norm)=0.45964;
sness(norm)=0.96364;
k_apop(norm)=0.51810;
tED50(norm)=0.01566;
cell_pop_norm0_Jack_MGMT_P(norm)=0.16138;
k_dis(norm)=0.58415;

%%%%%%%%%

TMZout0_Ka_XTMZ=34.6529524020;
MGMT_P0=2.3091755475;
k_MGMT=52.9902610997;
k_addO=0.0109429699;
k_addN=0.1565789343;
DSB_72h_fac=1.1274600586;
k_DSBO=0.0003483223;
k_DSBN=0.0000445990;
k_CyA=1.9777457390;
fVX=0.0014562621;
kf_ATR_MGMT_P=0.0000112530;
k_ATR=0.0211628180;
K_add=0.0000751063;
kd_pATR=0.0029238352;
k_Chk1=288.2284937511;
C_Chk1=0.7271011812;
pChk1_ref12_5_24h=0.0080625366;
pChk1_ref100_24h=0.0080709657;
pChk1_ref100_48h=0.0096354594;
kd_pChk1=0.0538382020;
k_cdc25=257.7952020234;
K_cdc25=1.4878918201;
kf_p53=0.0008267908;
k_p53=34.0419883050;
K_ATR=0.0004034563;
p53ser46_ref50_72h=0.0007107623;
kp_ser46=4.0049609871;
K_p53=0.8457069420;
upAsy=0.2494340360;
sness=0.0054423774;
k_apop=0.0600010999;
tED50=252.8215208553;
cell_pop_norm0_Jack_MGMT_P=74.1473558413;
k_dis=0.0162427499;

%%%%%%%%%

cost=124.4830716685;

%%%%%%%%%

