TMZout0_Ka_XTMZ(norm)=0.81146;
MGMT_P0(norm)=0.37304;
k_MGMT(norm)=0.71722;
k_addO(norm)=0.33748;
k_addN(norm)=0.32318;
DSB_72h_fac(norm)=0.66557;
k_DSBO(norm)=0.54977;
k_DSBN(norm)=0.73658;
k_CyA(norm)=0.31798;
fVX(norm)=0.46085;
kf_ATR_MGMT_P(norm)=0.56978;
k_ATR(norm)=0.88260;
K_add(norm)=0.10182;
kd_pATR(norm)=0.82234;
k_Chk1(norm)=1.00000;
C_Chk1(norm)=0.91017;
pChk1_ref12_5_24h(norm)=0.36142;
pChk1_ref100_24h(norm)=0.49571;
pChk1_ref100_48h(norm)=0.45039;
kd_pChk1(norm)=0.47837;
k_cdc25(norm)=0.35989;
K_cdc25(norm)=0.28065;
kf_p53(norm)=0.76250;
k_p53(norm)=0.85456;
K_ATR(norm)=0.62110;
p53ser46_ref50_72h(norm)=0.19894;
kp_ser46(norm)=0.15544;
K_p53(norm)=0.72969;
upAsy(norm)=0.34655;
sness(norm)=0.75493;
k_apop(norm)=0.36482;
tED50(norm)=0.60645;
cell_pop_norm0_Jack_MGMT_P(norm)=0.59871;
k_dis(norm)=0.57751;

%%%%%%%%%

TMZout0_Ka_XTMZ=37.3479604753;
MGMT_P0=1.6930037441;
k_MGMT=52.4642186244;
k_addO=0.0089764719;
k_addN=0.1213859267;
DSB_72h_fac=1.0975969603;
k_DSBO=0.0003039258;
k_DSBN=0.0000419637;
k_CyA=1.6265488022;
fVX=0.0012692665;
kf_ATR_MGMT_P=0.0000107170;
k_ATR=0.0267444281;
K_add=0.0000465578;
kd_pATR=0.0047412225;
k_Chk1=682.5647593832;
C_Chk1=0.9798881957;
pChk1_ref12_5_24h=0.0063035482;
pChk1_ref100_24h=0.0070793427;
pChk1_ref100_48h=0.0077022565;
kd_pChk1=0.0745785508;
k_cdc25=199.2721460714;
K_cdc25=1.0420321601;
kf_p53=0.0008030523;
k_p53=46.6719650565;
K_ATR=0.0004277054;
p53ser46_ref50_72h=0.0003927420;
kp_ser46=2.6715412628;
K_p53=0.5985278314;
upAsy=0.2058358371;
sness=0.0048075057;
k_apop=0.0529358204;
tED50=379.3444533402;
cell_pop_norm0_Jack_MGMT_P=86.6641588419;
k_dis=0.0161072254;

%%%%%%%%%

cost=2672.8449257616;

%%%%%%%%%

