TMZout0_Ka_XTMZ(norm)=0.89045;
MGMT_P0(norm)=0.36622;
k_MGMT(norm)=0.10808;
k_addO(norm)=0.51575;
k_addN(norm)=0.00010;
DSB_72h_fac(norm)=0.00010;
k_DSBO(norm)=0.35742;
k_DSBN(norm)=0.44820;
k_CyA(norm)=0.53051;
fVX(norm)=0.03864;
kf_ATR_MGMT_P(norm)=0.48626;
k_ATR(norm)=0.45327;
K_add(norm)=0.19524;
kd_pATR(norm)=0.43294;
k_Chk1(norm)=0.39485;
C_Chk1(norm)=0.31232;
pChk1_ref12_5_24h(norm)=0.63036;
pChk1_ref100_24h(norm)=0.95762;
pChk1_ref100_48h(norm)=1.00000;
kd_pChk1(norm)=0.60438;
k_cdc25(norm)=0.34659;
K_cdc25(norm)=0.11388;
kf_p53(norm)=0.43863;
k_p53(norm)=0.00010;
K_ATR(norm)=0.29027;
p53ser46_ref50_72h(norm)=1.00000;
kp_ser46(norm)=0.84304;
K_p53(norm)=0.69558;
upAsy(norm)=0.54956;
sness(norm)=0.81118;
k_apop(norm)=0.93474;
tED50(norm)=0.58197;
cell_pop_norm0_Jack_MGMT_P(norm)=0.07724;
k_dis(norm)=0.81175;

%%%%%%%%%

TMZout0_Ka_XTMZ=38.0313727328;
MGMT_P0=1.6165623665;
k_MGMT=33.9179506602;
k_addO=0.0097572020;
k_addN=0.0878397213;
DSB_72h_fac=0.6222027163;
k_DSBO=0.0003017914;
k_DSBN=0.0000315343;
k_CyA=2.6485463480;
fVX=0.0009150804;
kf_ATR_MGMT_P=0.0000100299;
k_ATR=0.0252100877;
K_add=0.0000650061;
kd_pATR=0.0017444345;
k_Chk1=271.2669933607;
C_Chk1=0.5990618259;
pChk1_ref12_5_24h=0.0091827978;
pChk1_ref100_24h=0.0121883846;
pChk1_ref100_48h=0.0152699534;
kd_pChk1=0.0619386941;
k_cdc25=173.1865713327;
K_cdc25=0.9169863504;
kf_p53=0.0004163089;
k_p53=18.6158871671;
K_ATR=0.0003788302;
p53ser46_ref50_72h=0.0005481160;
kp_ser46=3.8445904704;
K_p53=0.6415337200;
upAsy=0.2730064164;
sness=0.0065058110;
k_apop=0.0829798070;
tED50=412.4175063670;
cell_pop_norm0_Jack_MGMT_P=71.9552204090;
k_dis=0.0190307669;

%%%%%%%%%

cost=362.3614294923;

%%%%%%%%%

