TMZout0_Ka_XTMZ(norm)=0.19613;
MGMT_P0(norm)=0.98090;
k_MGMT(norm)=0.50363;
k_addO(norm)=0.56200;
k_addN(norm)=0.47882;
DSB_72h_fac(norm)=0.73018;
k_DSBO(norm)=0.67594;
k_DSBN(norm)=0.77653;
k_CyA(norm)=0.78254;
fVX(norm)=0.67555;
kf_ATR_MGMT_P(norm)=0.58466;
k_ATR(norm)=0.53709;
K_add(norm)=0.79453;
kd_pATR(norm)=0.11697;
k_Chk1(norm)=0.09780;
C_Chk1(norm)=0.55833;
pChk1_ref12_5_24h(norm)=0.38320;
pChk1_ref100_24h(norm)=0.38191;
pChk1_ref100_48h(norm)=0.50924;
kd_pChk1(norm)=0.40653;
k_cdc25(norm)=0.81480;
K_cdc25(norm)=0.63511;
kf_p53(norm)=0.78078;
k_p53(norm)=0.61716;
K_ATR(norm)=0.54391;
p53ser46_ref50_72h(norm)=0.84736;
kp_ser46(norm)=0.59365;
K_p53(norm)=0.83412;
upAsy(norm)=0.57644;
sness(norm)=0.58592;
k_apop(norm)=0.55188;
tED50(norm)=0.42696;
cell_pop_norm0_Jack_MGMT_P(norm)=0.15197;
k_dis(norm)=0.59263;

%%%%%%%%%

TMZout0_Ka_XTMZ=32.4277345377;
MGMT_P0=2.4741391726;
k_MGMT=39.0628344758;
k_addO=0.0107015119;
k_addN=0.1277551086;
DSB_72h_fac=1.1432110295;
k_DSBO=0.0003438895;
k_DSBN=0.0000487675;
k_CyA=2.4492409198;
fVX=0.0014832977;
kf_ATR_MGMT_P=0.0000108672;
k_ATR=0.0182595113;
K_add=0.0000866497;
kd_pATR=0.0021367741;
k_Chk1=288.1238171504;
C_Chk1=0.7284241101;
pChk1_ref12_5_24h=0.0059935806;
pChk1_ref100_24h=0.0059948784;
pChk1_ref100_48h=0.0078421593;
kd_pChk1=0.0674509168;
k_cdc25=359.4290541416;
K_cdc25=1.3973884515;
kf_p53=0.0007937619;
k_p53=30.8365385147;
K_ATR=0.0003326159;
p53ser46_ref50_72h=0.0006904718;
kp_ser46=4.2870132332;
K_p53=1.0208966855;
upAsy=0.2753799117;
sness=0.0039517958;
k_apop=0.0617430320;
tED50=358.2303179001;
cell_pop_norm0_Jack_MGMT_P=73.8990315150;
k_dis=0.0163598307;

%%%%%%%%%

cost=124.4907217943;

%%%%%%%%%

