TMZout0_Ka_XTMZ(norm)=0.50895;
MGMT_P0(norm)=0.86347;
k_MGMT(norm)=0.55518;
k_addO(norm)=0.56604;
k_addN(norm)=0.79734;
DSB_72h_fac(norm)=0.70603;
k_DSBO(norm)=0.74414;
k_DSBN(norm)=0.49055;
k_CyA(norm)=0.69544;
fVX(norm)=0.62570;
kf_ATR_MGMT_P(norm)=0.60445;
k_ATR(norm)=0.69455;
K_add(norm)=0.72751;
kd_pATR(norm)=0.43761;
k_Chk1(norm)=0.36011;
C_Chk1(norm)=0.59898;
pChk1_ref12_5_24h(norm)=0.58248;
pChk1_ref100_24h(norm)=0.58022;
pChk1_ref100_48h(norm)=0.66549;
kd_pChk1(norm)=0.43687;
k_cdc25(norm)=0.36179;
K_cdc25(norm)=0.53569;
kf_p53(norm)=0.81294;
k_p53(norm)=0.39668;
K_ATR(norm)=0.55834;
p53ser46_ref50_72h(norm)=0.81949;
kp_ser46(norm)=0.55151;
K_p53(norm)=0.66353;
upAsy(norm)=0.70637;
sness(norm)=0.71147;
k_apop(norm)=0.58861;
tED50(norm)=0.42821;
cell_pop_norm0_Jack_MGMT_P(norm)=0.14735;
k_dis(norm)=0.59788;

%%%%%%%%%

TMZout0_Ka_XTMZ=34.8421603855;
MGMT_P0=2.2965580189;
k_MGMT=45.7335234285;
k_addO=0.0108946260;
k_addN=0.1814045015;
DSB_72h_fac=1.1303945703;
k_DSBO=0.0003583383;
k_DSBN=0.0000340676;
k_CyA=2.2395709753;
fVX=0.0014595269;
kf_ATR_MGMT_P=0.0000110365;
k_ATR=0.0228053832;
K_add=0.0000791095;
kd_pATR=0.0034223022;
k_Chk1=396.8979102949;
C_Chk1=0.7527754551;
pChk1_ref12_5_24h=0.0076020369;
pChk1_ref100_24h=0.0076048100;
pChk1_ref100_48h=0.0092421149;
kd_pChk1=0.0720019954;
k_cdc25=199.5930754177;
K_cdc25=1.2933924703;
kf_p53=0.0008381129;
k_p53=31.6641406056;
K_ATR=0.0004055552;
p53ser46_ref50_72h=0.0006644413;
kp_ser46=3.7368526446;
K_p53=0.5658986546;
upAsy=0.2792059904;
sness=0.0046336930;
k_apop=0.0639881258;
tED50=326.1689116714;
cell_pop_norm0_Jack_MGMT_P=73.7772982920;
k_dis=0.0163877575;

%%%%%%%%%

cost=123.2688780861;

%%%%%%%%%

