TMZout0_Ka_XTMZ(norm)=0.49720;
MGMT_P0(norm)=0.28654;
k_MGMT(norm)=0.62117;
k_addO(norm)=0.42096;
k_addN(norm)=0.29176;
DSB_72h_fac(norm)=0.69452;
k_DSBO(norm)=1.00000;
k_DSBN(norm)=0.35662;
k_CyA(norm)=0.75028;
fVX(norm)=0.10607;
kf_ATR_MGMT_P(norm)=0.00010;
k_ATR(norm)=0.75703;
K_add(norm)=0.42948;
kd_pATR(norm)=0.80900;
k_Chk1(norm)=0.19845;
C_Chk1(norm)=0.02145;
pChk1_ref12_5_24h(norm)=0.56014;
pChk1_ref100_24h(norm)=0.36353;
pChk1_ref100_48h(norm)=0.80584;
kd_pChk1(norm)=0.39950;
k_cdc25(norm)=0.03101;
K_cdc25(norm)=0.24495;
kf_p53(norm)=0.39566;
k_p53(norm)=0.29083;
K_ATR(norm)=0.86401;
p53ser46_ref50_72h(norm)=0.42418;
kp_ser46(norm)=0.37553;
K_p53(norm)=0.47822;
upAsy(norm)=0.56321;
sness(norm)=0.16654;
k_apop(norm)=0.60787;
tED50(norm)=0.93698;
cell_pop_norm0_Jack_MGMT_P(norm)=0.00010;
k_dis(norm)=0.46512;

%%%%%%%%%

TMZout0_Ka_XTMZ=34.7482987308;
MGMT_P0=1.6043630416;
k_MGMT=48.3635694889;
k_addO=0.0096343815;
k_addN=0.1181969511;
DSB_72h_fac=1.1209627724;
k_DSBO=0.0004450842;
k_DSBN=0.0000304129;
k_CyA=2.3460832905;
fVX=0.0009397258;
kf_ATR_MGMT_P=0.0000066137;
k_ATR=0.0240451303;
K_add=0.0000614559;
kd_pATR=0.0046879434;
k_Chk1=346.0926508914;
C_Chk1=0.4614723687;
pChk1_ref12_5_24h=0.0074594549;
pChk1_ref100_24h=0.0063292727;
pChk1_ref100_48h=0.0104091663;
kd_pChk1=0.0697578515;
k_cdc25=150.8081725426;
K_cdc25=1.0109816671;
kf_p53=0.0005885100;
k_p53=28.9480520020;
K_ATR=0.0005254483;
p53ser46_ref50_72h=0.0004753269;
kp_ser46=3.2192025444;
K_p53=0.4836694446;
upAsy=0.2473121488;
sness=0.0029201617;
k_apop=0.0650410807;
tED50=501.9504549217;
cell_pop_norm0_Jack_MGMT_P=70.0024967691;
k_dis=0.0146441291;

%%%%%%%%%

cost=100000.0000000000;

%%%%%%%%%

