TMZout0_Ka_XTMZ(norm)=0.14399;
MGMT_P0(norm)=0.97327;
k_MGMT(norm)=0.39056;
k_addO(norm)=0.64057;
k_addN(norm)=0.81863;
DSB_72h_fac(norm)=0.64588;
k_DSBO(norm)=0.64490;
k_DSBN(norm)=0.64044;
k_CyA(norm)=0.68314;
fVX(norm)=0.83115;
kf_ATR_MGMT_P(norm)=0.54602;
k_ATR(norm)=0.37129;
K_add(norm)=0.57966;
kd_pATR(norm)=0.61700;
k_Chk1(norm)=0.81322;
C_Chk1(norm)=0.56090;
pChk1_ref12_5_24h(norm)=0.56200;
pChk1_ref100_24h(norm)=0.56108;
pChk1_ref100_48h(norm)=0.62607;
kd_pChk1(norm)=0.57190;
k_cdc25(norm)=0.05998;
K_cdc25(norm)=0.61836;
kf_p53(norm)=0.45404;
k_p53(norm)=0.66567;
K_ATR(norm)=0.48842;
p53ser46_ref50_72h(norm)=0.38040;
kp_ser46(norm)=0.67490;
K_p53(norm)=0.38710;
upAsy(norm)=0.58457;
sness(norm)=0.13383;
k_apop(norm)=0.93159;
tED50(norm)=0.98547;
cell_pop_norm0_Jack_MGMT_P(norm)=0.15835;
k_dis(norm)=0.66862;

%%%%%%%%%

TMZout0_Ka_XTMZ=32.0419111589;
MGMT_P0=2.4626933280;
k_MGMT=34.4170090906;
k_addO=0.0108806556;
k_addN=0.1500734284;
DSB_72h_fac=1.0713939672;
k_DSBO=0.0003404465;
k_DSBN=0.0000414999;
k_CyA=2.6619716761;
fVX=0.0017519230;
kf_ATR_MGMT_P=0.0000105155;
k_ATR=0.0219999434;
K_add=0.0000808162;
kd_pATR=0.0027962000;
k_Chk1=407.0090319102;
C_Chk1=0.7363936385;
pChk1_ref12_5_24h=0.0083547366;
pChk1_ref100_24h=0.0083669080;
pChk1_ref100_48h=0.0109121501;
kd_pChk1=0.0623704058;
k_cdc25=148.1429309996;
K_cdc25=1.4312682849;
kf_p53=0.0005157739;
k_p53=34.9950016457;
K_ATR=0.0004258847;
p53ser46_ref50_72h=0.0004034728;
kp_ser46=3.5727503362;
K_p53=0.5454106599;
upAsy=0.1965814829;
sness=0.0025648415;
k_apop=0.0779251183;
tED50=532.3107050223;
cell_pop_norm0_Jack_MGMT_P=74.0674543161;
k_dis=0.0173191700;

%%%%%%%%%

cost=124.0437768847;

%%%%%%%%%

