TMZout0_Ka_XTMZ(norm)=0.58714;
MGMT_P0(norm)=0.92902;
k_MGMT(norm)=0.57062;
k_addO(norm)=0.57143;
k_addN(norm)=0.83702;
DSB_72h_fac(norm)=0.64280;
k_DSBO(norm)=0.73490;
k_DSBN(norm)=0.28683;
k_CyA(norm)=0.57383;
fVX(norm)=0.69915;
kf_ATR_MGMT_P(norm)=0.62323;
k_ATR(norm)=0.42108;
K_add(norm)=0.63661;
kd_pATR(norm)=0.19952;
k_Chk1(norm)=0.56142;
C_Chk1(norm)=0.60751;
pChk1_ref12_5_24h(norm)=0.37850;
pChk1_ref100_24h(norm)=0.37769;
pChk1_ref100_48h(norm)=0.30557;
kd_pChk1(norm)=0.86093;
k_cdc25(norm)=0.02729;
K_cdc25(norm)=0.81013;
kf_p53(norm)=0.86645;
k_p53(norm)=0.84500;
K_ATR(norm)=0.59344;
p53ser46_ref50_72h(norm)=0.94006;
kp_ser46(norm)=0.67370;
K_p53(norm)=0.23993;
upAsy(norm)=0.39519;
sness(norm)=0.58678;
k_apop(norm)=0.39781;
tED50(norm)=0.22204;
cell_pop_norm0_Jack_MGMT_P(norm)=0.16715;
k_dis(norm)=0.58112;

%%%%%%%%%

TMZout0_Ka_XTMZ=35.4732949650;
MGMT_P0=2.4052365862;
k_MGMT=41.3442078765;
k_addO=0.0107873547;
k_addN=0.1730564643;
DSB_72h_fac=1.0705992565;
k_DSBO=0.0003615069;
k_DSBN=0.0000322059;
k_CyA=2.0522667000;
fVX=0.0015132498;
kf_ATR_MGMT_P=0.0000112283;
k_ATR=0.0165500494;
K_add=0.0000757981;
kd_pATR=0.0022915709;
k_Chk1=426.7557154574;
C_Chk1=0.7594192597;
pChk1_ref12_5_24h=0.0059697791;
pChk1_ref100_24h=0.0059734817;
pChk1_ref100_48h=0.0065991943;
kd_pChk1=0.0991274841;
k_cdc25=184.4278886714;
K_cdc25=1.6207724142;
kf_p53=0.0008535223;
k_p53=37.4031253159;
K_ATR=0.0003468711;
p53ser46_ref50_72h=0.0007468922;
kp_ser46=4.5878867095;
K_p53=0.6170669093;
upAsy=0.2361767509;
sness=0.0039546822;
k_apop=0.0541871954;
tED50=301.1320157325;
cell_pop_norm0_Jack_MGMT_P=74.3001343483;
k_dis=0.0162010764;

%%%%%%%%%

cost=124.3974002139;

%%%%%%%%%

