TMZout0_Ka_XTMZ(norm)=0.69549;
MGMT_P0(norm)=0.11440;
k_MGMT(norm)=0.38440;
k_addO(norm)=0.46131;
k_addN(norm)=0.70228;
DSB_72h_fac(norm)=0.36804;
k_DSBO(norm)=0.36859;
k_DSBN(norm)=0.28534;
k_CyA(norm)=0.52021;
fVX(norm)=0.80860;
kf_ATR_MGMT_P(norm)=0.63514;
k_ATR(norm)=0.65501;
K_add(norm)=0.41492;
kd_pATR(norm)=0.53414;
k_Chk1(norm)=0.74605;
C_Chk1(norm)=0.37718;
pChk1_ref12_5_24h(norm)=0.13626;
pChk1_ref100_24h(norm)=0.42431;
pChk1_ref100_48h(norm)=0.57518;
kd_pChk1(norm)=0.00010;
k_cdc25(norm)=0.62202;
K_cdc25(norm)=0.34614;
kf_p53(norm)=0.14629;
k_p53(norm)=0.71559;
K_ATR(norm)=0.32759;
p53ser46_ref50_72h(norm)=0.58867;
kp_ser46(norm)=0.64374;
K_p53(norm)=0.20255;
upAsy(norm)=0.27712;
sness(norm)=0.81468;
k_apop(norm)=0.48383;
tED50(norm)=0.47367;
cell_pop_norm0_Jack_MGMT_P(norm)=0.55895;
k_dis(norm)=0.40476;

%%%%%%%%%

TMZout0_Ka_XTMZ=36.3666964956;
MGMT_P0=1.4662240795;
k_MGMT=33.1032881382;
k_addO=0.0091662863;
k_addN=0.1265014253;
DSB_72h_fac=0.8662377077;
k_DSBO=0.0002697040;
k_DSBN=0.0000317383;
k_CyA=2.2172797353;
fVX=0.0015358551;
kf_ATR_MGMT_P=0.0000111590;
k_ATR=0.0261216222;
K_add=0.0000647505;
kd_pATR=0.0032389720;
k_Chk1=462.8494553798;
C_Chk1=0.6363326497;
pChk1_ref12_5_24h=0.0053022017;
pChk1_ref100_24h=0.0067789984;
pChk1_ref100_48h=0.0089805929;
kd_pChk1=0.0463761475;
k_cdc25=262.7129622714;
K_cdc25=1.0767957502;
kf_p53=0.0004073030;
k_p53=41.1149358517;
K_ATR=0.0003786487;
p53ser46_ref50_72h=0.0004702700;
kp_ser46=3.5378663941;
K_p53=0.4456312425;
upAsy=0.1917762652;
sness=0.0046280302;
k_apop=0.0606052370;
tED50=397.2528089436;
cell_pop_norm0_Jack_MGMT_P=85.4438199125;
k_dis=0.0140164401;

%%%%%%%%%

cost=374.7744567092;

%%%%%%%%%

