TMZout0_Ka_XTMZ(norm)=0.59176;
MGMT_P0(norm)=0.78037;
k_MGMT(norm)=0.28378;
k_addO(norm)=0.38789;
k_addN(norm)=0.49938;
DSB_72h_fac(norm)=0.47392;
k_DSBO(norm)=0.88704;
k_DSBN(norm)=0.35107;
k_CyA(norm)=0.58093;
fVX(norm)=0.38665;
kf_ATR_MGMT_P(norm)=0.98083;
k_ATR(norm)=0.70081;
K_add(norm)=0.33710;
kd_pATR(norm)=0.41926;
k_Chk1(norm)=0.64364;
C_Chk1(norm)=0.16268;
pChk1_ref12_5_24h(norm)=0.51871;
pChk1_ref100_24h(norm)=0.63117;
pChk1_ref100_48h(norm)=0.54072;
kd_pChk1(norm)=0.80437;
k_cdc25(norm)=0.91450;
K_cdc25(norm)=0.23377;
kf_p53(norm)=0.34097;
k_p53(norm)=0.42021;
K_ATR(norm)=0.63855;
p53ser46_ref50_72h(norm)=0.82414;
kp_ser46(norm)=0.70559;
K_p53(norm)=0.16253;
upAsy(norm)=0.34590;
sness(norm)=0.30043;
k_apop(norm)=0.53189;
tED50(norm)=0.20611;
cell_pop_norm0_Jack_MGMT_P(norm)=0.50078;
k_dis(norm)=0.66685;

%%%%%%%%%

TMZout0_Ka_XTMZ=35.5109496803;
MGMT_P0=2.1809172656;
k_MGMT=36.3386234778;
k_addO=0.0093681826;
k_addN=0.1409296565;
DSB_72h_fac=0.9547299505;
k_DSBO=0.0004044615;
k_DSBN=0.0000302702;
k_CyA=2.0324928314;
fVX=0.0011919205;
kf_ATR_MGMT_P=0.0000151821;
k_ATR=0.0229265758;
K_add=0.0000568287;
kd_pATR=0.0033695116;
k_Chk1=504.6754341750;
C_Chk1=0.5201364688;
pChk1_ref12_5_24h=0.0072021585;
pChk1_ref100_24h=0.0079403179;
pChk1_ref100_48h=0.0083149339;
kd_pChk1=0.0983053439;
k_cdc25=318.8083380714;
K_cdc25=1.0014486693;
kf_p53=0.0005618606;
k_p53=32.3018258898;
K_ATR=0.0004340757;
p53ser46_ref50_72h=0.0006670659;
kp_ser46=4.2579697063;
K_p53=0.3701545175;
upAsy=0.2057220764;
sness=0.0032709636;
k_apop=0.0609856592;
tED50=270.2182476997;
cell_pop_norm0_Jack_MGMT_P=83.6892727570;
k_dis=0.0173739639;

%%%%%%%%%

cost=225.0046974217;

%%%%%%%%%

