TMZout0_Ka_XTMZ(norm)=0.52587;
MGMT_P0(norm)=0.54719;
k_MGMT(norm)=0.36718;
k_addO(norm)=0.47712;
k_addN(norm)=0.21856;
DSB_72h_fac(norm)=0.67866;
k_DSBO(norm)=0.16922;
k_DSBN(norm)=0.78342;
k_CyA(norm)=0.13545;
fVX(norm)=0.10828;
kf_ATR_MGMT_P(norm)=0.54297;
k_ATR(norm)=0.65144;
K_add(norm)=0.47608;
kd_pATR(norm)=1.00000;
k_Chk1(norm)=0.04691;
C_Chk1(norm)=0.44700;
pChk1_ref12_5_24h(norm)=0.00010;
pChk1_ref100_24h(norm)=0.48241;
pChk1_ref100_48h(norm)=0.61682;
kd_pChk1(norm)=0.63229;
k_cdc25(norm)=1.00000;
K_cdc25(norm)=0.71919;
kf_p53(norm)=0.71250;
k_p53(norm)=0.56331;
K_ATR(norm)=0.41530;
p53ser46_ref50_72h(norm)=0.12590;
kp_ser46(norm)=0.53308;
K_p53(norm)=0.20891;
upAsy(norm)=0.22181;
sness(norm)=0.39119;
k_apop(norm)=1.00000;
tED50(norm)=1.00000;
cell_pop_norm0_Jack_MGMT_P(norm)=1.00000;
k_dis(norm)=0.87983;

%%%%%%%%%

TMZout0_Ka_XTMZ=34.9778295859;
MGMT_P0=1.8865923999;
k_MGMT=38.9993487252;
k_addO=0.0101038869;
k_addN=0.1110887370;
DSB_72h_fac=1.1081043828;
k_DSBO=0.0002201589;
k_DSBN=0.0000436625;
k_CyA=1.3934844972;
fVX=0.0009414824;
kf_ATR_MGMT_P=0.0000104763;
k_ATR=0.0219874312;
K_add=0.0000639307;
kd_pATR=0.0055114322;
k_Chk1=304.3885763625;
C_Chk1=0.6618170147;
pChk1_ref12_5_24h=0.0046411643;
pChk1_ref100_24h=0.0069999910;
pChk1_ref100_48h=0.0088687553;
kd_pChk1=0.0849677252;
k_cdc25=342.7608330462;
K_cdc25=1.5109577266;
kf_p53=0.0007697411;
k_p53=36.4655218259;
K_ATR=0.0003592637;
p53ser46_ref50_72h=0.0003691758;
kp_ser46=3.6789572746;
K_p53=0.3849877915;
upAsy=0.1851903879;
sness=0.0035324332;
k_apop=0.0906739715;
tED50=529.4799787438;
cell_pop_norm0_Jack_MGMT_P=100.0000000000;
k_dis=0.0208097882;

%%%%%%%%%

cost=1400.7001827221;

%%%%%%%%%

