TMZout0_Ka_XTMZ(norm)=0.21474;
MGMT_P0(norm)=0.86728;
k_MGMT(norm)=0.31011;
k_addO(norm)=1.00000;
k_addN(norm)=0.65211;
DSB_72h_fac(norm)=0.43821;
k_DSBO(norm)=0.00010;
k_DSBN(norm)=0.30613;
k_CyA(norm)=0.24553;
fVX(norm)=0.88292;
kf_ATR_MGMT_P(norm)=0.80118;
k_ATR(norm)=1.00000;
K_add(norm)=0.71937;
kd_pATR(norm)=0.42690;
k_Chk1(norm)=0.43752;
C_Chk1(norm)=0.76253;
pChk1_ref12_5_24h(norm)=0.56220;
pChk1_ref100_24h(norm)=0.59852;
pChk1_ref100_48h(norm)=0.71757;
kd_pChk1(norm)=0.75024;
k_cdc25(norm)=0.73122;
K_cdc25(norm)=0.27537;
kf_p53(norm)=0.41318;
k_p53(norm)=0.59950;
K_ATR(norm)=0.42012;
p53ser46_ref50_72h(norm)=0.38141;
kp_ser46(norm)=0.48223;
K_p53(norm)=0.73424;
upAsy(norm)=0.57280;
sness(norm)=0.67690;
k_apop(norm)=0.22347;
tED50(norm)=0.27097;
cell_pop_norm0_Jack_MGMT_P(norm)=0.33379;
k_dis(norm)=0.39695;

%%%%%%%%%

TMZout0_Ka_XTMZ=32.5665980007;
MGMT_P0=2.3020021869;
k_MGMT=37.1582467730;
k_addO=0.0157361294;
k_addN=0.1604007372;
DSB_72h_fac=0.9302397861;
k_DSBO=0.0001907665;
k_DSBN=0.0000291392;
k_CyA=1.5297039481;
fVX=0.0018149508;
kf_ATR_MGMT_P=0.0000130384;
k_ATR=0.0295416857;
K_add=0.0000785659;
kd_pATR=0.0033913931;
k_Chk1=423.8043016483;
C_Chk1=0.8646639324;
pChk1_ref12_5_24h=0.0074725442;
pChk1_ref100_24h=0.0077236988;
pChk1_ref100_48h=0.0096590186;
kd_pChk1=0.0938978255;
k_cdc25=272.9523141348;
K_cdc25=1.0373776928;
kf_p53=0.0005973144;
k_p53=37.6009979026;
K_ATR=0.0003607350;
p53ser46_ref50_72h=0.0004584085;
kp_ser46=3.5238110889;
K_p53=0.6008363381;
upAsy=0.2493307015;
sness=0.0044999448;
k_apop=0.0469609985;
tED50=285.4841179220;
cell_pop_norm0_Jack_MGMT_P=78.8501213439;
k_dis=0.0138223050;

%%%%%%%%%

cost=281.1193638265;

%%%%%%%%%

