TMZout0_Ka_XTMZ(norm)=0.34201;
MGMT_P0(norm)=0.70106;
k_MGMT(norm)=0.60622;
k_addO(norm)=0.51941;
k_addN(norm)=0.16070;
DSB_72h_fac(norm)=0.10091;
k_DSBO(norm)=0.81447;
k_DSBN(norm)=0.65409;
k_CyA(norm)=0.54083;
fVX(norm)=0.00010;
kf_ATR_MGMT_P(norm)=0.65740;
k_ATR(norm)=0.67979;
K_add(norm)=0.61358;
kd_pATR(norm)=0.38114;
k_Chk1(norm)=0.52593;
C_Chk1(norm)=0.47082;
pChk1_ref12_5_24h(norm)=0.02087;
pChk1_ref100_24h(norm)=0.06390;
pChk1_ref100_48h(norm)=0.19238;
kd_pChk1(norm)=0.50271;
k_cdc25(norm)=0.15604;
K_cdc25(norm)=0.63274;
kf_p53(norm)=0.60831;
k_p53(norm)=0.15292;
K_ATR(norm)=0.42419;
p53ser46_ref50_72h(norm)=0.15492;
kp_ser46(norm)=0.33536;
K_p53(norm)=0.66668;
upAsy(norm)=0.17924;
sness(norm)=0.62109;
k_apop(norm)=0.71922;
tED50(norm)=0.49230;
cell_pop_norm0_Jack_MGMT_P(norm)=0.10201;
k_dis(norm)=0.30577;

%%%%%%%%%

TMZout0_Ka_XTMZ=33.5321110074;
MGMT_P0=2.1245438849;
k_MGMT=42.6105094443;
k_addO=0.0103222208;
k_addN=0.0975701650;
DSB_72h_fac=0.7126775179;
k_DSBO=0.0003867211;
k_DSBN=0.0000439621;
k_CyA=1.9956726708;
fVX=0.0008369071;
kf_ATR_MGMT_P=0.0000115581;
k_ATR=0.0206061495;
K_add=0.0000743332;
kd_pATR=0.0026727999;
k_Chk1=414.1132866599;
C_Chk1=0.6763677995;
pChk1_ref12_5_24h=0.0044091695;
pChk1_ref100_24h=0.0045788876;
pChk1_ref100_48h=0.0059957013;
kd_pChk1=0.0731778941;
k_cdc25=205.6856797609;
K_cdc25=1.3945809266;
kf_p53=0.0006858417;
k_p53=20.8083509338;
K_ATR=0.0003005308;
p53ser46_ref50_72h=0.0003840107;
kp_ser46=3.4443780139;
K_p53=0.8858624475;
upAsy=0.1966859463;
sness=0.0040713368;
k_apop=0.0711488619;
tED50=378.6232170818;
cell_pop_norm0_Jack_MGMT_P=72.5938195043;
k_dis=0.0128298037;

%%%%%%%%%

cost=227.9418076581;

%%%%%%%%%

