TMZout0_Ka_XTMZ(norm)=0.82336;
MGMT_P0(norm)=0.77618;
k_MGMT(norm)=0.00010;
k_addO(norm)=0.93132;
k_addN(norm)=0.46918;
DSB_72h_fac(norm)=0.83706;
k_DSBO(norm)=1.00000;
k_DSBN(norm)=1.00000;
k_CyA(norm)=0.00010;
fVX(norm)=0.81514;
kf_ATR_MGMT_P(norm)=0.49163;
k_ATR(norm)=0.89512;
K_add(norm)=0.70399;
kd_pATR(norm)=0.78132;
k_Chk1(norm)=0.56102;
C_Chk1(norm)=0.64914;
pChk1_ref12_5_24h(norm)=0.00010;
pChk1_ref100_24h(norm)=0.57069;
pChk1_ref100_48h(norm)=0.44228;
kd_pChk1(norm)=1.00000;
k_cdc25(norm)=0.30108;
K_cdc25(norm)=0.82788;
kf_p53(norm)=0.56640;
k_p53(norm)=1.00000;
K_ATR(norm)=0.00010;
p53ser46_ref50_72h(norm)=0.82352;
kp_ser46(norm)=0.43852;
K_p53(norm)=0.93423;
upAsy(norm)=1.00000;
sness(norm)=0.76980;
k_apop(norm)=0.52710;
tED50(norm)=0.64475;
cell_pop_norm0_Jack_MGMT_P(norm)=0.00010;
k_dis(norm)=0.37298;

%%%%%%%%%

TMZout0_Ka_XTMZ=37.4500929304;
MGMT_P0=2.1752436428;
k_MGMT=28.5745592480;
k_addO=0.0148465277;
k_addN=0.1373693604;
DSB_72h_fac=1.2434719614;
k_DSBO=0.0004450842;
k_DSBN=0.0000524573;
k_CyA=1.2424989020;
fVX=0.0017136421;
kf_ATR_MGMT_P=0.0000100304;
k_ATR=0.0270297840;
K_add=0.0000775486;
kd_pATR=0.0045792606;
k_Chk1=470.5531062736;
C_Chk1=0.7854547525;
pChk1_ref12_5_24h=0.0046411643;
pChk1_ref100_24h=0.0075436591;
pChk1_ref100_48h=0.0076495298;
kd_pChk1=0.1160280820;
k_cdc25=189.5854909228;
K_cdc25=1.6567155082;
kf_p53=0.0006801172;
k_p53=52.7929398346;
K_ATR=0.0002527144;
p53ser46_ref50_72h=0.0006667166;
kp_ser46=3.3956952066;
K_p53=0.7117880938;
upAsy=0.3580746716;
sness=0.0048684851;
k_apop=0.0607386010;
tED50=391.8547443814;
cell_pop_norm0_Jack_MGMT_P=70.0024967691;
k_dis=0.0135444239;

%%%%%%%%%

cost=1752.0593404633;

%%%%%%%%%

