TMZout0_Ka_XTMZ(norm)=0.63480;
MGMT_P0(norm)=0.35469;
k_MGMT(norm)=0.10958;
k_addO(norm)=0.48912;
k_addN(norm)=0.50665;
DSB_72h_fac(norm)=0.31278;
k_DSBO(norm)=0.43843;
k_DSBN(norm)=0.27669;
k_CyA(norm)=0.34448;
fVX(norm)=0.48260;
kf_ATR_MGMT_P(norm)=0.90742;
k_ATR(norm)=0.16595;
K_add(norm)=0.17324;
kd_pATR(norm)=0.43611;
k_Chk1(norm)=0.23547;
C_Chk1(norm)=0.40318;
pChk1_ref12_5_24h(norm)=0.39679;
pChk1_ref100_24h(norm)=0.61367;
pChk1_ref100_48h(norm)=0.79182;
kd_pChk1(norm)=0.89682;
k_cdc25(norm)=0.57850;
K_cdc25(norm)=0.30753;
kf_p53(norm)=0.74156;
k_p53(norm)=0.44222;
K_ATR(norm)=0.31461;
p53ser46_ref50_72h(norm)=0.55104;
kp_ser46(norm)=1.00000;
K_p53(norm)=0.84716;
upAsy(norm)=0.55339;
sness(norm)=0.40359;
k_apop(norm)=0.18721;
tED50(norm)=0.82069;
cell_pop_norm0_Jack_MGMT_P(norm)=0.67954;
k_dis(norm)=0.46508;

%%%%%%%%%

TMZout0_Ka_XTMZ=35.8635462205;
MGMT_P0=1.6737939591;
k_MGMT=31.3521032606;
k_addO=0.0102071468;
k_addN=0.1418004048;
DSB_72h_fac=0.8490972252;
k_DSBO=0.0002765655;
k_DSBN=0.0000284213;
k_CyA=1.6634901305;
fVX=0.0012928703;
kf_ATR_MGMT_P=0.0000142665;
k_ATR=0.0145721815;
K_add=0.0000494618;
kd_pATR=0.0034179595;
k_Chk1=357.1199873630;
C_Chk1=0.6376998811;
pChk1_ref12_5_24h=0.0064953150;
pChk1_ref100_24h=0.0078234348;
pChk1_ref100_48h=0.0102862453;
kd_pChk1=0.1063149284;
k_cdc25=239.8228668158;
K_cdc25=1.0660335157;
kf_p53=0.0007889308;
k_p53=32.9098443496;
K_ATR=0.0003298850;
p53ser46_ref50_72h=0.0005292640;
kp_ser46=5.4643701630;
K_p53=0.6611636074;
upAsy=0.2452623085;
sness=0.0035697413;
k_apop=0.0455400542;
tED50=454.8477774139;
cell_pop_norm0_Jack_MGMT_P=89.1989093112;
k_dis=0.0146437221;

%%%%%%%%%

cost=256.5162177359;

%%%%%%%%%

