TMZout0_Ka_XTMZ(norm)=0.61253;
MGMT_P0(norm)=0.99178;
k_MGMT(norm)=0.43400;
k_addO(norm)=0.50995;
k_addN(norm)=0.24351;
DSB_72h_fac(norm)=0.80979;
k_DSBO(norm)=0.74079;
k_DSBN(norm)=0.92836;
k_CyA(norm)=0.36304;
fVX(norm)=0.68334;
kf_ATR_MGMT_P(norm)=0.60894;
k_ATR(norm)=0.76314;
K_add(norm)=0.62397;
kd_pATR(norm)=0.92175;
k_Chk1(norm)=0.46673;
C_Chk1(norm)=0.56746;
pChk1_ref12_5_24h(norm)=0.49492;
pChk1_ref100_24h(norm)=0.49936;
pChk1_ref100_48h(norm)=0.57605;
kd_pChk1(norm)=0.61951;
k_cdc25(norm)=0.37091;
K_cdc25(norm)=0.62639;
kf_p53(norm)=0.75447;
k_p53(norm)=0.50491;
K_ATR(norm)=0.61580;
p53ser46_ref50_72h(norm)=0.74994;
kp_ser46(norm)=0.53569;
K_p53(norm)=0.40037;
upAsy(norm)=0.37441;
sness(norm)=0.75882;
k_apop(norm)=0.53197;
tED50(norm)=0.20902;
cell_pop_norm0_Jack_MGMT_P(norm)=0.14260;
k_dis(norm)=0.58058;

%%%%%%%%%

TMZout0_Ka_XTMZ=35.6806308584;
MGMT_P0=2.4888431264;
k_MGMT=36.8250788610;
k_addO=0.0102398047;
k_addN=0.1046620801;
DSB_72h_fac=1.2136453809;
k_DSBO=0.0003633163;
k_DSBN=0.0000554630;
k_CyA=1.7165861867;
fVX=0.0014931171;
kf_ATR_MGMT_P=0.0000110932;
k_ATR=0.0221140554;
K_add=0.0000749905;
kd_pATR=0.0042256976;
k_Chk1=393.8537488118;
C_Chk1=0.7340842925;
pChk1_ref12_5_24h=0.0065886646;
pChk1_ref100_24h=0.0066221394;
pChk1_ref100_48h=0.0082989046;
kd_pChk1=0.0807903077;
k_cdc25=246.7572575729;
K_cdc25=1.3871078103;
kf_p53=0.0007762573;
k_p53=28.0389507211;
K_ATR=0.0003535068;
p53ser46_ref50_72h=0.0006357686;
kp_ser46=4.0815502007;
K_p53=0.7069224568;
upAsy=0.2320543699;
sness=0.0045752728;
k_apop=0.0607103000;
tED50=297.8279357076;
cell_pop_norm0_Jack_MGMT_P=73.6523424219;
k_dis=0.0161935834;

%%%%%%%%%

cost=123.6388681215;

%%%%%%%%%

