TMZout0_Ka_XTMZ(norm)=0.42359;
MGMT_P0(norm)=0.92214;
k_MGMT(norm)=0.68450;
k_addO(norm)=0.39279;
k_addN(norm)=0.50517;
DSB_72h_fac(norm)=0.70978;
k_DSBO(norm)=0.72103;
k_DSBN(norm)=0.67956;
k_CyA(norm)=0.22689;
fVX(norm)=0.56452;
kf_ATR_MGMT_P(norm)=1.00000;
k_ATR(norm)=0.22473;
K_add(norm)=0.70510;
kd_pATR(norm)=0.15207;
k_Chk1(norm)=0.49073;
C_Chk1(norm)=0.49569;
pChk1_ref12_5_24h(norm)=0.33251;
pChk1_ref100_24h(norm)=0.38175;
pChk1_ref100_48h(norm)=0.72392;
kd_pChk1(norm)=0.86216;
k_cdc25(norm)=0.99636;
K_cdc25(norm)=0.50379;
kf_p53(norm)=0.67568;
k_p53(norm)=0.66597;
K_ATR(norm)=0.36223;
p53ser46_ref50_72h(norm)=0.83530;
kp_ser46(norm)=0.62128;
K_p53(norm)=0.79572;
upAsy(norm)=0.51427;
sness(norm)=0.64321;
k_apop(norm)=0.87055;
tED50(norm)=0.15993;
cell_pop_norm0_Jack_MGMT_P(norm)=0.60600;
k_dis(norm)=0.72393;

%%%%%%%%%

TMZout0_Ka_XTMZ=34.1660555130;
MGMT_P0=2.3928823267;
k_MGMT=44.1503800250;
k_addO=0.0088201772;
k_addN=0.1150686211;
DSB_72h_fac=1.1243826367;
k_DSBO=0.0003631308;
k_DSBN=0.0000428983;
k_CyA=1.8084782770;
fVX=0.0013976660;
kf_ATR_MGMT_P=0.0000154484;
k_ATR=0.0194308524;
K_add=0.0000898788;
kd_pATR=0.0018857513;
k_Chk1=309.6944030309;
C_Chk1=0.6968050676;
pChk1_ref12_5_24h=0.0068784161;
pChk1_ref100_24h=0.0071874516;
pChk1_ref100_48h=0.0118554258;
kd_pChk1=0.0797601167;
k_cdc25=327.5275907081;
K_cdc25=1.2988559413;
kf_p53=0.0006223258;
k_p53=35.0037957952;
K_ATR=0.0003827001;
p53ser46_ref50_72h=0.0005932091;
kp_ser46=3.4140461763;
K_p53=0.7710592132;
upAsy=0.1852136906;
sness=0.0039491201;
k_apop=0.0739971843;
tED50=264.4741238955;
cell_pop_norm0_Jack_MGMT_P=86.8898574366;
k_dis=0.0181500850;

%%%%%%%%%

cost=212.9467123735;

%%%%%%%%%

