TMZout0_Ka_XTMZ(norm)=0.87239;
MGMT_P0(norm)=0.86229;
k_MGMT(norm)=0.18244;
k_addO(norm)=0.34262;
k_addN(norm)=0.15396;
DSB_72h_fac(norm)=0.37511;
k_DSBO(norm)=0.64768;
k_DSBN(norm)=0.85323;
k_CyA(norm)=0.09478;
fVX(norm)=0.56615;
kf_ATR_MGMT_P(norm)=0.78635;
k_ATR(norm)=0.26263;
K_add(norm)=0.31687;
kd_pATR(norm)=0.10222;
k_Chk1(norm)=0.77271;
C_Chk1(norm)=0.86783;
pChk1_ref12_5_24h(norm)=0.57436;
pChk1_ref100_24h(norm)=0.90988;
pChk1_ref100_48h(norm)=0.76938;
kd_pChk1(norm)=0.40028;
k_cdc25(norm)=0.59103;
K_cdc25(norm)=0.28363;
kf_p53(norm)=0.68159;
k_p53(norm)=0.57597;
K_ATR(norm)=0.35747;
p53ser46_ref50_72h(norm)=0.52970;
kp_ser46(norm)=0.87302;
K_p53(norm)=0.57720;
upAsy(norm)=0.69898;
sness(norm)=0.29110;
k_apop(norm)=0.47676;
tED50(norm)=0.63946;
cell_pop_norm0_Jack_MGMT_P(norm)=0.43630;
k_dis(norm)=0.39211;

%%%%%%%%%

TMZout0_Ka_XTMZ=37.8740267685;
MGMT_P0=2.2948641501;
k_MGMT=33.3486427079;
k_addO=0.0090156307;
k_addN=0.1051712318;
DSB_72h_fac=0.8884944830;
k_DSBO=0.0003302145;
k_DSBN=0.0000463232;
k_CyA=1.3462860243;
fVX=0.0013877170;
kf_ATR_MGMT_P=0.0000128755;
k_ATR=0.0158161647;
K_add=0.0000558631;
kd_pATR=0.0025757491;
k_Chk1=562.9974776595;
C_Chk1=0.9453531830;
pChk1_ref12_5_24h=0.0075498846;
pChk1_ref100_24h=0.0100553162;
pChk1_ref100_48h=0.0100924771;
kd_pChk1=0.0698039195;
k_cdc25=242.3806668639;
K_cdc25=1.0446698882;
kf_p53=0.0007498444;
k_p53=36.8590693073;
K_ATR=0.0003420841;
p53ser46_ref50_72h=0.0005197834;
kp_ser46=4.9069743984;
K_p53=0.5259833558;
upAsy=0.2774640557;
sness=0.0032452129;
k_apop=0.0582027522;
tED50=390.1029110291;
cell_pop_norm0_Jack_MGMT_P=81.7865503914;
k_dis=0.0137657388;

%%%%%%%%%

cost=238.7274405917;

%%%%%%%%%

