TMZout0_Ka_XTMZ(norm)=0.32778;
MGMT_P0(norm)=0.58461;
k_MGMT(norm)=0.73942;
k_addO(norm)=0.20580;
k_addN(norm)=0.32481;
DSB_72h_fac(norm)=0.39361;
k_DSBO(norm)=0.55128;
k_DSBN(norm)=0.48691;
k_CyA(norm)=0.68876;
fVX(norm)=0.81299;
kf_ATR_MGMT_P(norm)=0.89435;
k_ATR(norm)=0.94087;
K_add(norm)=0.87779;
kd_pATR(norm)=0.33694;
k_Chk1(norm)=0.30997;
C_Chk1(norm)=0.51260;
pChk1_ref12_5_24h(norm)=0.26457;
pChk1_ref100_24h(norm)=0.61717;
pChk1_ref100_48h(norm)=0.58592;
kd_pChk1(norm)=0.65482;
k_cdc25(norm)=0.48567;
K_cdc25(norm)=0.39659;
kf_p53(norm)=0.39453;
k_p53(norm)=0.65840;
K_ATR(norm)=1.00000;
p53ser46_ref50_72h(norm)=0.22463;
kp_ser46(norm)=0.93912;
K_p53(norm)=0.70101;
upAsy(norm)=0.66626;
sness(norm)=0.81138;
k_apop(norm)=0.36420;
tED50(norm)=0.77362;
cell_pop_norm0_Jack_MGMT_P(norm)=0.64779;
k_dis(norm)=0.20937;

%%%%%%%%%

TMZout0_Ka_XTMZ=33.4227272306;
MGMT_P0=1.9940436291;
k_MGMT=47.7012968997;
k_addO=0.0079135742;
k_addN=0.1121254156;
DSB_72h_fac=0.8878802300;
k_DSBO=0.0003094192;
k_DSBN=0.0000381555;
k_CyA=2.2621643290;
fVX=0.0016664908;
kf_ATR_MGMT_P=0.0000141280;
k_ATR=0.0257080577;
K_add=0.0000929832;
kd_pATR=0.0025745601;
k_Chk1=344.8675473554;
C_Chk1=0.7007418848;
pChk1_ref12_5_24h=0.0054204331;
pChk1_ref100_24h=0.0073172880;
pChk1_ref100_48h=0.0083685526;
kd_pChk1=0.0832435817;
k_cdc25=271.9584850595;
K_cdc25=1.1416836877;
kf_p53=0.0005722121;
k_p53=31.9333471626;
K_ATR=0.0004895233;
p53ser46_ref50_72h=0.0004073765;
kp_ser46=5.7448854568;
K_p53=0.9120153061;
upAsy=0.2971558551;
sness=0.0047836669;
k_apop=0.0526659084;
tED50=480.5344824385;
cell_pop_norm0_Jack_MGMT_P=88.1945351448;
k_dis=0.0118235392;

%%%%%%%%%

cost=270.5994381696;

%%%%%%%%%

