TMZout0_Ka_XTMZ(norm)=0.32651;
MGMT_P0(norm)=0.78114;
k_MGMT(norm)=0.69084;
k_addO(norm)=0.66982;
k_addN(norm)=0.88709;
DSB_72h_fac(norm)=0.59132;
k_DSBO(norm)=0.60302;
k_DSBN(norm)=0.60356;
k_CyA(norm)=0.52464;
fVX(norm)=0.82723;
kf_ATR_MGMT_P(norm)=0.59713;
k_ATR(norm)=0.43212;
K_add(norm)=0.58901;
kd_pATR(norm)=0.50688;
k_Chk1(norm)=0.26909;
C_Chk1(norm)=0.55414;
pChk1_ref12_5_24h(norm)=0.61652;
pChk1_ref100_24h(norm)=0.61373;
pChk1_ref100_48h(norm)=0.68680;
kd_pChk1(norm)=0.13302;
k_cdc25(norm)=0.14445;
K_cdc25(norm)=0.66953;
kf_p53(norm)=0.62160;
k_p53(norm)=0.63399;
K_ATR(norm)=0.48368;
p53ser46_ref50_72h(norm)=0.63441;
kp_ser46(norm)=0.71611;
K_p53(norm)=0.46196;
upAsy(norm)=0.40826;
sness(norm)=0.00119;
k_apop(norm)=0.50559;
tED50(norm)=0.99365;
cell_pop_norm0_Jack_MGMT_P(norm)=0.15480;
k_dis(norm)=0.63327;

%%%%%%%%%

TMZout0_Ka_XTMZ=33.4130376783;
MGMT_P0=2.1505740521;
k_MGMT=55.5739162887;
k_addO=0.0111177668;
k_addN=0.1862436267;
DSB_72h_fac=1.0050278796;
k_DSBO=0.0003716048;
k_DSBN=0.0000359710;
k_CyA=2.6354099157;
fVX=0.0017850228;
kf_ATR_MGMT_P=0.0000110178;
k_ATR=0.0247623368;
K_add=0.0000907510;
kd_pATR=0.0018572247;
k_Chk1=243.8491489624;
C_Chk1=0.7352874560;
pChk1_ref12_5_24h=0.0090757659;
pChk1_ref100_24h=0.0091075949;
pChk1_ref100_48h=0.0117108228;
kd_pChk1=0.0415442802;
k_cdc25=145.9252824824;
K_cdc25=1.4683439672;
kf_p53=0.0004861188;
k_p53=31.8523575753;
K_ATR=0.0004462896;
p53ser46_ref50_72h=0.0004021104;
kp_ser46=3.4525935199;
K_p53=0.5263228575;
upAsy=0.2422016583;
sness=0.0032752225;
k_apop=0.0576842474;
tED50=584.5545683990;
cell_pop_norm0_Jack_MGMT_P=73.9736961857;
k_dis=0.0163599028;

%%%%%%%%%

cost=125.9165341786;

%%%%%%%%%

