TMZout0_Ka_XTMZ(norm)=0.53908;
MGMT_P0(norm)=0.13402;
k_MGMT(norm)=0.41447;
k_addO(norm)=0.27596;
k_addN(norm)=0.55900;
DSB_72h_fac(norm)=0.62904;
k_DSBO(norm)=0.72170;
k_DSBN(norm)=0.63229;
k_CyA(norm)=0.35283;
fVX(norm)=0.20159;
kf_ATR_MGMT_P(norm)=0.75762;
k_ATR(norm)=0.45956;
K_add(norm)=0.58518;
kd_pATR(norm)=0.68105;
k_Chk1(norm)=0.45880;
C_Chk1(norm)=0.59059;
pChk1_ref12_5_24h(norm)=0.00665;
pChk1_ref100_24h(norm)=0.23678;
pChk1_ref100_48h(norm)=0.54122;
kd_pChk1(norm)=0.70645;
k_cdc25(norm)=0.64312;
K_cdc25(norm)=0.54871;
kf_p53(norm)=0.84639;
k_p53(norm)=0.68846;
K_ATR(norm)=0.53789;
p53ser46_ref50_72h(norm)=0.71783;
kp_ser46(norm)=0.81363;
K_p53(norm)=0.46624;
upAsy(norm)=0.58616;
sness(norm)=0.81177;
k_apop(norm)=0.24560;
tED50(norm)=0.44734;
cell_pop_norm0_Jack_MGMT_P(norm)=0.63621;
k_dis(norm)=0.52685;

%%%%%%%%%

TMZout0_Ka_XTMZ=35.0840179829;
MGMT_P0=1.5602922802;
k_MGMT=36.2207454285;
k_addO=0.0083982763;
k_addN=0.1367355269;
DSB_72h_fac=1.0595977753;
k_DSBO=0.0003574848;
k_DSBN=0.0000431572;
k_CyA=1.7018023610;
fVX=0.0009927052;
kf_ATR_MGMT_P=0.0000125824;
k_ATR=0.0170984728;
K_add=0.0000725656;
kd_pATR=0.0034460743;
k_Chk1=391.2162968219;
C_Chk1=0.7486121420;
pChk1_ref12_5_24h=0.0043563586;
pChk1_ref100_24h=0.0053011983;
pChk1_ref100_48h=0.0080575865;
kd_pChk1=0.0869666032;
k_cdc25=310.7701344522;
K_cdc25=1.2987420418;
kf_p53=0.0008391342;
k_p53=32.7568796902;
K_ATR=0.0003309227;
p53ser46_ref50_72h=0.0006187059;
kp_ser46=5.1653837925;
K_p53=0.7474992622;
upAsy=0.2776576539;
sness=0.0047852204;
k_apop=0.0476307668;
tED50=364.4707788025;
cell_pop_norm0_Jack_MGMT_P=87.8310902638;
k_dis=0.0154729369;

%%%%%%%%%

cost=174.7634198824;

%%%%%%%%%

