TMZout0_Ka_XTMZ(norm)=0.43021;
MGMT_P0(norm)=0.25364;
k_MGMT(norm)=0.50762;
k_addO(norm)=0.49535;
k_addN(norm)=0.42338;
DSB_72h_fac(norm)=0.38565;
k_DSBO(norm)=0.34247;
k_DSBN(norm)=0.59164;
k_CyA(norm)=0.60951;
fVX(norm)=0.35539;
kf_ATR_MGMT_P(norm)=0.87343;
k_ATR(norm)=0.11648;
K_add(norm)=0.12950;
kd_pATR(norm)=0.36938;
k_Chk1(norm)=0.53873;
C_Chk1(norm)=0.15422;
pChk1_ref12_5_24h(norm)=0.55189;
pChk1_ref100_24h(norm)=0.63139;
pChk1_ref100_48h(norm)=0.48200;
kd_pChk1(norm)=0.36215;
k_cdc25(norm)=0.00010;
K_cdc25(norm)=0.43512;
kf_p53(norm)=0.34812;
k_p53(norm)=0.61383;
K_ATR(norm)=0.23700;
p53ser46_ref50_72h(norm)=0.95485;
kp_ser46(norm)=0.78746;
K_p53(norm)=0.41488;
upAsy(norm)=0.63059;
sness(norm)=0.11994;
k_apop(norm)=0.58133;
tED50(norm)=1.00000;
cell_pop_norm0_Jack_MGMT_P(norm)=0.61847;
k_dis(norm)=0.58727;

%%%%%%%%%

TMZout0_Ka_XTMZ=34.2180196757;
MGMT_P0=1.6429857541;
k_MGMT=38.0055627299;
k_addO=0.0096209658;
k_addN=0.1073651353;
DSB_72h_fac=0.8801856093;
k_DSBO=0.0002634886;
k_DSBN=0.0000398189;
k_CyA=2.5009790185;
fVX=0.0011707046;
kf_ATR_MGMT_P=0.0000138775;
k_ATR=0.0177279919;
K_add=0.0000551890;
kd_pATR=0.0022669844;
k_Chk1=322.5514981928;
C_Chk1=0.5217484314;
pChk1_ref12_5_24h=0.0082834715;
pChk1_ref100_24h=0.0088804912;
pChk1_ref100_48h=0.0096582717;
kd_pChk1=0.0522151391;
k_cdc25=140.8140489158;
K_cdc25=1.2254445252;
kf_p53=0.0004715007;
k_p53=33.4911458049;
K_ATR=0.0003441731;
p53ser46_ref50_72h=0.0006564420;
kp_ser46=3.9302651131;
K_p53=0.5584016309;
upAsy=0.2043971012;
sness=0.0025348155;
k_apop=0.0579145385;
tED50=538.9024596346;
cell_pop_norm0_Jack_MGMT_P=87.2770305971;
k_dis=0.0161655901;

%%%%%%%%%

cost=239.4132806731;

%%%%%%%%%

