TMZout0_Ka_XTMZ(norm)=0.22478;
MGMT_P0(norm)=0.00010;
k_MGMT(norm)=1.00000;
k_addO(norm)=1.00000;
k_addN(norm)=0.51280;
DSB_72h_fac(norm)=0.58693;
k_DSBO(norm)=0.17225;
k_DSBN(norm)=0.65148;
k_CyA(norm)=0.37319;
fVX(norm)=0.61489;
kf_ATR_MGMT_P(norm)=0.58517;
k_ATR(norm)=0.88057;
K_add(norm)=0.76624;
kd_pATR(norm)=0.49528;
k_Chk1(norm)=0.70855;
C_Chk1(norm)=0.53936;
pChk1_ref12_5_24h(norm)=0.74165;
pChk1_ref100_24h(norm)=0.90921;
pChk1_ref100_48h(norm)=1.00000;
kd_pChk1(norm)=0.73272;
k_cdc25(norm)=0.53368;
K_cdc25(norm)=0.31941;
kf_p53(norm)=0.31016;
k_p53(norm)=0.22543;
K_ATR(norm)=0.00010;
p53ser46_ref50_72h(norm)=0.95073;
kp_ser46(norm)=0.44320;
K_p53(norm)=0.34149;
upAsy(norm)=0.72869;
sness(norm)=1.00000;
k_apop(norm)=0.77996;
tED50(norm)=0.38098;
cell_pop_norm0_Jack_MGMT_P(norm)=0.40188;
k_dis(norm)=0.39606;

%%%%%%%%%

TMZout0_Ka_XTMZ=32.6417054216;
MGMT_P0=1.3426454420;
k_MGMT=66.6683225466;
k_addO=0.0157361294;
k_addN=0.1425414583;
DSB_72h_fac=1.0365530615;
k_DSBO=0.0002207234;
k_DSBN=0.0000390445;
k_CyA=1.7044549903;
fVX=0.0014462223;
kf_ATR_MGMT_P=0.0000108577;
k_ATR=0.0266984703;
K_add=0.0000817486;
kd_pATR=0.0035936885;
k_Chk1=533.2078204460;
C_Chk1=0.7156929520;
pChk1_ref12_5_24h=0.0086995966;
pChk1_ref100_24h=0.0100496249;
pChk1_ref100_48h=0.0122705020;
kd_pChk1=0.0925142475;
k_cdc25=230.8848158697;
K_cdc25=1.0768191852;
kf_p53=0.0005473863;
k_p53=27.3873712569;
K_ATR=0.0002527144;
p53ser46_ref50_72h=0.0007425918;
kp_ser46=3.4091924264;
K_p53=0.4307612559;
upAsy=0.2845373106;
sness=0.0059169975;
k_apop=0.0752512576;
tED50=313.3757194151;
cell_pop_norm0_Jack_MGMT_P=80.7886287480;
k_dis=0.0138119293;

%%%%%%%%%

cost=350.1378544798;

%%%%%%%%%

