TMZout0_Ka_XTMZ(norm)=0.42846;
MGMT_P0(norm)=1.00000;
k_MGMT(norm)=0.23882;
k_addO(norm)=0.27062;
k_addN(norm)=0.95928;
DSB_72h_fac(norm)=0.76046;
k_DSBO(norm)=0.48306;
k_DSBN(norm)=0.75988;
k_CyA(norm)=0.42662;
fVX(norm)=0.59406;
kf_ATR_MGMT_P(norm)=1.00000;
k_ATR(norm)=1.00000;
K_add(norm)=0.10138;
kd_pATR(norm)=0.74638;
k_Chk1(norm)=0.00010;
C_Chk1(norm)=0.70233;
pChk1_ref12_5_24h(norm)=0.67623;
pChk1_ref100_24h(norm)=0.68449;
pChk1_ref100_48h(norm)=0.74917;
kd_pChk1(norm)=0.00010;
k_cdc25(norm)=0.30323;
K_cdc25(norm)=1.00000;
kf_p53(norm)=0.30644;
k_p53(norm)=0.41713;
K_ATR(norm)=0.84469;
p53ser46_ref50_72h(norm)=0.44438;
kp_ser46(norm)=0.73645;
K_p53(norm)=1.00000;
upAsy(norm)=0.26872;
sness(norm)=0.90349;
k_apop(norm)=0.39480;
tED50(norm)=0.00010;
cell_pop_norm0_Jack_MGMT_P(norm)=0.00010;
k_dis(norm)=0.00010;

%%%%%%%%%

TMZout0_Ka_XTMZ=34.2042678580;
MGMT_P0=2.5000000000;
k_MGMT=37.8911496220;
k_addO=0.0079272761;
k_addN=0.1979908433;
DSB_72h_fac=1.1528036805;
k_DSBO=0.0003356909;
k_DSBN=0.0000410653;
k_CyA=2.4253686341;
fVX=0.0014650138;
kf_ATR_MGMT_P=0.0000155004;
k_ATR=0.0400643967;
K_add=0.0000600366;
kd_pATR=0.0022750546;
k_Chk1=194.1499888622;
C_Chk1=0.8336584445;
pChk1_ref12_5_24h=0.0095467678;
pChk1_ref100_24h=0.0096702823;
pChk1_ref100_48h=0.0123463717;
kd_pChk1=0.0371193496;
k_cdc25=166.9391673066;
K_cdc25=1.9428204967;
kf_p53=0.0003721973;
k_p53=26.5057887936;
K_ATR=0.0006059836;
p53ser46_ref50_72h=0.0003423083;
kp_ser46=3.5126087962;
K_p53=0.8303069421;
upAsy=0.2151943264;
sness=0.0070350466;
k_apop=0.0525156606;
tED50=251.8969802099;
cell_pop_norm0_Jack_MGMT_P=70.0024967691;
k_dis=0.0095672837;

%%%%%%%%%

cost=1098.3958692549;

%%%%%%%%%

