TMZout0_Ka_XTMZ(norm)=0.81925;
MGMT_P0(norm)=0.86464;
k_MGMT(norm)=0.40230;
k_addO(norm)=0.47707;
k_addN(norm)=0.35572;
DSB_72h_fac(norm)=0.61571;
k_DSBO(norm)=0.66996;
k_DSBN(norm)=0.77158;
k_CyA(norm)=0.95322;
fVX(norm)=0.62126;
kf_ATR_MGMT_P(norm)=0.58406;
k_ATR(norm)=0.92451;
K_add(norm)=0.80244;
kd_pATR(norm)=0.21034;
k_Chk1(norm)=0.30453;
C_Chk1(norm)=0.62753;
pChk1_ref12_5_24h(norm)=0.41724;
pChk1_ref100_24h(norm)=0.43119;
pChk1_ref100_48h(norm)=0.50637;
kd_pChk1(norm)=0.71538;
k_cdc25(norm)=0.90805;
K_cdc25(norm)=0.47213;
kf_p53(norm)=0.58721;
k_p53(norm)=0.37551;
K_ATR(norm)=0.73530;
p53ser46_ref50_72h(norm)=0.58910;
kp_ser46(norm)=0.39512;
K_p53(norm)=0.40231;
upAsy(norm)=0.59306;
sness(norm)=0.67296;
k_apop(norm)=0.62531;
tED50(norm)=0.54040;
cell_pop_norm0_Jack_MGMT_P(norm)=0.16563;
k_dis(norm)=0.59848;

%%%%%%%%%

TMZout0_Ka_XTMZ=37.4147945599;
MGMT_P0=2.2982186762;
k_MGMT=40.1771690131;
k_addO=0.0101035039;
k_addN=0.1247783577;
DSB_72h_fac=1.0584898723;
k_DSBO=0.0003365079;
k_DSBN=0.0000432268;
k_CyA=2.7862657716;
fVX=0.0014540431;
kf_ATR_MGMT_P=0.0000108474;
k_ATR=0.0277113518;
K_add=0.0000842954;
kd_pATR=0.0028228600;
k_Chk1=378.6390646218;
C_Chk1=0.7712086536;
pChk1_ref12_5_24h=0.0066088550;
pChk1_ref100_24h=0.0067026939;
pChk1_ref100_48h=0.0080763999;
kd_pChk1=0.0911652229;
k_cdc25=317.0716498533;
K_cdc25=1.2255790397;
kf_p53=0.0006922164;
k_p53=31.1012831348;
K_ATR=0.0004711592;
p53ser46_ref50_72h=0.0005466098;
kp_ser46=3.2731021607;
K_p53=0.4535400559;
upAsy=0.2536476494;
sness=0.0044849724;
k_apop=0.0660094987;
tED50=358.6971693604;
cell_pop_norm0_Jack_MGMT_P=74.2599988976;
k_dis=0.0163960492;

%%%%%%%%%

cost=123.9392425729;

%%%%%%%%%

