TMZout0_Ka_XTMZ(norm)=0.65813;
MGMT_P0(norm)=0.98847;
k_MGMT(norm)=0.41942;
k_addO(norm)=0.49087;
k_addN(norm)=0.09090;
DSB_72h_fac(norm)=0.72666;
k_DSBO(norm)=0.76139;
k_DSBN(norm)=0.87984;
k_CyA(norm)=0.61452;
fVX(norm)=0.72339;
kf_ATR_MGMT_P(norm)=0.58626;
k_ATR(norm)=0.54038;
K_add(norm)=0.69183;
kd_pATR(norm)=0.48193;
k_Chk1(norm)=0.77440;
C_Chk1(norm)=0.64334;
pChk1_ref12_5_24h(norm)=0.45129;
pChk1_ref100_24h(norm)=0.47253;
pChk1_ref100_48h(norm)=0.47497;
kd_pChk1(norm)=0.86560;
k_cdc25(norm)=0.49557;
K_cdc25(norm)=0.66795;
kf_p53(norm)=0.62375;
k_p53(norm)=0.41691;
K_ATR(norm)=0.41829;
p53ser46_ref50_72h(norm)=0.64146;
kp_ser46(norm)=0.64626;
K_p53(norm)=0.13266;
upAsy(norm)=0.28126;
sness(norm)=0.39999;
k_apop(norm)=0.62805;
tED50(norm)=0.39863;
cell_pop_norm0_Jack_MGMT_P(norm)=0.15837;
k_dis(norm)=0.62091;

%%%%%%%%%

TMZout0_Ka_XTMZ=36.0561313183;
MGMT_P0=2.4843535410;
k_MGMT=36.3729095860;
k_addO=0.0100755853;
k_addN=0.0919667537;
DSB_72h_fac=1.1401960070;
k_DSBO=0.0003697116;
k_DSBN=0.0000532290;
k_CyA=2.1242508651;
fVX=0.0015446576;
kf_ATR_MGMT_P=0.0000108820;
k_ATR=0.0183104830;
K_add=0.0000794287;
kd_pATR=0.0029110895;
k_Chk1=511.1538804053;
C_Chk1=0.7828288856;
pChk1_ref12_5_24h=0.0063495472;
pChk1_ref100_24h=0.0064733112;
pChk1_ref100_48h=0.0076177339;
kd_pChk1=0.0995209599;
k_cdc25=274.2482517864;
K_cdc25=1.4368116903;
kf_p53=0.0006948733;
k_p53=26.0244314448;
K_ATR=0.0002990310;
p53ser46_ref50_72h=0.0005799363;
kp_ser46=4.4824435018;
K_p53=0.5634575098;
upAsy=0.2144444597;
sness=0.0033758036;
k_apop=0.0658595129;
tED50=349.7324531448;
cell_pop_norm0_Jack_MGMT_P=74.0679101748;
k_dis=0.0167565865;

%%%%%%%%%

cost=123.1097294651;

%%%%%%%%%

