TMZout0_Ka_XTMZ(norm)=0.52841;
MGMT_P0(norm)=0.94178;
k_MGMT(norm)=0.42827;
k_addO(norm)=0.54258;
k_addN(norm)=0.27256;
DSB_72h_fac(norm)=0.65130;
k_DSBO(norm)=0.65644;
k_DSBN(norm)=0.81362;
k_CyA(norm)=0.64306;
fVX(norm)=0.75817;
kf_ATR_MGMT_P(norm)=0.60265;
k_ATR(norm)=0.33364;
K_add(norm)=0.62517;
kd_pATR(norm)=0.42485;
k_Chk1(norm)=0.87318;
C_Chk1(norm)=0.61888;
pChk1_ref12_5_24h(norm)=0.58477;
pChk1_ref100_24h(norm)=0.58448;
pChk1_ref100_48h(norm)=0.54086;
kd_pChk1(norm)=0.69331;
k_cdc25(norm)=0.11019;
K_cdc25(norm)=0.63288;
kf_p53(norm)=0.54278;
k_p53(norm)=0.26770;
K_ATR(norm)=0.18609;
p53ser46_ref50_72h(norm)=0.56086;
kp_ser46(norm)=0.80872;
K_p53(norm)=0.50581;
upAsy(norm)=0.39580;
sness(norm)=0.42406;
k_apop(norm)=0.59359;
tED50(norm)=0.59142;
cell_pop_norm0_Jack_MGMT_P(norm)=0.16375;
k_dis(norm)=0.61374;

%%%%%%%%%

TMZout0_Ka_XTMZ=34.9982144349;
MGMT_P0=2.4111280965;
k_MGMT=41.0712405077;
k_addO=0.0106801903;
k_addN=0.1162891694;
DSB_72h_fac=1.0862647324;
k_DSBO=0.0003326758;
k_DSBN=0.0000447942;
k_CyA=2.1423491567;
fVX=0.0016329004;
kf_ATR_MGMT_P=0.0000110197;
k_ATR=0.0167969731;
K_add=0.0000725388;
kd_pATR=0.0033855038;
k_Chk1=613.0243994389;
C_Chk1=0.7655742525;
pChk1_ref12_5_24h=0.0076167777;
pChk1_ref100_24h=0.0076323032;
pChk1_ref100_48h=0.0083158989;
kd_pChk1=0.0894762992;
k_cdc25=161.2725136396;
K_cdc25=1.4044028147;
kf_p53=0.0006666422;
k_p53=28.3861371753;
K_ATR=0.0002958499;
p53ser46_ref50_72h=0.0005336866;
kp_ser46=4.6467995570;
K_p53=0.4951095529;
upAsy=0.2146064556;
sness=0.0036321796;
k_apop=0.0642588094;
tED50=374.5434990939;
cell_pop_norm0_Jack_MGMT_P=74.2101777395;
k_dis=0.0166094326;

%%%%%%%%%

cost=123.3964582390;

%%%%%%%%%

