function [MGMT_P0,k_MGMT,k_addO,k_addN,DSB_72h_fac,k_DSBO,k_DSBN,k_CyA,kf_ATR_MGMT_P,k_ATR,K_add,kd_pATR,k_Chk1,C_Chk1,kd_pChk1,k_cdc25,K_cdc25,...
kf_p53,k_p53,K_ATR,kp_ser46,K_p53,upAsy,sness,k_apop,tED50,cell_pop_norm0_Jack_MGMT_P...
] = def_params_toEstimate()

MGMT_P0=2.2376032847;
k_MGMT=47.6202303904;
k_addO=0.0112400924;
k_addN=0.1538482587;
DSB_72h_fac=1.1271047025;
k_DSBO=0.0003179173;
k_DSBN=0.0000374695;
k_CyA=2.0706560496;
kf_ATR_MGMT_P=0.0000110219;
k_ATR=0.0211012041;
K_add=0.0000711823;
kd_pATR=0.0039367373;
k_Chk1=487.5462567023;
C_Chk1=0.7552709574;
kd_pChk1=0.0828772014;
k_cdc25=244.8291664616;
K_cdc25=1.3691691921;
kf_p53=0.0007014704;
k_p53=37.7092427390;
K_ATR=0.0004211550;
kp_ser46=3.9031215450;
K_p53=0.5375556463;
upAsy=0.2557676226;
sness=0.0042264268;
k_apop=0.0647671225;
tED50=378.1999848170;
cell_pop_norm0_Jack_MGMT_P=74.0019919655;

end














