TMZout0_Ka_XTMZ(norm)=0.09024;
MGMT_P0(norm)=0.61024;
k_MGMT(norm)=0.24139;
k_addO(norm)=0.58552;
k_addN(norm)=0.49230;
DSB_72h_fac(norm)=0.44819;
k_DSBO(norm)=0.71764;
k_DSBN(norm)=0.50921;
k_CyA(norm)=0.53037;
fVX(norm)=0.00010;
kf_ATR_MGMT_P(norm)=0.89784;
k_ATR(norm)=0.64038;
K_add(norm)=0.62213;
kd_pATR(norm)=0.67515;
k_Chk1(norm)=0.55222;
C_Chk1(norm)=0.06090;
pChk1_ref12_5_24h(norm)=0.27467;
pChk1_ref100_24h(norm)=0.46167;
pChk1_ref100_48h(norm)=0.55732;
kd_pChk1(norm)=0.52870;
k_cdc25(norm)=0.63611;
K_cdc25(norm)=0.00010;
kf_p53(norm)=0.57005;
k_p53(norm)=0.14615;
K_ATR(norm)=0.29914;
p53ser46_ref50_72h(norm)=0.59186;
kp_ser46(norm)=0.22401;
K_p53(norm)=0.18549;
upAsy(norm)=0.10156;
sness(norm)=0.38567;
k_apop(norm)=0.84143;
tED50(norm)=0.23363;
cell_pop_norm0_Jack_MGMT_P(norm)=0.55113;
k_dis(norm)=0.55582;

%%%%%%%%%

TMZout0_Ka_XTMZ=31.6489319256;
MGMT_P0=1.9620165133;
k_MGMT=35.0564852507;
k_addO=0.0110758865;
k_addN=0.1400877336;
DSB_72h_fac=0.9370192316;
k_DSBO=0.0003503808;
k_DSBN=0.0000346103;
k_CyA=1.9472484041;
fVX=0.0008590255;
kf_ATR_MGMT_P=0.0000141511;
k_ATR=0.0217821948;
K_add=0.0000723525;
kd_pATR=0.0041853038;
k_Chk1=467.0590292787;
C_Chk1=0.4771596751;
pChk1_ref12_5_24h=0.0058568025;
pChk1_ref100_24h=0.0068780614;
pChk1_ref100_48h=0.0084326905;
kd_pChk1=0.0778280019;
k_cdc25=251.8178798842;
K_cdc25=0.8215711239;
kf_p53=0.0006822219;
k_p53=25.6081376207;
K_ATR=0.0003255878;
p53ser46_ref50_72h=0.0005478913;
kp_ser46=2.8313463074;
K_p53=0.3774251172;
upAsy=0.1672507437;
sness=0.0035159564;
k_apop=0.0792741481;
tED50=276.5940083756;
cell_pop_norm0_Jack_MGMT_P=85.2059281237;
k_dis=0.0158139446;

%%%%%%%%%

cost=212.5310319973;

%%%%%%%%%

