TMZout0_Ka_XTMZ(norm)=0.72607;
MGMT_P0(norm)=0.87906;
k_MGMT(norm)=0.59265;
k_addO(norm)=0.54351;
k_addN(norm)=0.71140;
DSB_72h_fac(norm)=0.67250;
k_DSBO(norm)=0.61920;
k_DSBN(norm)=0.60411;
k_CyA(norm)=0.67254;
fVX(norm)=0.70154;
kf_ATR_MGMT_P(norm)=0.59327;
k_ATR(norm)=0.76515;
K_add(norm)=0.63689;
kd_pATR(norm)=0.41756;
k_Chk1(norm)=0.09256;
C_Chk1(norm)=0.58830;
pChk1_ref12_5_24h(norm)=0.31200;
pChk1_ref100_24h(norm)=0.31146;
pChk1_ref100_48h(norm)=0.38319;
kd_pChk1(norm)=0.64913;
k_cdc25(norm)=0.70962;
K_cdc25(norm)=0.66440;
kf_p53(norm)=0.68295;
k_p53(norm)=0.52619;
K_ATR(norm)=0.65646;
p53ser46_ref50_72h(norm)=0.76659;
kp_ser46(norm)=0.50364;
K_p53(norm)=0.75774;
upAsy(norm)=0.49308;
sness(norm)=0.61149;
k_apop(norm)=0.57932;
tED50(norm)=0.38078;
cell_pop_norm0_Jack_MGMT_P(norm)=0.17234;
k_dis(norm)=0.59477;

%%%%%%%%%

TMZout0_Ka_XTMZ=36.6229158904;
MGMT_P0=2.3407106343;
k_MGMT=42.1232191448;
k_addO=0.0105351246;
k_addN=0.1555835320;
DSB_72h_fac=1.0947522465;
k_DSBO=0.0003277482;
k_DSBN=0.0000421392;
k_CyA=2.2312922536;
fVX=0.0015163232;
kf_ATR_MGMT_P=0.0000109469;
k_ATR=0.0221518024;
K_add=0.0000758161;
kd_pATR=0.0027565568;
k_Chk1=286.8465217988;
C_Chk1=0.7471616245;
pChk1_ref12_5_24h=0.0056427056;
pChk1_ref100_24h=0.0056474990;
pChk1_ref100_48h=0.0070477805;
kd_pChk1=0.0828433117;
k_cdc25=328.7831513279;
K_cdc25=1.4325064586;
kf_p53=0.0007306179;
k_p53=28.5490405539;
K_ATR=0.0003658983;
p53ser46_ref50_72h=0.0006447984;
kp_ser46=3.9722187250;
K_p53=0.9569214461;
upAsy=0.2566009917;
sness=0.0040383490;
k_apop=0.0631953596;
tED50=344.4853145510;
cell_pop_norm0_Jack_MGMT_P=74.4377625067;
k_dis=0.0163895759;

%%%%%%%%%

cost=124.5574663463;

%%%%%%%%%

