TMZout0_Ka_XTMZ(norm)=0.41978;
MGMT_P0(norm)=0.75097;
k_MGMT(norm)=0.94418;
k_addO(norm)=0.56592;
k_addN(norm)=0.29835;
DSB_72h_fac(norm)=0.69512;
k_DSBO(norm)=0.69704;
k_DSBN(norm)=0.92498;
k_CyA(norm)=0.40098;
fVX(norm)=0.94482;
kf_ATR_MGMT_P(norm)=0.63756;
k_ATR(norm)=0.67261;
K_add(norm)=0.65450;
kd_pATR(norm)=0.41592;
k_Chk1(norm)=0.35848;
C_Chk1(norm)=0.59663;
pChk1_ref12_5_24h(norm)=0.50161;
pChk1_ref100_24h(norm)=0.50709;
pChk1_ref100_48h(norm)=0.44228;
kd_pChk1(norm)=0.64236;
k_cdc25(norm)=0.76496;
K_cdc25(norm)=0.65790;
kf_p53(norm)=0.58631;
k_p53(norm)=0.56598;
K_ATR(norm)=0.63743;
p53ser46_ref50_72h(norm)=0.62653;
kp_ser46(norm)=0.57067;
K_p53(norm)=0.32196;
upAsy(norm)=0.15741;
sness(norm)=0.03883;
k_apop(norm)=0.36272;
tED50(norm)=0.73855;
cell_pop_norm0_Jack_MGMT_P(norm)=0.14101;
k_dis(norm)=0.59368;

%%%%%%%%%

TMZout0_Ka_XTMZ=34.1361519943;
MGMT_P0=2.1516720237;
k_MGMT=53.1934183893;
k_addO=0.0100158134;
k_addN=0.0898380066;
DSB_72h_fac=1.1105670110;
k_DSBO=0.0003562433;
k_DSBN=0.0000545700;
k_CyA=2.0042339351;
fVX=0.0017237589;
kf_ATR_MGMT_P=0.0000111819;
k_ATR=0.0265140320;
K_add=0.0000793231;
kd_pATR=0.0029302477;
k_Chk1=333.2920844422;
C_Chk1=0.7663697647;
pChk1_ref12_5_24h=0.0072259929;
pChk1_ref100_24h=0.0072715000;
pChk1_ref100_48h=0.0080241601;
kd_pChk1=0.0799157393;
k_cdc25=296.5376115707;
K_cdc25=1.4023423634;
kf_p53=0.0005913407;
k_p53=36.2197122742;
K_ATR=0.0004923225;
p53ser46_ref50_72h=0.0004856010;
kp_ser46=3.3254890504;
K_p53=0.4930776732;
upAsy=0.1732778363;
sness=0.0023982834;
k_apop=0.0546945084;
tED50=497.2057909619;
cell_pop_norm0_Jack_MGMT_P=73.6106877745;
k_dis=0.0164496624;

%%%%%%%%%

cost=123.9097447115;

%%%%%%%%%

