TMZout0_Ka_XTMZ(norm)=0.29674;
MGMT_P0(norm)=0.69895;
k_MGMT(norm)=0.95714;
k_addO(norm)=0.53924;
k_addN(norm)=0.46535;
DSB_72h_fac(norm)=0.77588;
k_DSBO(norm)=0.68472;
k_DSBN(norm)=0.89205;
k_CyA(norm)=0.51935;
fVX(norm)=0.56501;
kf_ATR_MGMT_P(norm)=0.60613;
k_ATR(norm)=0.60037;
K_add(norm)=0.60353;
kd_pATR(norm)=0.83930;
k_Chk1(norm)=0.52277;
C_Chk1(norm)=0.60533;
pChk1_ref12_5_24h(norm)=0.58808;
pChk1_ref100_24h(norm)=0.58927;
pChk1_ref100_48h(norm)=0.66367;
kd_pChk1(norm)=0.49398;
k_cdc25(norm)=0.13659;
K_cdc25(norm)=0.55133;
kf_p53(norm)=0.95430;
k_p53(norm)=0.81640;
K_ATR(norm)=0.71107;
p53ser46_ref50_72h(norm)=0.92064;
kp_ser46(norm)=0.57625;
K_p53(norm)=0.44940;
upAsy(norm)=0.52257;
sness(norm)=0.06135;
k_apop(norm)=0.53297;
tED50(norm)=0.69156;
cell_pop_norm0_Jack_MGMT_P(norm)=0.15757;
k_dis(norm)=0.62259;

%%%%%%%%%

TMZout0_Ka_XTMZ=33.1854252001;
MGMT_P0=2.1220977906;
k_MGMT=57.3650086315;
k_addO=0.0104971036;
k_addN=0.1263054133;
DSB_72h_fac=1.1831308273;
k_DSBO=0.0003464589;
k_DSBN=0.0000537824;
k_CyA=1.9596722489;
fVX=0.0013506718;
kf_ATR_MGMT_P=0.0000110667;
k_ATR=0.0192652406;
K_add=0.0000737027;
kd_pATR=0.0039405670;
k_Chk1=413.0074893214;
C_Chk1=0.7580179113;
pChk1_ref12_5_24h=0.0071297913;
pChk1_ref100_24h=0.0071463368;
pChk1_ref100_48h=0.0089384227;
kd_pChk1=0.0726381743;
k_cdc25=202.3241233882;
K_cdc25=1.3016270222;
kf_p53=0.0009194756;
k_p53=36.5076084892;
K_ATR=0.0003832249;
p53ser46_ref50_72h=0.0007347034;
kp_ser46=4.2242818388;
K_p53=0.7369092293;
upAsy=0.2630929489;
sness=0.0025337668;
k_apop=0.0607618121;
tED50=448.2607418363;
cell_pop_norm0_Jack_MGMT_P=74.0467216758;
k_dis=0.0167804113;

%%%%%%%%%

cost=123.3452445138;

%%%%%%%%%

