TMZout0_Ka_XTMZ(norm)=1.00000;
MGMT_P0(norm)=0.70863;
k_MGMT(norm)=0.29399;
k_addO(norm)=0.90429;
k_addN(norm)=0.33738;
DSB_72h_fac(norm)=0.32839;
k_DSBO(norm)=0.59382;
k_DSBN(norm)=0.63054;
k_CyA(norm)=0.71052;
fVX(norm)=1.00000;
kf_ATR_MGMT_P(norm)=0.71551;
k_ATR(norm)=0.45020;
K_add(norm)=0.64405;
kd_pATR(norm)=0.38422;
k_Chk1(norm)=0.61301;
C_Chk1(norm)=0.43604;
pChk1_ref12_5_24h(norm)=0.44370;
pChk1_ref100_24h(norm)=0.56486;
pChk1_ref100_48h(norm)=0.64968;
kd_pChk1(norm)=0.35744;
k_cdc25(norm)=0.43900;
K_cdc25(norm)=0.18214;
kf_p53(norm)=0.96037;
k_p53(norm)=0.66877;
K_ATR(norm)=0.40681;
p53ser46_ref50_72h(norm)=1.00000;
kp_ser46(norm)=0.37992;
K_p53(norm)=0.95689;
upAsy(norm)=0.63591;
sness(norm)=0.35515;
k_apop(norm)=0.75708;
tED50(norm)=0.47429;
cell_pop_norm0_Jack_MGMT_P(norm)=0.43243;
k_dis(norm)=0.44778;

%%%%%%%%%

TMZout0_Ka_XTMZ=39.0000000000;
MGMT_P0=2.1333106869;
k_MGMT=32.7056427005;
k_addO=0.0143021383;
k_addN=0.1133266627;
DSB_72h_fac=0.8454410957;
k_DSBO=0.0003207759;
k_DSBN=0.0000430934;
k_CyA=2.3042485609;
fVX=0.0019526178;
kf_ATR_MGMT_P=0.0000121414;
k_ATR=0.0169634824;
K_add=0.0000762771;
kd_pATR=0.0026797720;
k_Chk1=445.8257191798;
C_Chk1=0.6567265664;
pChk1_ref12_5_24h=0.0063088525;
pChk1_ref100_24h=0.0070000270;
pChk1_ref100_48h=0.0088331504;
kd_pChk1=0.0647028299;
k_cdc25=261.4130548281;
K_cdc25=0.9519942695;
kf_p53=0.0009242135;
k_p53=32.2151661542;
K_ATR=0.0002961373;
p53ser46_ref50_72h=0.0007858052;
kp_ser46=3.5769056882;
K_p53=1.1328169633;
upAsy=0.2896123827;
sness=0.0032499600;
k_apop=0.0734681723;
tED50=372.8875276537;
cell_pop_norm0_Jack_MGMT_P=81.6738507292;
k_dis=0.0144702322;

%%%%%%%%%

cost=231.0910810999;

%%%%%%%%%

