TMZout0_Ka_XTMZ(norm)=0.71675;
MGMT_P0(norm)=0.69750;
k_MGMT(norm)=0.65562;
k_addO(norm)=0.51545;
k_addN(norm)=0.52455;
DSB_72h_fac(norm)=0.67203;
k_DSBO(norm)=0.70806;
k_DSBN(norm)=0.59879;
k_CyA(norm)=0.74419;
fVX(norm)=0.93156;
kf_ATR_MGMT_P(norm)=0.59768;
k_ATR(norm)=0.55640;
K_add(norm)=0.65322;
kd_pATR(norm)=0.68345;
k_Chk1(norm)=0.95533;
C_Chk1(norm)=0.63450;
pChk1_ref12_5_24h(norm)=0.74487;
pChk1_ref100_24h(norm)=0.74532;
pChk1_ref100_48h(norm)=0.72244;
kd_pChk1(norm)=0.61463;
k_cdc25(norm)=0.29354;
K_cdc25(norm)=0.57326;
kf_p53(norm)=0.46535;
k_p53(norm)=0.67048;
K_ATR(norm)=0.59488;
p53ser46_ref50_72h(norm)=0.39190;
kp_ser46(norm)=0.60338;
K_p53(norm)=0.87764;
upAsy(norm)=0.38095;
sness(norm)=0.78051;
k_apop(norm)=0.56611;
tED50(norm)=0.48873;
cell_pop_norm0_Jack_MGMT_P(norm)=0.16079;
k_dis(norm)=0.58419;

%%%%%%%%%

TMZout0_Ka_XTMZ=36.5446052375;
MGMT_P0=2.1204316807;
k_MGMT=44.4316955652;
k_addO=0.0102875911;
k_addN=0.1328017927;
DSB_72h_fac=1.0943623430;
k_DSBO=0.0003533792;
k_DSBN=0.0000419496;
k_CyA=2.3709346063;
fVX=0.0018426107;
kf_ATR_MGMT_P=0.0000109879;
k_ATR=0.0185606579;
K_add=0.0000768722;
kd_pATR=0.0034530924;
k_Chk1=595.8411220953;
C_Chk1=0.7769882738;
pChk1_ref12_5_24h=0.0081428134;
pChk1_ref100_24h=0.0081565063;
pChk1_ref100_48h=0.0093948240;
kd_pChk1=0.0804566773;
k_cdc25=231.1006790541;
K_cdc25=1.3260409412;
kf_p53=0.0006075991;
k_p53=32.2617542111;
K_ATR=0.0003472945;
p53ser46_ref50_72h=0.0004694055;
kp_ser46=4.3224908608;
K_p53=1.0592465505;
upAsy=0.2333438271;
sness=0.0046601391;
k_apop=0.0624924716;
tED50=377.4797894487;
cell_pop_norm0_Jack_MGMT_P=74.1318734287;
k_dis=0.0162433106;

%%%%%%%%%

cost=123.1800470099;

%%%%%%%%%

