TMZout0_Ka_XTMZ(norm)=0.06427;
MGMT_P0(norm)=0.91619;
k_MGMT(norm)=0.57884;
k_addO(norm)=0.59127;
k_addN(norm)=0.50647;
DSB_72h_fac(norm)=0.77057;
k_DSBO(norm)=0.64490;
k_DSBN(norm)=0.64488;
k_CyA(norm)=0.46008;
fVX(norm)=0.57867;
kf_ATR_MGMT_P(norm)=0.61185;
k_ATR(norm)=0.41628;
K_add(norm)=0.61013;
kd_pATR(norm)=0.56938;
k_Chk1(norm)=0.50427;
C_Chk1(norm)=0.60936;
pChk1_ref12_5_24h(norm)=0.48074;
pChk1_ref100_24h(norm)=0.48050;
pChk1_ref100_48h(norm)=0.53641;
kd_pChk1(norm)=0.54360;
k_cdc25(norm)=0.29704;
K_cdc25(norm)=0.60262;
kf_p53(norm)=0.48886;
k_p53(norm)=0.47410;
K_ATR(norm)=0.36887;
p53ser46_ref50_72h(norm)=0.53671;
kp_ser46(norm)=0.77788;
K_p53(norm)=0.05001;
upAsy(norm)=0.60980;
sness(norm)=0.37634;
k_apop(norm)=0.54612;
tED50(norm)=0.85349;
cell_pop_norm0_Jack_MGMT_P(norm)=0.16004;
k_dis(norm)=0.60921;

%%%%%%%%%

TMZout0_Ka_XTMZ=31.4607746954;
MGMT_P0=2.3730786528;
k_MGMT=46.6598017584;
k_addO=0.0111300072;
k_addN=0.1417788635;
DSB_72h_fac=1.1847467545;
k_DSBO=0.0003294372;
k_DSBN=0.0000388267;
k_CyA=1.8346777684;
fVX=0.0014025095;
kf_ATR_MGMT_P=0.0000111059;
k_ATR=0.0180151948;
K_add=0.0000716203;
kd_pATR=0.0038265426;
k_Chk1=448.4629029539;
C_Chk1=0.7594264231;
pChk1_ref12_5_24h=0.0069741677;
pChk1_ref100_24h=0.0069886647;
pChk1_ref100_48h=0.0082845942;
kd_pChk1=0.0788166316;
k_cdc25=188.9382803780;
K_cdc25=1.3688564247;
kf_p53=0.0006368708;
k_p53=33.8109792465;
K_ATR=0.0003454048;
p53ser46_ref50_72h=0.0005228767;
kp_ser46=4.5269392562;
K_p53=0.3364932671;
upAsy=0.2572693402;
sness=0.0034882642;
k_apop=0.0617254519;
tED50=467.6680272933;
cell_pop_norm0_Jack_MGMT_P=74.1119012485;
k_dis=0.0165458308;

%%%%%%%%%

cost=123.4401974634;

%%%%%%%%%

