TMZout0_Ka_XTMZ(norm)=0.34468;
MGMT_P0(norm)=0.48661;
k_MGMT(norm)=0.90363;
k_addO(norm)=0.99067;
k_addN(norm)=0.43852;
DSB_72h_fac(norm)=0.57254;
k_DSBO(norm)=0.63125;
k_DSBN(norm)=0.55512;
k_CyA(norm)=0.23089;
fVX(norm)=0.13131;
kf_ATR_MGMT_P(norm)=0.82226;
k_ATR(norm)=0.19844;
K_add(norm)=0.58362;
kd_pATR(norm)=0.19940;
k_Chk1(norm)=0.06100;
C_Chk1(norm)=0.10827;
pChk1_ref12_5_24h(norm)=0.55912;
pChk1_ref100_24h(norm)=0.60041;
pChk1_ref100_48h(norm)=0.49383;
kd_pChk1(norm)=0.07416;
k_cdc25(norm)=0.44150;
K_cdc25(norm)=0.00010;
kf_p53(norm)=0.60593;
k_p53(norm)=0.29270;
K_ATR(norm)=0.30120;
p53ser46_ref50_72h(norm)=0.45429;
kp_ser46(norm)=0.69352;
K_p53(norm)=0.89150;
upAsy(norm)=0.26797;
sness(norm)=0.25477;
k_apop(norm)=1.00000;
tED50(norm)=0.31917;
cell_pop_norm0_Jack_MGMT_P(norm)=0.20211;
k_dis(norm)=0.84783;

%%%%%%%%%

TMZout0_Ka_XTMZ=33.5527036216;
MGMT_P0=1.8904518647;
k_MGMT=54.8221837971;
k_addO=0.0153881292;
k_addN=0.1234663596;
DSB_72h_fac=1.0155754053;
k_DSBO=0.0003311130;
k_DSBN=0.0000404256;
k_CyA=1.5347469816;
fVX=0.0009353192;
kf_ATR_MGMT_P=0.0000132908;
k_ATR=0.0137047450;
K_add=0.0000724703;
kd_pATR=0.0022913471;
k_Chk1=279.2790899003;
C_Chk1=0.4974760567;
pChk1_ref12_5_24h=0.0069570131;
pChk1_ref100_24h=0.0072140856;
pChk1_ref100_48h=0.0077404418;
kd_pChk1=0.0508959712;
k_cdc25=261.9665697746;
K_cdc25=0.8159212781;
kf_p53=0.0006844586;
k_p53=23.4246518866;
K_ATR=0.0002707880;
p53ser46_ref50_72h=0.0004948890;
kp_ser46=4.6655778444;
K_p53=1.0717560506;
upAsy=0.2120437687;
sness=0.0029849731;
k_apop=0.0902583664;
tED50=326.9628170678;
cell_pop_norm0_Jack_MGMT_P=75.2323837221;
k_dis=0.0203088713;

%%%%%%%%%

cost=217.4907811149;

%%%%%%%%%

