TMZout0_Ka_XTMZ(norm)=1.00000;
MGMT_P0(norm)=0.01481;
k_MGMT(norm)=0.30573;
k_addO(norm)=0.92775;
k_addN(norm)=0.94211;
DSB_72h_fac(norm)=0.54981;
k_DSBO(norm)=0.65717;
k_DSBN(norm)=0.43625;
k_CyA(norm)=0.17664;
fVX(norm)=0.57357;
kf_ATR_MGMT_P(norm)=0.61118;
k_ATR(norm)=0.39269;
K_add(norm)=0.54383;
kd_pATR(norm)=0.31937;
k_Chk1(norm)=0.35877;
C_Chk1(norm)=0.94221;
pChk1_ref12_5_24h(norm)=0.30357;
pChk1_ref100_24h(norm)=0.56458;
pChk1_ref100_48h(norm)=0.42947;
kd_pChk1(norm)=0.27984;
k_cdc25(norm)=0.31188;
K_cdc25(norm)=0.33500;
kf_p53(norm)=1.00000;
k_p53(norm)=0.43812;
K_ATR(norm)=0.51990;
p53ser46_ref50_72h(norm)=0.67356;
kp_ser46(norm)=0.61769;
K_p53(norm)=1.00000;
upAsy(norm)=0.26237;
sness(norm)=0.77770;
k_apop(norm)=0.25444;
tED50(norm)=0.50219;
cell_pop_norm0_Jack_MGMT_P(norm)=0.36461;
k_dis(norm)=0.46072;

%%%%%%%%%

TMZout0_Ka_XTMZ=39.0000000000;
MGMT_P0=1.3549840634;
k_MGMT=37.0207099600;
k_addO=0.0148016691;
k_addN=0.2050773423;
DSB_72h_fac=1.0089359099;
k_DSBO=0.0003328803;
k_DSBN=0.0000325357;
k_CyA=1.4429779761;
fVX=0.0013964665;
kf_ATR_MGMT_P=0.0000110996;
k_ATR=0.0176586736;
K_add=0.0000677082;
kd_pATR=0.0030960619;
k_Chk1=396.4474559338;
C_Chk1=1.0068524517;
pChk1_ref12_5_24h=0.0060020357;
pChk1_ref100_24h=0.0075046891;
pChk1_ref100_48h=0.0075669348;
kd_pChk1=0.0630322174;
k_cdc25=191.3279052355;
K_cdc25=1.0911441249;
kf_p53=0.0009820586;
k_p53=32.7956820197;
K_ATR=0.0003925585;
p53ser46_ref50_72h=0.0005871628;
kp_ser46=3.9523661577;
K_p53=0.7525779048;
upAsy=0.1916643687;
sness=0.0049011614;
k_apop=0.0482097730;
tED50=347.2685112047;
cell_pop_norm0_Jack_MGMT_P=79.7216214038;
k_dis=0.0145897003;

%%%%%%%%%

cost=349.9322585804;

%%%%%%%%%

