TMZout0_Ka_XTMZ(norm)=0.52714;
MGMT_P0(norm)=0.33529;
k_MGMT(norm)=1.00000;
k_addO(norm)=0.00010;
k_addN(norm)=0.79908;
DSB_72h_fac(norm)=0.99465;
k_DSBO(norm)=0.72012;
k_DSBN(norm)=0.42265;
k_CyA(norm)=0.35672;
fVX(norm)=0.32374;
kf_ATR_MGMT_P(norm)=0.00010;
k_ATR(norm)=0.53309;
K_add(norm)=0.10556;
kd_pATR(norm)=0.00010;
k_Chk1(norm)=0.98393;
C_Chk1(norm)=0.41584;
pChk1_ref12_5_24h(norm)=0.64992;
pChk1_ref100_24h(norm)=0.53382;
pChk1_ref100_48h(norm)=0.58694;
kd_pChk1(norm)=1.00000;
k_cdc25(norm)=0.54303;
K_cdc25(norm)=0.66762;
kf_p53(norm)=0.91223;
k_p53(norm)=0.55722;
K_ATR(norm)=0.42991;
p53ser46_ref50_72h(norm)=0.72745;
kp_ser46(norm)=0.21808;
K_p53(norm)=0.26729;
upAsy(norm)=0.25317;
sness(norm)=0.00010;
k_apop(norm)=0.60608;
tED50(norm)=0.32148;
cell_pop_norm0_Jack_MGMT_P(norm)=0.56108;
k_dis(norm)=0.12350;

%%%%%%%%%

TMZout0_Ka_XTMZ=34.9879858642;
MGMT_P0=1.6537254837;
k_MGMT=66.6683225466;
k_addO=0.0067446269;
k_addN=0.1816716975;
DSB_72h_fac=1.3945579185;
k_DSBO=0.0003511185;
k_DSBN=0.0000321627;
k_CyA=1.6808278472;
fVX=0.0011300542;
kf_ATR_MGMT_P=0.0000066137;
k_ATR=0.0198894236;
K_add=0.0000467053;
kd_pATR=0.0023622425;
k_Chk1=673.3349280184;
C_Chk1=0.6445744729;
pChk1_ref12_5_24h=0.0080490893;
pChk1_ref100_24h=0.0073116264;
pChk1_ref100_48h=0.0086469974;
kd_pChk1=0.1160280820;
k_cdc25=232.7208326213;
K_cdc25=1.4463615650;
kf_p53=0.0009116751;
k_p53=36.2779012381;
K_ATR=0.0003637392;
p53ser46_ref50_72h=0.0006145948;
kp_ser46=2.8171700347;
K_p53=0.4045134672;
upAsy=0.1901769841;
sness=0.0025360710;
k_apop=0.0649425141;
tED50=297.9676263037;
cell_pop_norm0_Jack_MGMT_P=85.5087727530;
k_dis=0.0109637185;

%%%%%%%%%

cost=100000.0000000000;

%%%%%%%%%

