TMZout0_Ka_XTMZ(norm)=0.39774;
MGMT_P0(norm)=0.73437;
k_MGMT(norm)=0.73411;
k_addO(norm)=0.59042;
k_addN(norm)=0.66292;
DSB_72h_fac(norm)=0.65873;
k_DSBO(norm)=0.65060;
k_DSBN(norm)=0.62726;
k_CyA(norm)=0.75043;
fVX(norm)=0.59032;
kf_ATR_MGMT_P(norm)=0.57853;
k_ATR(norm)=0.59955;
K_add(norm)=0.68063;
kd_pATR(norm)=0.35388;
k_Chk1(norm)=0.55406;
C_Chk1(norm)=0.59630;
pChk1_ref12_5_24h(norm)=0.59798;
pChk1_ref100_24h(norm)=0.60510;
pChk1_ref100_48h(norm)=0.58357;
kd_pChk1(norm)=0.59308;
k_cdc25(norm)=0.89563;
K_cdc25(norm)=0.61754;
kf_p53(norm)=0.75921;
k_p53(norm)=0.74263;
K_ATR(norm)=0.68380;
p53ser46_ref50_72h(norm)=0.75671;
kp_ser46(norm)=0.49704;
K_p53(norm)=0.33980;
upAsy(norm)=0.50142;
sness(norm)=0.75770;
k_apop(norm)=0.68092;
tED50(norm)=0.25064;
cell_pop_norm0_Jack_MGMT_P(norm)=0.14679;
k_dis(norm)=0.61287;

%%%%%%%%%

TMZout0_Ka_XTMZ=33.9639368821;
MGMT_P0=2.1634113513;
k_MGMT=47.4869560641;
k_addO=0.0109622798;
k_addN=0.1493213134;
DSB_72h_fac=1.0834823132;
k_DSBO=0.0003365848;
k_DSBN=0.0000429739;
k_CyA=2.3835105699;
fVX=0.0013799568;
kf_ATR_MGMT_P=0.0000108110;
k_ATR=0.0192518428;
K_add=0.0000786785;
kd_pATR=0.0026117629;
k_Chk1=424.1016285005;
C_Chk1=0.7522375758;
pChk1_ref12_5_24h=0.0071898910;
pChk1_ref100_24h=0.0072428490;
pChk1_ref100_48h=0.0083519167;
kd_pChk1=0.0790009043;
k_cdc25=384.9083436463;
K_cdc25=1.3767397057;
kf_p53=0.0007793837;
k_p53=34.2954856153;
K_ATR=0.0003744724;
p53ser46_ref50_72h=0.0006394237;
kp_ser46=3.9500610495;
K_p53=0.6715574340;
upAsy=0.2584208532;
sness=0.0045709446;
k_apop=0.0688770521;
tED50=308.5192377110;
cell_pop_norm0_Jack_MGMT_P=73.7626517490;
k_dis=0.0166427694;

%%%%%%%%%

cost=122.9215140052;

%%%%%%%%%

