TMZout0_Ka_XTMZ(norm)=0.51878;
MGMT_P0(norm)=0.80510;
k_MGMT(norm)=0.20353;
k_addO(norm)=0.11831;
k_addN(norm)=0.41843;
DSB_72h_fac(norm)=0.55451;
k_DSBO(norm)=0.60681;
k_DSBN(norm)=0.48441;
k_CyA(norm)=0.65165;
fVX(norm)=0.20564;
kf_ATR_MGMT_P(norm)=0.45785;
k_ATR(norm)=0.31410;
K_add(norm)=0.69369;
kd_pATR(norm)=0.45357;
k_Chk1(norm)=0.44141;
C_Chk1(norm)=0.65985;
pChk1_ref12_5_24h(norm)=0.19907;
pChk1_ref100_24h(norm)=0.38289;
pChk1_ref100_48h(norm)=0.57194;
kd_pChk1(norm)=0.00017;
k_cdc25(norm)=0.20667;
K_cdc25(norm)=0.36146;
kf_p53(norm)=0.24953;
k_p53(norm)=0.23823;
K_ATR(norm)=0.05763;
p53ser46_ref50_72h(norm)=0.84859;
kp_ser46(norm)=0.74769;
K_p53(norm)=0.46550;
upAsy(norm)=0.04095;
sness(norm)=0.74712;
k_apop(norm)=0.62644;
tED50(norm)=0.85997;
cell_pop_norm0_Jack_MGMT_P(norm)=0.15888;
k_dis(norm)=0.52189;

%%%%%%%%%

TMZout0_Ka_XTMZ=34.9209122633;
MGMT_P0=2.2146994965;
k_MGMT=33.9497996881;
k_addO=0.0074551247;
k_addN=0.1315884873;
DSB_72h_fac=1.0123909068;
k_DSBO=0.0003189753;
k_DSBN=0.0000338908;
k_CyA=2.1580045656;
fVX=0.0010224422;
kf_ATR_MGMT_P=0.0000097474;
k_ATR=0.0165212005;
K_add=0.0000768748;
kd_pATR=0.0034689043;
k_Chk1=425.2018780532;
C_Chk1=0.7926195473;
pChk1_ref12_5_24h=0.0054934117;
pChk1_ref100_24h=0.0064339257;
pChk1_ref100_48h=0.0085377931;
kd_pChk1=0.0497334081;
k_cdc25=175.0105091849;
K_cdc25=1.1158762624;
kf_p53=0.0005199735;
k_p53=27.6860867644;
K_ATR=0.0002653372;
p53ser46_ref50_72h=0.0006810290;
kp_ser46=4.4126048360;
K_p53=0.4784828432;
upAsy=0.1588781533;
sness=0.0047758243;
k_apop=0.0660728164;
tED50=470.2406603768;
cell_pop_norm0_Jack_MGMT_P=74.0812948707;
k_dis=0.0153658550;

%%%%%%%%%

cost=404.4527886010;

%%%%%%%%%

