TMZout0_Ka_XTMZ(norm)=0.18179;
MGMT_P0(norm)=0.67826;
k_MGMT(norm)=1.00000;
k_addO(norm)=0.54939;
k_addN(norm)=0.64743;
DSB_72h_fac(norm)=0.29021;
k_DSBO(norm)=0.20916;
k_DSBN(norm)=0.39830;
k_CyA(norm)=0.20971;
fVX(norm)=0.72513;
kf_ATR_MGMT_P(norm)=0.69570;
k_ATR(norm)=0.18907;
K_add(norm)=0.21889;
kd_pATR(norm)=0.58522;
k_Chk1(norm)=0.32029;
C_Chk1(norm)=0.80530;
pChk1_ref12_5_24h(norm)=0.09292;
pChk1_ref100_24h(norm)=0.58146;
pChk1_ref100_48h(norm)=0.48881;
kd_pChk1(norm)=0.39600;
k_cdc25(norm)=0.50483;
K_cdc25(norm)=0.34184;
kf_p53(norm)=0.50191;
k_p53(norm)=0.69092;
K_ATR(norm)=0.24426;
p53ser46_ref50_72h(norm)=0.66392;
kp_ser46(norm)=0.83409;
K_p53(norm)=0.45304;
upAsy(norm)=0.65364;
sness(norm)=0.64977;
k_apop(norm)=0.47605;
tED50(norm)=0.68607;
cell_pop_norm0_Jack_MGMT_P(norm)=0.10645;
k_dis(norm)=0.67818;

%%%%%%%%%

TMZout0_Ka_XTMZ=32.3211530921;
MGMT_P0=2.0861747192;
k_MGMT=57.6809463461;
k_addO=0.0100716987;
k_addN=0.1298097831;
DSB_72h_fac=0.8189606845;
k_DSBO=0.0002353456;
k_DSBN=0.0000338023;
k_CyA=1.7823513130;
fVX=0.0016014201;
kf_ATR_MGMT_P=0.0000119374;
k_ATR=0.0188525094;
K_add=0.0000595313;
kd_pATR=0.0027218976;
k_Chk1=268.0516139758;
C_Chk1=0.9058207748;
pChk1_ref12_5_24h=0.0056146711;
pChk1_ref100_24h=0.0085126305;
pChk1_ref100_48h=0.0097140858;
kd_pChk1=0.0537342333;
k_cdc25=215.9603939414;
K_cdc25=1.1323157576;
kf_p53=0.0005371235;
k_p53=35.7517774786;
K_ATR=0.0003462956;
p53ser46_ref50_72h=0.0005130283;
kp_ser46=4.0886444901;
K_p53=0.5767498595;
upAsy=0.2084290093;
sness=0.0039711256;
k_apop=0.0529721153;
tED50=413.0406707707;
cell_pop_norm0_Jack_MGMT_P=72.7088553357;
k_dis=0.0174599908;

%%%%%%%%%

cost=168.2444174245;

%%%%%%%%%

