TMZout0_Ka_XTMZ(norm)=0.40198;
MGMT_P0(norm)=0.56105;
k_MGMT(norm)=0.11407;
k_addO(norm)=0.45666;
k_addN(norm)=1.00000;
DSB_72h_fac(norm)=0.78929;
k_DSBO(norm)=0.87572;
k_DSBN(norm)=0.23691;
k_CyA(norm)=0.44596;
fVX(norm)=0.55490;
kf_ATR_MGMT_P(norm)=0.90127;
k_ATR(norm)=0.36139;
K_add(norm)=0.66216;
kd_pATR(norm)=0.79312;
k_Chk1(norm)=0.52588;
C_Chk1(norm)=0.59061;
pChk1_ref12_5_24h(norm)=0.47881;
pChk1_ref100_24h(norm)=0.62747;
pChk1_ref100_48h(norm)=0.79520;
kd_pChk1(norm)=0.38659;
k_cdc25(norm)=0.59302;
K_cdc25(norm)=0.34659;
kf_p53(norm)=0.90062;
k_p53(norm)=0.26719;
K_ATR(norm)=0.38199;
p53ser46_ref50_72h(norm)=0.33917;
kp_ser46(norm)=0.61306;
K_p53(norm)=0.53911;
upAsy(norm)=0.62779;
sness(norm)=0.35282;
k_apop(norm)=0.89325;
tED50(norm)=0.51240;
cell_pop_norm0_Jack_MGMT_P(norm)=0.29638;
k_dis(norm)=0.48184;

%%%%%%%%%

TMZout0_Ka_XTMZ=33.9969459425;
MGMT_P0=1.9029245622;
k_MGMT=31.4715880419;
k_addO=0.0099302783;
k_addN=0.2153875622;
DSB_72h_fac=1.2009918042;
k_DSBO=0.0004005993;
k_DSBN=0.0000274794;
k_CyA=1.8128468830;
fVX=0.0013745523;
kf_ATR_MGMT_P=0.0000141923;
k_ATR=0.0171966096;
K_add=0.0000748484;
kd_pATR=0.0046252596;
k_Chk1=456.7510483696;
C_Chk1=0.7474523548;
pChk1_ref12_5_24h=0.0069627500;
pChk1_ref100_24h=0.0079154737;
pChk1_ref100_48h=0.0103157591;
kd_pChk1=0.0689988523;
k_cdc25=242.7908348342;
K_cdc25=1.1019049825;
kf_p53=0.0009027542;
k_p53=28.3739426065;
K_ATR=0.0003492651;
p53ser46_ref50_72h=0.0004422945;
kp_ser46=3.9369140315;
K_p53=0.5092766061;
upAsy=0.2612225518;
sness=0.0034194376;
k_apop=0.0828327876;
tED50=350.2866969593;
cell_pop_norm0_Jack_MGMT_P=77.8051334068;
k_dis=0.0148531256;

%%%%%%%%%

cost=245.4820968114;

%%%%%%%%%

