TMZout0_Ka_XTMZ(norm)=0.56382;
MGMT_P0(norm)=0.73160;
k_MGMT(norm)=0.76402;
k_addO(norm)=0.64043;
k_addN(norm)=0.78100;
DSB_72h_fac(norm)=0.62038;
k_DSBO(norm)=0.60000;
k_DSBN(norm)=0.76471;
k_CyA(norm)=0.56433;
fVX(norm)=0.44252;
kf_ATR_MGMT_P(norm)=0.60685;
k_ATR(norm)=0.40433;
K_add(norm)=0.58516;
kd_pATR(norm)=0.53822;
k_Chk1(norm)=0.68776;
C_Chk1(norm)=0.59282;
pChk1_ref12_5_24h(norm)=0.42248;
pChk1_ref100_24h(norm)=0.42420;
pChk1_ref100_48h(norm)=0.42213;
kd_pChk1(norm)=0.79422;
k_cdc25(norm)=0.53762;
K_cdc25(norm)=0.59379;
kf_p53(norm)=0.56167;
k_p53(norm)=0.82651;
K_ATR(norm)=0.58104;
p53ser46_ref50_72h(norm)=0.55681;
kp_ser46(norm)=0.68530;
K_p53(norm)=0.41994;
upAsy(norm)=0.09189;
sness(norm)=0.49002;
k_apop(norm)=0.48920;
tED50(norm)=0.46671;
cell_pop_norm0_Jack_MGMT_P(norm)=0.15646;
k_dis(norm)=0.60451;

%%%%%%%%%

TMZout0_Ka_XTMZ=35.2838462579;
MGMT_P0=2.0785141742;
k_MGMT=59.1286644939;
k_addO=0.0108443452;
k_addN=0.1702332723;
DSB_72h_fac=1.0289974257;
k_DSBO=0.0003706551;
k_DSBN=0.0000412336;
k_CyA=2.7255301350;
fVX=0.0012884756;
kf_ATR_MGMT_P=0.0000111090;
k_ATR=0.0241860842;
K_add=0.0000904561;
kd_pATR=0.0019072008;
k_Chk1=347.6812040936;
C_Chk1=0.7597844267;
pChk1_ref12_5_24h=0.0076998103;
pChk1_ref100_24h=0.0077564029;
pChk1_ref100_48h=0.0093582857;
kd_pChk1=0.0727477088;
k_cdc25=203.6146451496;
K_cdc25=1.3770673657;
kf_p53=0.0004620528;
k_p53=37.4958146457;
K_ATR=0.0004846660;
p53ser46_ref50_72h=0.0003765221;
kp_ser46=3.3636253573;
K_p53=0.5079117067;
upAsy=0.1852512566;
sness=0.0049558782;
k_apop=0.0568883959;
tED50=374.0462442007;
cell_pop_norm0_Jack_MGMT_P=74.0174098115;
k_dis=0.0159660449;

%%%%%%%%%

cost=124.8517670277;

%%%%%%%%%

