TMZout0_Ka_XTMZ(norm)=0.33242;
MGMT_P0(norm)=0.07604;
k_MGMT(norm)=0.25635;
k_addO(norm)=0.68110;
k_addN(norm)=0.53077;
DSB_72h_fac(norm)=0.55303;
k_DSBO(norm)=0.53424;
k_DSBN(norm)=0.38632;
k_CyA(norm)=0.07887;
fVX(norm)=0.00010;
kf_ATR_MGMT_P(norm)=0.41314;
k_ATR(norm)=1.00000;
K_add(norm)=0.71449;
kd_pATR(norm)=0.81225;
k_Chk1(norm)=0.53218;
C_Chk1(norm)=0.73101;
pChk1_ref12_5_24h(norm)=0.32359;
pChk1_ref100_24h(norm)=0.36442;
pChk1_ref100_48h(norm)=0.27341;
kd_pChk1(norm)=0.37273;
k_cdc25(norm)=0.34979;
K_cdc25(norm)=0.68951;
kf_p53(norm)=0.14150;
k_p53(norm)=0.98846;
K_ATR(norm)=0.23253;
p53ser46_ref50_72h(norm)=0.70340;
kp_ser46(norm)=0.87256;
K_p53(norm)=0.56222;
upAsy(norm)=0.57628;
sness(norm)=0.35510;
k_apop(norm)=0.56586;
tED50(norm)=0.47423;
cell_pop_norm0_Jack_MGMT_P(norm)=0.56000;
k_dis(norm)=0.46335;

%%%%%%%%%

TMZout0_Ka_XTMZ=33.4583628903;
MGMT_P0=1.4075553775;
k_MGMT=35.5036537133;
k_addO=0.0120101867;
k_addN=0.1447286998;
DSB_72h_fac=1.0112985701;
k_DSBO=0.0002999523;
k_DSBN=0.0000311878;
k_CyA=1.3282587366;
fVX=0.0008590255;
kf_ATR_MGMT_P=0.0000093850;
k_ATR=0.0295416857;
K_add=0.0000782420;
kd_pATR=0.0047008543;
k_Chk1=459.1946884033;
C_Chk1=0.8418799986;
pChk1_ref12_5_24h=0.0061046847;
pChk1_ref100_24h=0.0063340288;
pChk1_ref100_48h=0.0066297170;
kd_pChk1=0.0681936467;
k_cdc25=197.5730825435;
K_cdc25=1.4734406894;
kf_p53=0.0004744923;
k_p53=52.2792840865;
K_ATR=0.0003077215;
p53ser46_ref50_72h=0.0006021986;
kp_ser46=4.9050767755;
K_p53=0.5193481296;
upAsy=0.2500660706;
sness=0.0034260345;
k_apop=0.0627668953;
tED50=339.1405696071;
cell_pop_norm0_Jack_MGMT_P=85.4757428720;
k_dis=0.0146222367;

%%%%%%%%%

cost=643.1683295816;

%%%%%%%%%

