TMZout0_Ka_XTMZ(norm)=0.29091;
MGMT_P0(norm)=0.48368;
k_MGMT(norm)=0.88833;
k_addO(norm)=1.00000;
k_addN(norm)=0.57860;
DSB_72h_fac(norm)=0.08157;
k_DSBO(norm)=0.14682;
k_DSBN(norm)=0.01164;
k_CyA(norm)=0.48153;
fVX(norm)=0.53459;
kf_ATR_MGMT_P(norm)=0.95355;
k_ATR(norm)=0.50086;
K_add(norm)=0.41154;
kd_pATR(norm)=0.33858;
k_Chk1(norm)=0.54604;
C_Chk1(norm)=0.50611;
pChk1_ref12_5_24h(norm)=0.37028;
pChk1_ref100_24h(norm)=0.84027;
pChk1_ref100_48h(norm)=0.69554;
kd_pChk1(norm)=0.44917;
k_cdc25(norm)=0.41126;
K_cdc25(norm)=0.23290;
kf_p53(norm)=0.51923;
k_p53(norm)=0.44272;
K_ATR(norm)=0.24875;
p53ser46_ref50_72h(norm)=0.39529;
kp_ser46(norm)=0.55485;
K_p53(norm)=0.29644;
upAsy(norm)=0.49763;
sness(norm)=0.39619;
k_apop(norm)=0.84643;
tED50(norm)=0.69975;
cell_pop_norm0_Jack_MGMT_P(norm)=0.85972;
k_dis(norm)=0.37376;

%%%%%%%%%

TMZout0_Ka_XTMZ=33.1410704058;
MGMT_P0=1.8135572136;
k_MGMT=60.6495232328;
k_addO=0.0157361294;
k_addN=0.1507143628;
DSB_72h_fac=0.7176144958;
k_DSBO=0.0002160182;
k_DSBN=0.0000227045;
k_CyA=1.8683155667;
fVX=0.0013510898;
kf_ATR_MGMT_P=0.0000148352;
k_ATR=0.0193537212;
K_add=0.0000605284;
kd_pATR=0.0031468580;
k_Chk1=464.6192854156;
C_Chk1=0.6958119017;
pChk1_ref12_5_24h=0.0063510204;
pChk1_ref100_24h=0.0094794056;
pChk1_ref100_48h=0.0094804481;
kd_pChk1=0.0727563919;
k_cdc25=208.1371551245;
K_cdc25=1.0007164755;
kf_p53=0.0006534713;
k_p53=32.9237129635;
K_ATR=0.0003119793;
p53ser46_ref50_72h=0.0004638313;
kp_ser46=3.7474351185;
K_p53=0.4146255275;
upAsy=0.2339445804;
sness=0.0035474382;
k_apop=0.0796111879;
tED50=410.5478032093;
cell_pop_norm0_Jack_MGMT_P=95.1197778267;
k_dis=0.0135533947;

%%%%%%%%%

cost=358.9708105718;

%%%%%%%%%

