TMZout0_Ka_XTMZ(norm)=0.60797;
MGMT_P0(norm)=0.80643;
k_MGMT(norm)=0.91586;
k_addO(norm)=0.00777;
k_addN(norm)=0.65394;
DSB_72h_fac(norm)=0.39589;
k_DSBO(norm)=0.48215;
k_DSBN(norm)=0.17401;
k_CyA(norm)=0.21415;
fVX(norm)=0.28751;
kf_ATR_MGMT_P(norm)=0.73657;
k_ATR(norm)=0.46273;
K_add(norm)=0.54268;
kd_pATR(norm)=0.09754;
k_Chk1(norm)=0.36534;
C_Chk1(norm)=0.78587;
pChk1_ref12_5_24h(norm)=0.73451;
pChk1_ref100_24h(norm)=0.81314;
pChk1_ref100_48h(norm)=0.75211;
kd_pChk1(norm)=0.39282;
k_cdc25(norm)=0.76797;
K_cdc25(norm)=0.76990;
kf_p53(norm)=0.70969;
k_p53(norm)=0.38641;
K_ATR(norm)=0.22987;
p53ser46_ref50_72h(norm)=0.58492;
kp_ser46(norm)=0.82789;
K_p53(norm)=0.50455;
upAsy(norm)=0.63405;
sness(norm)=0.64343;
k_apop(norm)=0.43853;
tED50(norm)=0.60963;
cell_pop_norm0_Jack_MGMT_P(norm)=0.26377;
k_dis(norm)=0.47035;

%%%%%%%%%

TMZout0_Ka_XTMZ=35.6432994520;
MGMT_P0=2.2165437418;
k_MGMT=62.0808978202;
k_addO=0.0067886262;
k_addN=0.1606494683;
DSB_72h_fac=0.9020287820;
k_DSBO=0.0002870030;
k_DSBN=0.0000260531;
k_CyA=1.4895687982;
fVX=0.0010958871;
kf_ATR_MGMT_P=0.0000123438;
k_ATR=0.0187384624;
K_add=0.0000676418;
kd_pATR=0.0025655545;
k_Chk1=398.6616380302;
C_Chk1=0.8819358904;
pChk1_ref12_5_24h=0.0086471096;
pChk1_ref100_24h=0.0092639921;
pChk1_ref100_48h=0.0099458696;
kd_pChk1=0.0693639759;
k_cdc25=281.5844381043;
K_cdc25=1.5772928792;
kf_p53=0.0007679076;
k_p53=31.3899201218;
K_ATR=0.0003070287;
p53ser46_ref50_72h=0.0005446792;
kp_ser46=4.7228729305;
K_p53=0.4945795342;
upAsy=0.2626103542;
sness=0.0043741208;
k_apop=0.0563473063;
tED50=380.3655523369;
cell_pop_norm0_Jack_MGMT_P=76.9053222753;
k_dis=0.0147092322;

%%%%%%%%%

cost=204.7691085908;

%%%%%%%%%

