TMZout0_Ka_XTMZ(norm)=0.10238;
MGMT_P0(norm)=0.52424;
k_MGMT(norm)=1.00000;
k_addO(norm)=0.00010;
k_addN(norm)=0.06288;
DSB_72h_fac(norm)=0.41609;
k_DSBO(norm)=0.78679;
k_DSBN(norm)=0.03430;
k_CyA(norm)=0.59111;
fVX(norm)=0.23832;
kf_ATR_MGMT_P(norm)=0.59871;
k_ATR(norm)=0.35721;
K_add(norm)=0.27303;
kd_pATR(norm)=0.94621;
k_Chk1(norm)=0.53890;
C_Chk1(norm)=0.01456;
pChk1_ref12_5_24h(norm)=1.00000;
pChk1_ref100_24h(norm)=0.52312;
pChk1_ref100_48h(norm)=0.50609;
kd_pChk1(norm)=0.39298;
k_cdc25(norm)=0.59875;
K_cdc25(norm)=0.20208;
kf_p53(norm)=0.00010;
k_p53(norm)=0.14237;
K_ATR(norm)=0.27641;
p53ser46_ref50_72h(norm)=0.99350;
kp_ser46(norm)=1.00000;
K_p53(norm)=0.00010;
upAsy(norm)=0.66720;
sness(norm)=0.17894;
k_apop(norm)=0.00010;
tED50(norm)=0.76090;
cell_pop_norm0_Jack_MGMT_P(norm)=0.00010;
k_dis(norm)=0.31148;

%%%%%%%%%

TMZout0_Ka_XTMZ=31.7372806686;
MGMT_P0=1.8769256843;
k_MGMT=55.7695448421;
k_addO=0.0062012245;
k_addN=0.0735887994;
DSB_72h_fac=0.8984432232;
k_DSBO=0.0003843918;
k_DSBN=0.0000256570;
k_CyA=2.3545607699;
fVX=0.0009473282;
kf_ATR_MGMT_P=0.0000108197;
k_ATR=0.0202962188;
K_add=0.0000574153;
kd_pATR=0.0045924080;
k_Chk1=388.3418149362;
C_Chk1=0.4680065840;
pChk1_ref12_5_24h=0.0110228320;
pChk1_ref100_24h=0.0073709567;
pChk1_ref100_48h=0.0084699839;
kd_pChk1=0.0646944116;
k_cdc25=257.5828341965;
K_cdc25=0.9530666716;
kf_p53=0.0003598524;
k_p53=25.2968403977;
K_ATR=0.0003625788;
p53ser46_ref50_72h=0.0006626967;
kp_ser46=4.7845179616;
K_p53=0.3753853031;
upAsy=0.2668910310;
sness=0.0027005845;
k_apop=0.0402262473;
tED50=506.7084440623;
cell_pop_norm0_Jack_MGMT_P=70.0024967691;
k_dis=0.0129513140;

%%%%%%%%%

cost=100000.0000000000;

%%%%%%%%%

