TMZout0_Ka_XTMZ(norm)=0.44630;
MGMT_P0(norm)=0.75189;
k_MGMT(norm)=0.67836;
k_addO(norm)=0.59513;
k_addN(norm)=0.37922;
DSB_72h_fac(norm)=0.60553;
k_DSBO(norm)=0.46691;
k_DSBN(norm)=0.82651;
k_CyA(norm)=0.67548;
fVX(norm)=0.55767;
kf_ATR_MGMT_P(norm)=0.60799;
k_ATR(norm)=0.63633;
K_add(norm)=0.60660;
kd_pATR(norm)=0.69638;
k_Chk1(norm)=0.74189;
C_Chk1(norm)=0.59380;
pChk1_ref12_5_24h(norm)=0.72106;
pChk1_ref100_24h(norm)=0.71528;
pChk1_ref100_48h(norm)=0.71059;
kd_pChk1(norm)=0.52792;
k_cdc25(norm)=0.47018;
K_cdc25(norm)=0.54897;
kf_p53(norm)=0.74076;
k_p53(norm)=0.43468;
K_ATR(norm)=0.48729;
p53ser46_ref50_72h(norm)=0.72171;
kp_ser46(norm)=0.59919;
K_p53(norm)=0.49243;
upAsy(norm)=0.49461;
sness(norm)=0.22574;
k_apop(norm)=0.50577;
tED50(norm)=0.80398;
cell_pop_norm0_Jack_MGMT_P(norm)=0.15324;
k_dis(norm)=0.60817;

%%%%%%%%%

TMZout0_Ka_XTMZ=34.3446590084;
MGMT_P0=2.1077377979;
k_MGMT=54.9892302148;
k_addO=0.0104360291;
k_addN=0.1211149352;
DSB_72h_fac=1.0166793541;
k_DSBO=0.0003311291;
k_DSBN=0.0000434503;
k_CyA=2.9946963424;
fVX=0.0014205346;
kf_ATR_MGMT_P=0.0000111197;
k_ATR=0.0294399322;
K_add=0.0000921139;
kd_pATR=0.0021806987;
k_Chk1=363.9994337082;
C_Chk1=0.7604142022;
pChk1_ref12_5_24h=0.0099163541;
pChk1_ref100_24h=0.0099259152;
pChk1_ref100_48h=0.0119492960;
kd_pChk1=0.0580532417;
k_cdc25=192.3050450938;
K_cdc25=1.3257576515;
kf_p53=0.0005377613;
k_p53=26.9029404130;
K_ATR=0.0004476571;
p53ser46_ref50_72h=0.0004329786;
kp_ser46=3.1269487854;
K_p53=0.5400885867;
upAsy=0.2605868601;
sness=0.0039615968;
k_apop=0.0576930583;
tED50=497.7741120255;
cell_pop_norm0_Jack_MGMT_P=73.9324796970;
k_dis=0.0160156186;

%%%%%%%%%

cost=124.4057741336;

%%%%%%%%%

