TMZout0_Ka_XTMZ(norm)=0.70414;
MGMT_P0(norm)=0.23974;
k_MGMT(norm)=1.00000;
k_addO(norm)=0.41598;
k_addN(norm)=0.58252;
DSB_72h_fac(norm)=1.00000;
k_DSBO(norm)=0.31704;
k_DSBN(norm)=1.00000;
k_CyA(norm)=0.31892;
fVX(norm)=0.13258;
kf_ATR_MGMT_P(norm)=0.40159;
k_ATR(norm)=0.49646;
K_add(norm)=1.00000;
kd_pATR(norm)=0.22002;
k_Chk1(norm)=0.00010;
C_Chk1(norm)=0.43015;
pChk1_ref12_5_24h(norm)=0.45307;
pChk1_ref100_24h(norm)=0.61475;
pChk1_ref100_48h(norm)=0.53727;
kd_pChk1(norm)=0.00010;
k_cdc25(norm)=0.72627;
K_cdc25(norm)=0.78225;
kf_p53(norm)=0.47910;
k_p53(norm)=1.00000;
K_ATR(norm)=0.29513;
p53ser46_ref50_72h(norm)=1.00000;
kp_ser46(norm)=0.70648;
K_p53(norm)=0.45610;
upAsy(norm)=0.00010;
sness(norm)=0.10397;
k_apop(norm)=0.37330;
tED50(norm)=0.27649;
cell_pop_norm0_Jack_MGMT_P(norm)=0.20043;
k_dis(norm)=0.24700;

%%%%%%%%%

TMZout0_Ka_XTMZ=36.4390262234;
MGMT_P0=1.5583509955;
k_MGMT=66.6683225466;
k_addO=0.0095938565;
k_addN=0.1512156136;
DSB_72h_fac=1.4000000000;
k_DSBO=0.0002495339;
k_DSBN=0.0000524573;
k_CyA=1.6278509458;
fVX=0.0009610722;
kf_ATR_MGMT_P=0.0000092936;
k_ATR=0.0192816312;
K_add=0.0000996552;
kd_pATR=0.0028460947;
k_Chk1=292.5525408855;
C_Chk1=0.6524383636;
pChk1_ref12_5_24h=0.0068125394;
pChk1_ref100_24h=0.0078305925;
pChk1_ref100_48h=0.0082906797;
kd_pChk1=0.0497305343;
k_cdc25=271.8086103825;
K_cdc25=1.5938896915;
kf_p53=0.0006316225;
k_p53=52.7929398346;
K_ATR=0.0003244848;
p53ser46_ref50_72h=0.0007742483;
kp_ser46=4.2612079021;
K_p53=0.4746890191;
upAsy=0.1534735768;
sness=0.0027693862;
k_apop=0.0533177753;
tED50=286.8222472943;
cell_pop_norm0_Jack_MGMT_P=75.1873904010;
k_dis=0.0121731667;

%%%%%%%%%

cost=244.9521476492;

%%%%%%%%%

