TMZout0_Ka_XTMZ(norm)=0.62801;
MGMT_P0(norm)=0.52676;
k_MGMT(norm)=0.26201;
k_addO(norm)=0.44769;
k_addN(norm)=0.57054;
DSB_72h_fac(norm)=0.38307;
k_DSBO(norm)=0.27378;
k_DSBN(norm)=0.35330;
k_CyA(norm)=0.51344;
fVX(norm)=0.53493;
kf_ATR_MGMT_P(norm)=0.75205;
k_ATR(norm)=0.51704;
K_add(norm)=0.56502;
kd_pATR(norm)=0.26882;
k_Chk1(norm)=0.91239;
C_Chk1(norm)=0.00010;
pChk1_ref12_5_24h(norm)=0.75156;
pChk1_ref100_24h(norm)=0.76566;
pChk1_ref100_48h(norm)=0.72316;
kd_pChk1(norm)=0.65574;
k_cdc25(norm)=0.44807;
K_cdc25(norm)=0.71076;
kf_p53(norm)=0.47782;
k_p53(norm)=0.23540;
K_ATR(norm)=0.21215;
p53ser46_ref50_72h(norm)=0.55346;
kp_ser46(norm)=0.93901;
K_p53(norm)=0.05816;
upAsy(norm)=0.56216;
sness(norm)=0.17496;
k_apop(norm)=0.59195;
tED50(norm)=0.65352;
cell_pop_norm0_Jack_MGMT_P(norm)=0.58322;
k_dis(norm)=0.83111;

%%%%%%%%%

TMZout0_Ka_XTMZ=35.8076928874;
MGMT_P0=1.8627826518;
k_MGMT=35.6742244169;
k_addO=0.0098550878;
k_addN=0.1496884786;
DSB_72h_fac=0.8936583561;
k_DSBO=0.0002405526;
k_DSBN=0.0000303274;
k_CyA=1.9195254474;
fVX=0.0013514869;
kf_ATR_MGMT_P=0.0000125068;
k_ATR=0.0196208071;
K_add=0.0000689344;
kd_pATR=0.0029662397;
k_Chk1=633.7329735106;
C_Chk1=0.4532009724;
pChk1_ref12_5_24h=0.0087729993;
pChk1_ref100_24h=0.0088986822;
pChk1_ref100_48h=0.0097049284;
kd_pChk1=0.0866732745;
k_cdc25=214.7304590065;
K_cdc25=1.5002123159;
kf_p53=0.0006309406;
k_p53=27.6198579979;
K_ATR=0.0003024547;
p53ser46_ref50_72h=0.0005303535;
kp_ser46=5.1891736309;
K_p53=0.3388246948;
upAsy=0.2470923332;
sness=0.0029410826;
k_apop=0.0641697060;
tED50=394.7764030544;
cell_pop_norm0_Jack_MGMT_P=86.1867538364;
k_dis=0.0199682811;

%%%%%%%%%

cost=238.7832622099;

%%%%%%%%%

