TMZout0_Ka_XTMZ(norm)=0.41255;
MGMT_P0(norm)=0.37731;
k_MGMT(norm)=0.04839;
k_addO(norm)=0.00010;
k_addN(norm)=0.78811;
DSB_72h_fac(norm)=0.63442;
k_DSBO(norm)=0.21273;
k_DSBN(norm)=0.59442;
k_CyA(norm)=0.57203;
fVX(norm)=0.58094;
kf_ATR_MGMT_P(norm)=0.64222;
k_ATR(norm)=0.58668;
K_add(norm)=0.79332;
kd_pATR(norm)=0.00010;
k_Chk1(norm)=0.02019;
C_Chk1(norm)=0.75198;
pChk1_ref12_5_24h(norm)=0.24615;
pChk1_ref100_24h(norm)=0.38951;
pChk1_ref100_48h(norm)=0.37966;
kd_pChk1(norm)=0.18789;
k_cdc25(norm)=0.48879;
K_cdc25(norm)=0.41374;
kf_p53(norm)=0.65695;
k_p53(norm)=0.55804;
K_ATR(norm)=0.26904;
p53ser46_ref50_72h(norm)=0.66142;
kp_ser46(norm)=0.56806;
K_p53(norm)=0.27643;
upAsy(norm)=0.55530;
sness(norm)=0.35446;
k_apop(norm)=0.65317;
tED50(norm)=0.46335;
cell_pop_norm0_Jack_MGMT_P(norm)=0.13635;
k_dis(norm)=0.45294;

%%%%%%%%%

TMZout0_Ka_XTMZ=34.0795779439;
MGMT_P0=1.7613307904;
k_MGMT=25.7550306584;
k_addO=0.0063237803;
k_addN=0.1462431264;
DSB_72h_fac=1.0621570073;
k_DSBO=0.0002360592;
k_DSBN=0.0000399127;
k_CyA=2.4228021885;
fVX=0.0014172476;
kf_ATR_MGMT_P=0.0000114086;
k_ATR=0.0264048206;
K_add=0.0000968553;
kd_pATR=0.0016579155;
k_Chk1=207.8679800468;
C_Chk1=0.8658061092;
pChk1_ref12_5_24h=0.0063930713;
pChk1_ref100_24h=0.0072348534;
pChk1_ref100_48h=0.0088560028;
kd_pChk1=0.0450476547;
k_cdc25=213.0461930174;
K_cdc25=1.2034455727;
kf_p53=0.0006125281;
k_p53=31.9447806979;
K_ATR=0.0003536429;
p53ser46_ref50_72h=0.0005119439;
kp_ser46=3.2635235562;
K_p53=0.4965913690;
upAsy=0.1917657458;
sness=0.0030920336;
k_apop=0.0615494233;
tED50=342.0059176498;
cell_pop_norm0_Jack_MGMT_P=73.4884326412;
k_dis=0.0144265565;

%%%%%%%%%

cost=227.8561517282;

%%%%%%%%%

