TMZout0_Ka_XTMZ(norm)=0.98930;
MGMT_P0(norm)=1.00000;
k_MGMT(norm)=0.60233;
k_addO(norm)=0.39621;
k_addN(norm)=0.71143;
DSB_72h_fac(norm)=0.59251;
k_DSBO(norm)=0.77514;
k_DSBN(norm)=0.50840;
k_CyA(norm)=0.71483;
fVX(norm)=0.12357;
kf_ATR_MGMT_P(norm)=0.88499;
k_ATR(norm)=0.77376;
K_add(norm)=0.78228;
kd_pATR(norm)=0.74493;
k_Chk1(norm)=0.47476;
C_Chk1(norm)=0.52688;
pChk1_ref12_5_24h(norm)=0.18640;
pChk1_ref100_24h(norm)=0.25882;
pChk1_ref100_48h(norm)=0.54852;
kd_pChk1(norm)=0.76450;
k_cdc25(norm)=0.45001;
K_cdc25(norm)=0.64344;
kf_p53(norm)=1.00000;
k_p53(norm)=0.01795;
K_ATR(norm)=0.52958;
p53ser46_ref50_72h(norm)=0.39582;
kp_ser46(norm)=0.72217;
K_p53(norm)=0.35472;
upAsy(norm)=0.34604;
sness(norm)=0.28275;
k_apop(norm)=0.15560;
tED50(norm)=0.81761;
cell_pop_norm0_Jack_MGMT_P(norm)=0.28174;
k_dis(norm)=0.68570;

%%%%%%%%%

TMZout0_Ka_XTMZ=38.9042844821;
MGMT_P0=2.5000000000;
k_MGMT=47.5977380851;
k_addO=0.0094344963;
k_addN=0.1686679170;
DSB_72h_fac=1.0407696957;
k_DSBO=0.0003678746;
k_DSBN=0.0000345865;
k_CyA=2.2766705836;
fVX=0.0009537663;
kf_ATR_MGMT_P=0.0000139979;
k_ATR=0.0243883855;
K_add=0.0000828675;
kd_pATR=0.0044402249;
k_Chk1=437.3896950556;
C_Chk1=0.7081666655;
pChk1_ref12_5_24h=0.0054347737;
pChk1_ref100_24h=0.0057918882;
pChk1_ref100_48h=0.0083700510;
kd_pChk1=0.0950392727;
k_cdc25=215.0838705769;
K_cdc25=1.4170320477;
kf_p53=0.0009820586;
k_p53=22.9721903138;
K_ATR=0.0003957908;
p53ser46_ref50_72h=0.0004640400;
kp_ser46=4.3182250795;
K_p53=0.4356163359;
upAsy=0.2057461521;
sness=0.0032223207;
k_apop=0.0443365163;
tED50=453.6653392622;
cell_pop_norm0_Jack_MGMT_P=77.3998003303;
k_dis=0.0176536023;

%%%%%%%%%

cost=272.6568386604;

%%%%%%%%%

