TMZout0_Ka_XTMZ(norm)=0.07521;
MGMT_P0(norm)=0.47095;
k_MGMT(norm)=0.66958;
k_addO(norm)=0.28468;
k_addN(norm)=0.37450;
DSB_72h_fac(norm)=0.33810;
k_DSBO(norm)=0.48344;
k_DSBN(norm)=0.38169;
k_CyA(norm)=0.60917;
fVX(norm)=0.23983;
kf_ATR_MGMT_P(norm)=0.45481;
k_ATR(norm)=0.86361;
K_add(norm)=0.69612;
kd_pATR(norm)=0.23403;
k_Chk1(norm)=0.51912;
C_Chk1(norm)=0.25727;
pChk1_ref12_5_24h(norm)=0.71568;
pChk1_ref100_24h(norm)=0.76292;
pChk1_ref100_48h(norm)=0.70075;
kd_pChk1(norm)=0.57786;
k_cdc25(norm)=0.42989;
K_cdc25(norm)=0.24838;
kf_p53(norm)=0.57461;
k_p53(norm)=0.37872;
K_ATR(norm)=0.12437;
p53ser46_ref50_72h(norm)=0.47863;
kp_ser46(norm)=0.64199;
K_p53(norm)=0.44024;
upAsy(norm)=0.42088;
sness(norm)=0.09184;
k_apop(norm)=0.78812;
tED50(norm)=0.29107;
cell_pop_norm0_Jack_MGMT_P(norm)=0.16790;
k_dis(norm)=0.13456;

%%%%%%%%%

TMZout0_Ka_XTMZ=31.5398785822;
MGMT_P0=1.7992569477;
k_MGMT=50.3887527416;
k_addO=0.0085837542;
k_addN=0.1267798972;
DSB_72h_fac=0.8648856912;
k_DSBO=0.0002873163;
k_DSBN=0.0000310658;
k_CyA=2.0817066990;
fVX=0.0010524963;
kf_ATR_MGMT_P=0.0000097223;
k_ATR=0.0263176330;
K_add=0.0000770334;
kd_pATR=0.0028800899;
k_Chk1=454.1433746121;
C_Chk1=0.5635393133;
pChk1_ref12_5_24h=0.0085102469;
pChk1_ref100_24h=0.0088780645;
pChk1_ref100_48h=0.0095223405;
kd_pChk1=0.0811382274;
k_cdc25=211.4473944676;
K_cdc25=1.0139252773;
kf_p53=0.0006848643;
k_p53=31.1860264348;
K_ATR=0.0002807761;
p53ser46_ref50_72h=0.0004977709;
kp_ser46=4.0345969770;
K_p53=0.4683541293;
upAsy=0.2192158673;
sness=0.0027410704;
k_apop=0.0757732500;
tED50=290.3894406910;
cell_pop_norm0_Jack_MGMT_P=74.3201101357;
k_dis=0.0110668922;

%%%%%%%%%

cost=460.7480143708;

%%%%%%%%%

