TMZout0_Ka_XTMZ(norm)=0.82380;
MGMT_P0(norm)=0.72641;
k_MGMT(norm)=0.53103;
k_addO(norm)=0.23279;
k_addN(norm)=0.02713;
DSB_72h_fac(norm)=0.14662;
k_DSBO(norm)=0.41598;
k_DSBN(norm)=0.56245;
k_CyA(norm)=0.26539;
fVX(norm)=0.35977;
kf_ATR_MGMT_P(norm)=0.66069;
k_ATR(norm)=0.62469;
K_add(norm)=0.24791;
kd_pATR(norm)=0.78149;
k_Chk1(norm)=0.49794;
C_Chk1(norm)=0.27452;
pChk1_ref12_5_24h(norm)=0.42582;
pChk1_ref100_24h(norm)=0.46093;
pChk1_ref100_48h(norm)=1.00000;
kd_pChk1(norm)=0.00010;
k_cdc25(norm)=0.48867;
K_cdc25(norm)=0.86800;
kf_p53(norm)=0.16739;
k_p53(norm)=0.44287;
K_ATR(norm)=0.23296;
p53ser46_ref50_72h(norm)=0.41853;
kp_ser46(norm)=0.68727;
K_p53(norm)=0.78563;
upAsy(norm)=0.72293;
sness(norm)=0.89010;
k_apop(norm)=0.82107;
tED50(norm)=0.62136;
cell_pop_norm0_Jack_MGMT_P(norm)=0.66841;
k_dis(norm)=0.41250;

%%%%%%%%%

TMZout0_Ka_XTMZ=37.4539307201;
MGMT_P0=2.0711127565;
k_MGMT=48.5360724117;
k_addO=0.0076771556;
k_addN=0.0898748073;
DSB_72h_fac=0.7007133001;
k_DSBO=0.0003171440;
k_DSBN=0.0000347396;
k_CyA=2.1156788364;
fVX=0.0012012339;
kf_ATR_MGMT_P=0.0000116275;
k_ATR=0.0291510443;
K_add=0.0000679732;
kd_pATR=0.0023437606;
k_Chk1=296.0265331826;
C_Chk1=0.5801775263;
pChk1_ref12_5_24h=0.0077216416;
pChk1_ref100_24h=0.0080015424;
pChk1_ref100_48h=0.0152699534;
kd_pChk1=0.0371193496;
k_cdc25=195.3420421096;
K_cdc25=1.7372363364;
kf_p53=0.0003308291;
k_p53=27.0902652516;
K_ATR=0.0003608745;
p53ser46_ref50_72h=0.0003348915;
kp_ser46=3.3692437687;
K_p53=0.6923968545;
upAsy=0.3162048519;
sness=0.0069556675;
k_apop=0.0753606714;
tED50=426.4138084884;
cell_pop_norm0_Jack_MGMT_P=88.8455343969;
k_dis=0.0135688424;

%%%%%%%%%

cost=244.3287182120;

%%%%%%%%%

