TMZout0_Ka_XTMZ(norm)=0.79351;
MGMT_P0(norm)=0.98377;
k_MGMT(norm)=0.68595;
k_addO(norm)=0.53312;
k_addN(norm)=0.64774;
DSB_72h_fac(norm)=0.27652;
k_DSBO(norm)=0.85480;
k_DSBN(norm)=0.42314;
k_CyA(norm)=0.29029;
fVX(norm)=1.00000;
kf_ATR_MGMT_P(norm)=1.00000;
k_ATR(norm)=0.46404;
K_add(norm)=0.56715;
kd_pATR(norm)=0.64495;
k_Chk1(norm)=0.15359;
C_Chk1(norm)=0.43039;
pChk1_ref12_5_24h(norm)=0.50349;
pChk1_ref100_24h(norm)=0.79436;
pChk1_ref100_48h(norm)=0.79110;
kd_pChk1(norm)=0.29804;
k_cdc25(norm)=0.39914;
K_cdc25(norm)=0.58977;
kf_p53(norm)=0.63800;
k_p53(norm)=0.42929;
K_ATR(norm)=0.15659;
p53ser46_ref50_72h(norm)=0.82485;
kp_ser46(norm)=0.81422;
K_p53(norm)=0.72314;
upAsy(norm)=0.25731;
sness(norm)=0.14862;
k_apop(norm)=0.55867;
tED50(norm)=0.50799;
cell_pop_norm0_Jack_MGMT_P(norm)=0.25802;
k_dis(norm)=0.69453;

%%%%%%%%%

TMZout0_Ka_XTMZ=37.1943255356;
MGMT_P0=2.4756646931;
k_MGMT=42.7400818981;
k_addO=0.0097413183;
k_addN=0.1207885783;
DSB_72h_fac=0.8080651069;
k_DSBO=0.0004071941;
k_DSBN=0.0000356687;
k_CyA=1.8247949676;
fVX=0.0018062589;
kf_ATR_MGMT_P=0.0000152013;
k_ATR=0.0222189999;
K_add=0.0000736645;
kd_pATR=0.0035578065;
k_Chk1=280.1762125655;
C_Chk1=0.6656832221;
pChk1_ref12_5_24h=0.0072375376;
pChk1_ref100_24h=0.0092754372;
pChk1_ref100_48h=0.0107834441;
kd_pChk1=0.0596940130;
k_cdc25=217.5028404122;
K_cdc25=1.3236858631;
kf_p53=0.0006178112;
k_p53=32.2586233176;
K_ATR=0.0003275759;
p53ser46_ref50_72h=0.0005744567;
kp_ser46=4.0876749865;
K_p53=0.6926883068;
upAsy=0.1885840767;
sness=0.0026320929;
k_apop=0.0645729041;
tED50=408.9711547356;
cell_pop_norm0_Jack_MGMT_P=76.7478390284;
k_dis=0.0179170562;

%%%%%%%%%

cost=214.8563429517;

%%%%%%%%%

