TMZout0_Ka_XTMZ(norm)=0.36117;
MGMT_P0(norm)=0.79255;
k_MGMT(norm)=0.78641;
k_addO(norm)=0.67860;
k_addN(norm)=0.92171;
DSB_72h_fac(norm)=0.68462;
k_DSBO(norm)=0.64144;
k_DSBN(norm)=0.69665;
k_CyA(norm)=0.52885;
fVX(norm)=0.59418;
kf_ATR_MGMT_P(norm)=0.59645;
k_ATR(norm)=0.73380;
K_add(norm)=0.58975;
kd_pATR(norm)=0.90052;
k_Chk1(norm)=0.70246;
C_Chk1(norm)=0.60331;
pChk1_ref12_5_24h(norm)=0.45506;
pChk1_ref100_24h(norm)=0.45391;
pChk1_ref100_48h(norm)=0.46741;
kd_pChk1(norm)=0.82537;
k_cdc25(norm)=0.71451;
K_cdc25(norm)=0.45758;
kf_p53(norm)=0.22619;
k_p53(norm)=0.68967;
K_ATR(norm)=0.76915;
p53ser46_ref50_72h(norm)=0.13948;
kp_ser46(norm)=0.51445;
K_p53(norm)=0.88949;
upAsy(norm)=0.33161;
sness(norm)=0.79658;
k_apop(norm)=0.74940;
tED50(norm)=0.54342;
cell_pop_norm0_Jack_MGMT_P(norm)=0.16280;
k_dis(norm)=0.60865;

%%%%%%%%%

TMZout0_Ka_XTMZ=33.6799190120;
MGMT_P0=2.2246830970;
k_MGMT=48.1323055323;
k_addO=0.0112369291;
k_addN=0.1637704464;
DSB_72h_fac=1.1032167973;
k_DSBO=0.0003394503;
k_DSBN=0.0000435241;
k_CyA=2.3357568223;
fVX=0.0014332307;
kf_ATR_MGMT_P=0.0000109746;
k_ATR=0.0299102073;
K_add=0.0000815104;
kd_pATR=0.0035554624;
k_Chk1=370.5484834550;
C_Chk1=0.7633311446;
pChk1_ref12_5_24h=0.0076310185;
pChk1_ref100_24h=0.0076405964;
pChk1_ref100_48h=0.0095395838;
kd_pChk1=0.0773121773;
k_cdc25=257.9482737264;
K_cdc25=1.2489862289;
kf_p53=0.0004252199;
k_p53=35.7138154673;
K_ATR=0.0005402499;
p53ser46_ref50_72h=0.0003289739;
kp_ser46=3.1186069259;
K_p53=0.8348165984;
upAsy=0.1586563276;
sness=0.0044971177;
k_apop=0.0667783414;
tED50=366.0154031434;
cell_pop_norm0_Jack_MGMT_P=74.1851221940;
k_dis=0.0164610772;

%%%%%%%%%

cost=123.2109620932;

%%%%%%%%%

