TMZout0_Ka_XTMZ(norm)=0.25000;
MGMT_P0(norm)=0.75000;
k_MGMT(norm)=0.75000;
k_addO(norm)=0.25000;
k_addN(norm)=0.75000;
DSB_72h_fac(norm)=0.25000;
k_DSBO(norm)=0.50000;
k_DSBN(norm)=0.50000;
k_CyA(norm)=0.75000;
fVX(norm)=0.75000;
kf_ATR_MGMT_P(norm)=0.25000;
k_ATR(norm)=0.50000;
K_add(norm)=0.50000;
kd_pATR(norm)=0.50000;
k_Chk1(norm)=0.75000;
C_Chk1(norm)=0.75000;
pChk1_ref12_5_24h(norm)=0.25000;
pChk1_ref100_24h(norm)=0.75000;
pChk1_ref100_48h(norm)=0.50000;
kd_pChk1(norm)=0.25000;
k_cdc25(norm)=0.25000;
K_cdc25(norm)=0.50000;
kf_p53(norm)=0.75000;
k_p53(norm)=0.50000;
K_ATR(norm)=0.50000;
p53ser46_ref50_72h(norm)=0.25000;
kp_ser46(norm)=0.75000;
K_p53(norm)=0.25000;
upAsy(norm)=0.50000;
sness(norm)=0.75000;
k_apop(norm)=0.75000;
tED50(norm)=0.75000;
cell_pop_norm0_Jack_MGMT_P(norm)=0.50000;
k_dis(norm)=0.25000;

%%%%%%%%%

TMZout0_Ka_XTMZ=32.8312503013;
MGMT_P0=2.1401222973;
k_MGMT=53.9417872216;
k_addO=0.0083351866;
k_addN=0.1742715221;
DSB_72h_fac=0.8111826310;
k_DSBO=0.0002913760;
k_DSBN=0.0000343414;
k_CyA=2.3455343899;
fVX=0.0016216303;
kf_ATR_MGMT_P=0.0000081734;
k_ATR=0.0193395730;
K_add=0.0000652397;
kd_pATR=0.0036080793;
k_Chk1=552.2677278983;
C_Chk1=0.8555327210;
pChk1_ref12_5_24h=0.0057356724;
pChk1_ref100_24h=0.0087814202;
pChk1_ref100_48h=0.0080329292;
kd_pChk1=0.0614582973;
k_cdc25=181.5551617312;
K_cdc25=1.2548642924;
kf_p53=0.0007945902;
k_p53=34.5610918502;
K_ATR=0.0003859949;
p53ser46_ref50_72h=0.0004101075;
kp_ser46=4.4212585734;
K_p53=0.3986289857;
upAsy=0.2344148982;
sness=0.0047874824;
k_apop=0.0733649189;
tED50=428.4058044437;
cell_pop_norm0_Jack_MGMT_P=83.6660026534;
k_dis=0.0122041055;

%%%%%%%%%

cost=123.2309631316;

%%%%%%%%%

