TMZout0_Ka_XTMZ(norm)=0.49965;
MGMT_P0(norm)=0.20100;
k_MGMT(norm)=0.64540;
k_addO(norm)=0.19173;
k_addN(norm)=0.44043;
DSB_72h_fac(norm)=0.65088;
k_DSBO(norm)=0.57140;
k_DSBN(norm)=0.62654;
k_CyA(norm)=0.92344;
fVX(norm)=0.75467;
kf_ATR_MGMT_P(norm)=0.45599;
k_ATR(norm)=1.00000;
K_add(norm)=0.59558;
kd_pATR(norm)=0.68850;
k_Chk1(norm)=0.57566;
C_Chk1(norm)=0.57803;
pChk1_ref12_5_24h(norm)=0.00010;
pChk1_ref100_24h(norm)=0.54301;
pChk1_ref100_48h(norm)=0.85207;
kd_pChk1(norm)=0.81422;
k_cdc25(norm)=0.13794;
K_cdc25(norm)=0.53699;
kf_p53(norm)=0.73539;
k_p53(norm)=0.42269;
K_ATR(norm)=0.72709;
p53ser46_ref50_72h(norm)=0.76438;
kp_ser46(norm)=0.67508;
K_p53(norm)=0.42222;
upAsy(norm)=0.41094;
sness(norm)=0.29156;
k_apop(norm)=1.00000;
tED50(norm)=0.17101;
cell_pop_norm0_Jack_MGMT_P(norm)=0.47175;
k_dis(norm)=0.53967;

%%%%%%%%%

TMZout0_Ka_XTMZ=34.7678978406;
MGMT_P0=1.5212631910;
k_MGMT=49.3668728736;
k_addO=0.0079336767;
k_addN=0.1340641855;
DSB_72h_fac=1.0859265827;
k_DSBO=0.0003095481;
k_DSBN=0.0000382278;
k_CyA=2.7168430459;
fVX=0.0016280601;
kf_ATR_MGMT_P=0.0000097320;
k_ATR=0.0295416857;
K_add=0.0000707429;
kd_pATR=0.0042329261;
k_Chk1=476.4255479211;
C_Chk1=0.7395298835;
pChk1_ref12_5_24h=0.0046411643;
pChk1_ref100_24h=0.0073687917;
pChk1_ref100_48h=0.0108249649;
kd_pChk1=0.0991290937;
k_cdc25=165.1102978871;
K_cdc25=1.2948167480;
kf_p53=0.0007848156;
k_p53=32.3696017269;
K_ATR=0.0004678929;
p53ser46_ref50_72h=0.0006341312;
kp_ser46=4.1493293524;
K_p53=0.4612549060;
upAsy=0.2173761090;
sness=0.0032464753;
k_apop=0.0906739715;
tED50=262.3021870511;
cell_pop_norm0_Jack_MGMT_P=82.8272113649;
k_dis=0.0155989966;

%%%%%%%%%

cost=190.0922047170;

%%%%%%%%%

