TMZout0_Ka_XTMZ(norm)=0.60464;
MGMT_P0(norm)=0.98352;
k_MGMT(norm)=0.39351;
k_addO(norm)=0.65580;
k_addN(norm)=0.94969;
DSB_72h_fac(norm)=0.66089;
k_DSBO(norm)=0.46448;
k_DSBN(norm)=0.31875;
k_CyA(norm)=0.71908;
fVX(norm)=0.42665;
kf_ATR_MGMT_P(norm)=0.59892;
k_ATR(norm)=0.60739;
K_add(norm)=0.56033;
kd_pATR(norm)=0.68938;
k_Chk1(norm)=0.60342;
C_Chk1(norm)=0.61975;
pChk1_ref12_5_24h(norm)=0.72729;
pChk1_ref100_24h(norm)=0.74130;
pChk1_ref100_48h(norm)=0.71736;
kd_pChk1(norm)=0.45530;
k_cdc25(norm)=0.84191;
K_cdc25(norm)=0.59996;
kf_p53(norm)=0.75906;
k_p53(norm)=0.57384;
K_ATR(norm)=0.57862;
p53ser46_ref50_72h(norm)=0.76094;
kp_ser46(norm)=0.61847;
K_p53(norm)=0.38763;
upAsy(norm)=0.37619;
sness(norm)=0.70386;
k_apop(norm)=0.64877;
tED50(norm)=0.15871;
cell_pop_norm0_Jack_MGMT_P(norm)=0.15862;
k_dis(norm)=0.60124;

%%%%%%%%%

TMZout0_Ka_XTMZ=35.6160852153;
MGMT_P0=2.4753027434;
k_MGMT=33.3596943237;
k_addO=0.0108083983;
k_addN=0.1560048467;
DSB_72h_fac=1.0820603097;
k_DSBO=0.0002925308;
k_DSBN=0.0000326495;
k_CyA=2.6242121085;
fVX=0.0011112219;
kf_ATR_MGMT_P=0.0000108217;
k_ATR=0.0250885007;
K_add=0.0000732404;
kd_pATR=0.0036942991;
k_Chk1=410.1625522899;
C_Chk1=0.7815338016;
pChk1_ref12_5_24h=0.0087486566;
pChk1_ref100_24h=0.0088676663;
pChk1_ref100_48h=0.0101303163;
kd_pChk1=0.0682023356;
k_cdc25=316.5168501772;
K_cdc25=1.3351602758;
kf_p53=0.0006845506;
k_p53=36.4615689398;
K_ATR=0.0004683942;
p53ser46_ref50_72h=0.0005441769;
kp_ser46=3.4629452975;
K_p53=0.5212887003;
upAsy=0.2085696981;
sness=0.0042132715;
k_apop=0.0696953082;
tED50=304.2060201352;
cell_pop_norm0_Jack_MGMT_P=74.0745164060;
k_dis=0.0165554470;

%%%%%%%%%

cost=123.0803453595;

%%%%%%%%%

