TMZout0_Ka_XTMZ(norm)=0.54755;
MGMT_P0(norm)=0.55780;
k_MGMT(norm)=0.45340;
k_addO(norm)=0.46533;
k_addN(norm)=0.36639;
DSB_72h_fac(norm)=0.82870;
k_DSBO(norm)=0.80805;
k_DSBN(norm)=0.81055;
k_CyA(norm)=0.54669;
fVX(norm)=0.44614;
kf_ATR_MGMT_P(norm)=0.98311;
k_ATR(norm)=0.70299;
K_add(norm)=0.28030;
kd_pATR(norm)=0.63596;
k_Chk1(norm)=0.26935;
C_Chk1(norm)=0.68057;
pChk1_ref12_5_24h(norm)=0.04691;
pChk1_ref100_24h(norm)=0.52146;
pChk1_ref100_48h(norm)=0.63911;
kd_pChk1(norm)=0.64365;
k_cdc25(norm)=0.67178;
K_cdc25(norm)=0.42183;
kf_p53(norm)=0.74605;
k_p53(norm)=0.25997;
K_ATR(norm)=0.47870;
p53ser46_ref50_72h(norm)=0.80086;
kp_ser46(norm)=0.57050;
K_p53(norm)=0.80967;
upAsy(norm)=1.00000;
sness(norm)=0.38861;
k_apop(norm)=0.21262;
tED50(norm)=0.80743;
cell_pop_norm0_Jack_MGMT_P(norm)=0.29724;
k_dis(norm)=0.61307;

%%%%%%%%%

TMZout0_Ka_XTMZ=35.1523501745;
MGMT_P0=1.8990856016;
k_MGMT=41.9549862006;
k_addO=0.0100034603;
k_addN=0.1259121615;
DSB_72h_fac=1.2359293195;
k_DSBO=0.0003782751;
k_DSBN=0.0000446779;
k_CyA=1.9743751611;
fVX=0.0012535447;
kf_ATR_MGMT_P=0.0000152114;
k_ATR=0.0229690317;
K_add=0.0000541583;
kd_pATR=0.0040486271;
k_Chk1=367.5218995452;
C_Chk1=0.8066532191;
pChk1_ref12_5_24h=0.0048289269;
pChk1_ref100_24h=0.0072354516;
pChk1_ref100_48h=0.0090378409;
kd_pChk1=0.0857893380;
k_cdc25=259.5467157466;
K_cdc25=1.1744463720;
kf_p53=0.0007919326;
k_p53=28.2009426921;
K_ATR=0.0003790919;
p53ser46_ref50_72h=0.0006540371;
kp_ser46=3.7974592865;
K_p53=0.6404946913;
upAsy=0.3580746716;
sness=0.0035247201;
k_apop=0.0465313028;
tED50=449.7690365307;
cell_pop_norm0_Jack_MGMT_P=77.8290197753;
k_dis=0.0165999551;

%%%%%%%%%

cost=440.2009155501;

%%%%%%%%%

