TMZout0_Ka_XTMZ(norm)=0.56688;
MGMT_P0(norm)=0.69158;
k_MGMT(norm)=0.62392;
k_addO(norm)=0.56427;
k_addN(norm)=0.96745;
DSB_72h_fac(norm)=0.59828;
k_DSBO(norm)=0.64933;
k_DSBN(norm)=0.52185;
k_CyA(norm)=0.97924;
fVX(norm)=0.69681;
kf_ATR_MGMT_P(norm)=0.58176;
k_ATR(norm)=0.73533;
K_add(norm)=0.72014;
kd_pATR(norm)=0.43291;
k_Chk1(norm)=0.69468;
C_Chk1(norm)=0.64867;
pChk1_ref12_5_24h(norm)=0.59641;
pChk1_ref100_24h(norm)=0.62215;
pChk1_ref100_48h(norm)=0.65686;
kd_pChk1(norm)=0.68810;
k_cdc25(norm)=0.61695;
K_cdc25(norm)=0.46087;
kf_p53(norm)=0.73681;
k_p53(norm)=0.43710;
K_ATR(norm)=0.62987;
p53ser46_ref50_72h(norm)=0.70309;
kp_ser46(norm)=0.52010;
K_p53(norm)=0.42499;
upAsy(norm)=0.32308;
sness(norm)=0.58277;
k_apop(norm)=0.69819;
tED50(norm)=0.13361;
cell_pop_norm0_Jack_MGMT_P(norm)=0.16177;
k_dis(norm)=0.62693;

%%%%%%%%%

TMZout0_Ka_XTMZ=35.3086899060;
MGMT_P0=2.0637880298;
k_MGMT=48.4765810114;
k_addO=0.0108782557;
k_addN=0.2095290301;
DSB_72h_fac=1.0451520831;
k_DSBO=0.0003306762;
k_DSBN=0.0000349829;
k_CyA=2.8483668457;
fVX=0.0015501662;
kf_ATR_MGMT_P=0.0000108263;
k_ATR=0.0236071383;
K_add=0.0000786173;
kd_pATR=0.0034087059;
k_Chk1=526.9801198949;
C_Chk1=0.7851443370;
pChk1_ref12_5_24h=0.0076923099;
pChk1_ref100_24h=0.0078798999;
pChk1_ref100_48h=0.0091747594;
kd_pChk1=0.0890825122;
k_cdc25=247.7643649689;
K_cdc25=1.2139445480;
kf_p53=0.0007857606;
k_p53=32.7673820435;
K_ATR=0.0004308944;
p53ser46_ref50_72h=0.0006020393;
kp_ser46=3.6387092467;
K_p53=0.4623390886;
upAsy=0.2017824103;
sness=0.0041550086;
k_apop=0.0702137581;
tED50=254.1191305398;
cell_pop_norm0_Jack_MGMT_P=74.1578066790;
k_dis=0.0167961127;

%%%%%%%%%

cost=123.4800127690;

%%%%%%%%%

