TMZout0_Ka_XTMZ(norm)=0.00312;
MGMT_P0(norm)=0.60063;
k_MGMT(norm)=0.50778;
k_addO(norm)=0.73339;
k_addN(norm)=0.00010;
DSB_72h_fac(norm)=0.26801;
k_DSBO(norm)=0.34727;
k_DSBN(norm)=0.63296;
k_CyA(norm)=0.26462;
fVX(norm)=0.46919;
kf_ATR_MGMT_P(norm)=0.51202;
k_ATR(norm)=0.60458;
K_add(norm)=1.00000;
kd_pATR(norm)=0.27748;
k_Chk1(norm)=0.97616;
C_Chk1(norm)=0.34327;
pChk1_ref12_5_24h(norm)=0.16429;
pChk1_ref100_24h(norm)=0.61927;
pChk1_ref100_48h(norm)=0.90785;
kd_pChk1(norm)=0.38030;
k_cdc25(norm)=0.45317;
K_cdc25(norm)=0.37112;
kf_p53(norm)=0.01898;
k_p53(norm)=0.96702;
K_ATR(norm)=0.49927;
p53ser46_ref50_72h(norm)=0.60399;
kp_ser46(norm)=0.45934;
K_p53(norm)=0.76986;
upAsy(norm)=0.26701;
sness(norm)=0.92543;
k_apop(norm)=1.00000;
tED50(norm)=0.57200;
cell_pop_norm0_Jack_MGMT_P(norm)=0.23966;
k_dis(norm)=0.22074;

%%%%%%%%%

TMZout0_Ka_XTMZ=31.0222067146;
MGMT_P0=2.0115051409;
k_MGMT=39.2004295889;
k_addO=0.0123740775;
k_addN=0.0851569238;
DSB_72h_fac=0.8079604455;
k_DSBO=0.0002603027;
k_DSBN=0.0000431820;
k_CyA=1.5792459998;
fVX=0.0012453498;
kf_ATR_MGMT_P=0.0000102185;
k_ATR=0.0193339740;
K_add=0.0001031281;
kd_pATR=0.0024480526;
k_Chk1=606.4488756978;
C_Chk1=0.6070806798;
pChk1_ref12_5_24h=0.0049788859;
pChk1_ref100_24h=0.0073302830;
pChk1_ref100_48h=0.0109930046;
kd_pChk1=0.0659683782;
k_cdc25=264.5696400290;
K_cdc25=1.1173167824;
kf_p53=0.0004162579;
k_p53=41.4770076334;
K_ATR=0.0003202694;
p53ser46_ref50_72h=0.0005618160;
kp_ser46=3.8258793644;
K_p53=0.9667962003;
upAsy=0.2118698331;
sness=0.0052689776;
k_apop=0.0902583664;
tED50=405.0747823163;
cell_pop_norm0_Jack_MGMT_P=76.2468239730;
k_dis=0.0119379898;

%%%%%%%%%

cost=403.9454097441;

%%%%%%%%%

