TMZout0_Ka_XTMZ(norm)=0.47183;
MGMT_P0(norm)=0.88696;
k_MGMT(norm)=0.13825;
k_addO(norm)=0.66894;
k_addN(norm)=0.45389;
DSB_72h_fac(norm)=0.24767;
k_DSBO(norm)=0.82464;
k_DSBN(norm)=0.48907;
k_CyA(norm)=0.49143;
fVX(norm)=1.00000;
kf_ATR_MGMT_P(norm)=0.86019;
k_ATR(norm)=0.52447;
K_add(norm)=0.00010;
kd_pATR(norm)=0.36877;
k_Chk1(norm)=0.24320;
C_Chk1(norm)=0.72084;
pChk1_ref12_5_24h(norm)=0.98655;
pChk1_ref100_24h(norm)=1.00000;
pChk1_ref100_48h(norm)=1.00000;
kd_pChk1(norm)=0.86528;
k_cdc25(norm)=0.09939;
K_cdc25(norm)=0.52631;
kf_p53(norm)=0.00010;
k_p53(norm)=1.00000;
K_ATR(norm)=0.52484;
p53ser46_ref50_72h(norm)=0.79835;
kp_ser46(norm)=1.00000;
K_p53(norm)=1.00000;
upAsy(norm)=0.50916;
sness(norm)=0.34077;
k_apop(norm)=0.63766;
tED50(norm)=0.42950;
cell_pop_norm0_Jack_MGMT_P(norm)=0.28471;
k_dis(norm)=0.99267;

%%%%%%%%%

TMZout0_Ka_XTMZ=34.5465411060;
MGMT_P0=2.3354022465;
k_MGMT=26.8715361629;
k_addO=0.0109293817;
k_addN=0.1024933020;
DSB_72h_fac=0.7905469620;
k_DSBO=0.0003969193;
k_DSBN=0.0000377181;
k_CyA=2.1638652976;
fVX=0.0018062589;
kf_ATR_MGMT_P=0.0000135032;
k_ATR=0.0233864366;
K_add=0.0000455614;
kd_pATR=0.0028154854;
k_Chk1=302.2770848739;
C_Chk1=0.8514207434;
pChk1_ref12_5_24h=0.0108979122;
pChk1_ref100_24h=0.0110409177;
pChk1_ref100_48h=0.0128714905;
kd_pChk1=0.0965297173;
k_cdc25=168.7197568507;
K_cdc25=1.2543885313;
kf_p53=0.0003598524;
k_p53=52.3183656414;
K_ATR=0.0004475262;
p53ser46_ref50_72h=0.0005617016;
kp_ser46=4.7845179616;
K_p53=0.8758248289;
upAsy=0.2334430372;
sness=0.0030974902;
k_apop=0.0690423789;
tED50=382.6595946491;
cell_pop_norm0_Jack_MGMT_P=77.4818979571;
k_dis=0.0230663085;

%%%%%%%%%

cost=504.4888151817;

%%%%%%%%%

