TMZout0_Ka_XTMZ(norm)=0.42677;
MGMT_P0(norm)=0.21609;
k_MGMT(norm)=0.57728;
k_addO(norm)=0.67523;
k_addN(norm)=0.86829;
DSB_72h_fac(norm)=0.67625;
k_DSBO(norm)=0.53277;
k_DSBN(norm)=0.77956;
k_CyA(norm)=0.70739;
fVX(norm)=0.55952;
kf_ATR_MGMT_P(norm)=0.73455;
k_ATR(norm)=1.00000;
K_add(norm)=0.45731;
kd_pATR(norm)=0.57414;
k_Chk1(norm)=1.00000;
C_Chk1(norm)=0.45433;
pChk1_ref12_5_24h(norm)=0.39610;
pChk1_ref100_24h(norm)=0.51459;
pChk1_ref100_48h(norm)=0.49854;
kd_pChk1(norm)=1.00000;
k_cdc25(norm)=0.61398;
K_cdc25(norm)=0.33640;
kf_p53(norm)=0.42741;
k_p53(norm)=0.80033;
K_ATR(norm)=0.85939;
p53ser46_ref50_72h(norm)=0.53203;
kp_ser46(norm)=0.00010;
K_p53(norm)=0.21739;
upAsy(norm)=0.90971;
sness(norm)=0.35378;
k_apop(norm)=0.97540;
tED50(norm)=0.88964;
cell_pop_norm0_Jack_MGMT_P(norm)=0.55420;
k_dis(norm)=0.82813;

%%%%%%%%%

TMZout0_Ka_XTMZ=34.1910304907;
MGMT_P0=1.5588787792;
k_MGMT=38.9804997980;
k_addO=0.0109877853;
k_addN=0.1456077442;
DSB_72h_fac=1.0947586492;
k_DSBO=0.0003099571;
k_DSBN=0.0000482438;
k_CyA=2.5983552289;
fVX=0.0012436396;
kf_ATR_MGMT_P=0.0000121396;
k_ATR=0.0349902468;
K_add=0.0000671183;
kd_pATR=0.0033506154;
k_Chk1=573.9700930324;
C_Chk1=0.6793216815;
pChk1_ref12_5_24h=0.0066080414;
pChk1_ref100_24h=0.0073178613;
pChk1_ref100_48h=0.0084159754;
kd_pChk1=0.1082018424;
k_cdc25=260.9294075106;
K_cdc25=1.0679418431;
kf_p53=0.0005168508;
k_p53=44.1754595140;
K_ATR=0.0005941907;
p53ser46_ref50_72h=0.0004482326;
kp_ser46=2.0506814443;
K_p53=0.4512670263;
upAsy=0.3277729017;
sness=0.0031318080;
k_apop=0.0919173440;
tED50=565.1087070783;
cell_pop_norm0_Jack_MGMT_P=85.2990719391;
k_dis=0.0200645263;

%%%%%%%%%

cost=292.4026407123;

%%%%%%%%%

