TMZout0_Ka_XTMZ(norm)=0.00010;
MGMT_P0(norm)=0.58464;
k_MGMT(norm)=0.80692;
k_addO(norm)=0.00010;
k_addN(norm)=0.89247;
DSB_72h_fac(norm)=0.71142;
k_DSBO(norm)=0.77050;
k_DSBN(norm)=0.41790;
k_CyA(norm)=0.37927;
fVX(norm)=0.52422;
kf_ATR_MGMT_P(norm)=0.57074;
k_ATR(norm)=0.49282;
K_add(norm)=0.57310;
kd_pATR(norm)=0.62730;
k_Chk1(norm)=0.57498;
C_Chk1(norm)=0.77617;
pChk1_ref12_5_24h(norm)=0.01171;
pChk1_ref100_24h(norm)=0.56851;
pChk1_ref100_48h(norm)=0.60281;
kd_pChk1(norm)=0.65578;
k_cdc25(norm)=0.25409;
K_cdc25(norm)=0.76815;
kf_p53(norm)=0.50684;
k_p53(norm)=0.67606;
K_ATR(norm)=0.15827;
p53ser46_ref50_72h(norm)=0.52049;
kp_ser46(norm)=0.80044;
K_p53(norm)=0.39180;
upAsy(norm)=0.05482;
sness(norm)=0.58035;
k_apop(norm)=0.45555;
tED50(norm)=0.13217;
cell_pop_norm0_Jack_MGMT_P(norm)=0.35294;
k_dis(norm)=0.53328;

%%%%%%%%%

TMZout0_Ka_XTMZ=31.0007116889;
MGMT_P0=1.9310393744;
k_MGMT=56.6072796482;
k_addO=0.0067446269;
k_addN=0.1966317993;
DSB_72h_fac=1.1348389979;
k_DSBO=0.0003664293;
k_DSBN=0.0000320336;
k_CyA=1.7132571926;
fVX=0.0013392814;
kf_ATR_MGMT_P=0.0000107257;
k_ATR=0.0192222975;
K_add=0.0000694084;
kd_pATR=0.0040190215;
k_Chk1=476.1511592562;
C_Chk1=0.8747177453;
pChk1_ref12_5_24h=0.0046870514;
pChk1_ref100_24h=0.0075297210;
pChk1_ref100_48h=0.0087640918;
kd_pChk1=0.0866758683;
k_cdc25=182.1856094095;
K_cdc25=1.5749562519;
kf_p53=0.0006466458;
k_p53=40.1211360392;
K_ATR=0.0002889558;
p53ser46_ref50_72h=0.0005157389;
kp_ser46=4.6143208007;
K_p53=0.4495170894;
upAsy=0.1607569340;
sness=0.0041464772;
k_apop=0.0571659008;
tED50=253.8094169229;
cell_pop_norm0_Jack_MGMT_P=79.3905221453;
k_dis=0.0155148662;

%%%%%%%%%

cost=212.7960969872;

%%%%%%%%%

