TMZout0_Ka_XTMZ(norm)=0.26541;
MGMT_P0(norm)=0.94785;
k_MGMT(norm)=0.51381;
k_addO(norm)=0.54469;
k_addN(norm)=0.29447;
DSB_72h_fac(norm)=0.08613;
k_DSBO(norm)=0.54183;
k_DSBN(norm)=0.43826;
k_CyA(norm)=0.81938;
fVX(norm)=0.51098;
kf_ATR_MGMT_P(norm)=0.66516;
k_ATR(norm)=0.46786;
K_add(norm)=0.81074;
kd_pATR(norm)=0.31407;
k_Chk1(norm)=0.09685;
C_Chk1(norm)=0.48889;
pChk1_ref12_5_24h(norm)=0.23160;
pChk1_ref100_24h(norm)=0.72509;
pChk1_ref100_48h(norm)=0.58749;
kd_pChk1(norm)=0.65421;
k_cdc25(norm)=0.33243;
K_cdc25(norm)=0.20488;
kf_p53(norm)=0.72350;
k_p53(norm)=0.76699;
K_ATR(norm)=0.22704;
p53ser46_ref50_72h(norm)=0.49462;
kp_ser46(norm)=0.28246;
K_p53(norm)=0.42336;
upAsy(norm)=0.54084;
sness(norm)=0.32675;
k_apop(norm)=0.32020;
tED50(norm)=0.89899;
cell_pop_norm0_Jack_MGMT_P(norm)=0.31603;
k_dis(norm)=0.51051;

%%%%%%%%%

TMZout0_Ka_XTMZ=32.9476189585;
MGMT_P0=2.4226733580;
k_MGMT=36.9394018434;
k_addO=0.0098372293;
k_addN=0.0895426730;
DSB_72h_fac=0.6992531598;
k_DSBO=0.0003123456;
k_DSBN=0.0000361287;
k_CyA=2.8569796964;
fVX=0.0011935218;
kf_ATR_MGMT_P=0.0000114464;
k_ATR=0.0222911514;
K_add=0.0000905511;
kd_pATR=0.0026879698;
k_Chk1=267.0235626465;
C_Chk1=0.6995052050;
pChk1_ref12_5_24h=0.0057483279;
pChk1_ref100_24h=0.0087466956;
pChk1_ref100_48h=0.0090747496;
kd_pChk1=0.0807217640;
k_cdc25=205.5499382502;
K_cdc25=0.9553307851;
kf_p53=0.0006642319;
k_p53=42.9448271289;
K_ATR=0.0003477262;
p53ser46_ref50_72h=0.0004342484;
kp_ser46=2.6049604706;
K_p53=0.5373145173;
upAsy=0.2397941926;
sness=0.0030609182;
k_apop=0.0527594085;
tED50=569.6032252318;
cell_pop_norm0_Jack_MGMT_P=78.3522823280;
k_dis=0.0153303100;

%%%%%%%%%

cost=246.7641248328;

%%%%%%%%%

