TMZout0_Ka_XTMZ(norm)=0.00010;
MGMT_P0(norm)=0.49366;
k_MGMT(norm)=0.89740;
k_addO(norm)=0.42409;
k_addN(norm)=0.42754;
DSB_72h_fac(norm)=0.51665;
k_DSBO(norm)=0.00010;
k_DSBN(norm)=0.72193;
k_CyA(norm)=0.50979;
fVX(norm)=0.69999;
kf_ATR_MGMT_P(norm)=0.92083;
k_ATR(norm)=0.68518;
K_add(norm)=0.88194;
kd_pATR(norm)=0.00010;
k_Chk1(norm)=0.64711;
C_Chk1(norm)=0.53861;
pChk1_ref12_5_24h(norm)=0.29800;
pChk1_ref100_24h(norm)=0.52116;
pChk1_ref100_48h(norm)=0.99170;
kd_pChk1(norm)=0.95338;
k_cdc25(norm)=0.60936;
K_cdc25(norm)=1.00000;
kf_p53(norm)=0.28959;
k_p53(norm)=0.35656;
K_ATR(norm)=0.20011;
p53ser46_ref50_72h(norm)=0.18975;
kp_ser46(norm)=0.33357;
K_p53(norm)=0.44639;
upAsy(norm)=0.03430;
sness(norm)=0.72074;
k_apop(norm)=0.25366;
tED50(norm)=0.79860;
cell_pop_norm0_Jack_MGMT_P(norm)=0.47507;
k_dis(norm)=0.51946;

%%%%%%%%%

TMZout0_Ka_XTMZ=31.0007116889;
MGMT_P0=1.8977143608;
k_MGMT=54.5335133975;
k_addO=0.0095213104;
k_addN=0.1223225831;
DSB_72h_fac=0.9738328296;
k_DSBO=0.0001939667;
k_DSBN=0.0000465630;
k_CyA=1.9438713563;
fVX=0.0015143244;
kf_ATR_MGMT_P=0.0000144484;
k_ATR=0.0207005787;
K_add=0.0000933110;
kd_pATR=0.0019353174;
k_Chk1=458.8950456114;
C_Chk1=0.7163549988;
pChk1_ref12_5_24h=0.0055761687;
pChk1_ref100_24h=0.0067455711;
pChk1_ref100_48h=0.0118024220;
kd_pChk1=0.1072054713;
k_cdc25=302.0051820959;
K_cdc25=1.9036550126;
kf_p53=0.0005235305;
k_p53=24.7271569956;
K_ATR=0.0002485607;
p53ser46_ref50_72h=0.0003955148;
kp_ser46=3.4391623382;
K_p53=0.7350307394;
upAsy=0.1739558325;
sness=0.0044300085;
k_apop=0.0479568479;
tED50=490.8164162860;
cell_pop_norm0_Jack_MGMT_P=82.9254820214;
k_dis=0.0153763921;

%%%%%%%%%

cost=275.9004492712;

%%%%%%%%%

