TMZout0_Ka_XTMZ(norm)=0.33573;
MGMT_P0(norm)=0.41685;
k_MGMT(norm)=0.98923;
k_addO(norm)=0.24290;
k_addN(norm)=0.32402;
DSB_72h_fac(norm)=0.53620;
k_DSBO(norm)=0.44232;
k_DSBN(norm)=0.56241;
k_CyA(norm)=0.20018;
fVX(norm)=0.22349;
kf_ATR_MGMT_P(norm)=0.95308;
k_ATR(norm)=0.50373;
K_add(norm)=0.43190;
kd_pATR(norm)=0.46696;
k_Chk1(norm)=0.56868;
C_Chk1(norm)=0.88613;
pChk1_ref12_5_24h(norm)=0.58603;
pChk1_ref100_24h(norm)=0.61081;
pChk1_ref100_48h(norm)=0.61253;
kd_pChk1(norm)=0.45294;
k_cdc25(norm)=0.36550;
K_cdc25(norm)=0.42549;
kf_p53(norm)=0.35520;
k_p53(norm)=0.67624;
K_ATR(norm)=0.49713;
p53ser46_ref50_72h(norm)=0.43365;
kp_ser46(norm)=0.92260;
K_p53(norm)=0.41216;
upAsy(norm)=0.62359;
sness(norm)=0.46813;
k_apop(norm)=0.42272;
tED50(norm)=0.95111;
cell_pop_norm0_Jack_MGMT_P(norm)=0.67244;
k_dis(norm)=0.73557;

%%%%%%%%%

TMZout0_Ka_XTMZ=33.4838115377;
MGMT_P0=1.7397459299;
k_MGMT=66.0625454708;
k_addO=0.0082851866;
k_addN=0.1214717550;
DSB_72h_fac=0.9989891461;
k_DSBO=0.0002774785;
k_DSBN=0.0000362061;
k_CyA=1.4720454188;
fVX=0.0010380229;
kf_ATR_MGMT_P=0.0000148292;
k_ATR=0.0194008606;
K_add=0.0000615816;
kd_pATR=0.0035084813;
k_Chk1=473.6197377978;
C_Chk1=0.9601244462;
pChk1_ref12_5_24h=0.0076249349;
pChk1_ref100_24h=0.0078045427;
pChk1_ref100_48h=0.0088365361;
kd_pChk1=0.0729889342;
k_cdc25=200.2211954573;
K_cdc25=1.1780889931;
kf_p53=0.0005686773;
k_p53=40.1271911074;
K_ATR=0.0003850577;
p53ser46_ref50_72h=0.0004791559;
kp_ser46=5.1175306735;
K_p53=0.4573391587;
upAsy=0.2602931677;
sness=0.0037703829;
k_apop=0.0555976212;
tED50=507.9960025216;
cell_pop_norm0_Jack_MGMT_P=88.9733621168;
k_dis=0.0184154636;

%%%%%%%%%

cost=254.4516886360;

%%%%%%%%%

