TMZout0_Ka_XTMZ(norm)=0.52271;
MGMT_P0(norm)=0.65073;
k_MGMT(norm)=0.52164;
k_addO(norm)=0.36849;
k_addN(norm)=0.33616;
DSB_72h_fac(norm)=0.49019;
k_DSBO(norm)=0.79485;
k_DSBN(norm)=0.39675;
k_CyA(norm)=0.01985;
fVX(norm)=0.60436;
kf_ATR_MGMT_P(norm)=0.03258;
k_ATR(norm)=0.24410;
K_add(norm)=0.00010;
kd_pATR(norm)=0.00010;
k_Chk1(norm)=0.16809;
C_Chk1(norm)=0.28968;
pChk1_ref12_5_24h(norm)=0.54765;
pChk1_ref100_24h(norm)=0.68232;
pChk1_ref100_48h(norm)=0.56873;
kd_pChk1(norm)=0.54295;
k_cdc25(norm)=0.39528;
K_cdc25(norm)=0.77292;
kf_p53(norm)=0.49826;
k_p53(norm)=0.00010;
K_ATR(norm)=0.62483;
p53ser46_ref50_72h(norm)=0.76459;
kp_ser46(norm)=0.72827;
K_p53(norm)=0.63419;
upAsy(norm)=0.90312;
sness(norm)=0.34180;
k_apop(norm)=1.00000;
tED50(norm)=1.00000;
cell_pop_norm0_Jack_MGMT_P(norm)=0.80445;
k_dis(norm)=0.00010;

%%%%%%%%%

TMZout0_Ka_XTMZ=34.9524206256;
MGMT_P0=2.0120385284;
k_MGMT=44.4521191404;
k_addO=0.0092154247;
k_addN=0.1227277817;
DSB_72h_fac=0.9660985384;
k_DSBO=0.0003740698;
k_DSBN=0.0000314647;
k_CyA=1.2634643635;
fVX=0.0014333783;
kf_ATR_MGMT_P=0.0000067982;
k_ATR=0.0155696923;
K_add=0.0000427130;
kd_pATR=0.0023622425;
k_Chk1=337.3026360499;
C_Chk1=0.5792261913;
pChk1_ref12_5_24h=0.0073809835;
pChk1_ref100_24h=0.0082920187;
pChk1_ref100_48h=0.0085146502;
kd_pChk1=0.0787734800;
k_cdc25=205.3377250562;
K_cdc25=1.5813393576;
kf_p53=0.0006419613;
k_p53=22.6274627823;
K_ATR=0.0004290573;
p53ser46_ref50_72h=0.0006342419;
kp_ser46=4.3405956432;
K_p53=0.5520021899;
upAsy=0.3298549256;
sness=0.0033876500;
k_apop=0.0906739715;
tED50=529.4799787438;
cell_pop_norm0_Jack_MGMT_P=93.2627997878;
k_dis=0.0098752604;

%%%%%%%%%

cost=100000.0000000000;

%%%%%%%%%

