TMZout0_Ka_XTMZ(norm)=0.46691;
MGMT_P0(norm)=0.98792;
k_MGMT(norm)=0.44816;
k_addO(norm)=0.55439;
k_addN(norm)=0.34082;
DSB_72h_fac(norm)=0.65229;
k_DSBO(norm)=0.72359;
k_DSBN(norm)=0.59356;
k_CyA(norm)=0.50950;
fVX(norm)=0.53518;
kf_ATR_MGMT_P(norm)=0.60241;
k_ATR(norm)=0.66173;
K_add(norm)=0.70142;
kd_pATR(norm)=0.37102;
k_Chk1(norm)=0.67059;
C_Chk1(norm)=0.60740;
pChk1_ref12_5_24h(norm)=0.75791;
pChk1_ref100_24h(norm)=0.75910;
pChk1_ref100_48h(norm)=0.73069;
kd_pChk1(norm)=0.54946;
k_cdc25(norm)=0.92896;
K_cdc25(norm)=0.68614;
kf_p53(norm)=0.54924;
k_p53(norm)=0.47720;
K_ATR(norm)=0.53966;
p53ser46_ref50_72h(norm)=0.54793;
kp_ser46(norm)=0.49345;
K_p53(norm)=0.92499;
upAsy(norm)=0.06143;
sness(norm)=0.44988;
k_apop(norm)=0.47881;
tED50(norm)=0.34572;
cell_pop_norm0_Jack_MGMT_P(norm)=0.14671;
k_dis(norm)=0.59335;

%%%%%%%%%

TMZout0_Ka_XTMZ=34.5075330746;
MGMT_P0=2.4836182517;
k_MGMT=37.2694922189;
k_addO=0.0106327086;
k_addN=0.1136573482;
DSB_72h_fac=1.0782627395;
k_DSBO=0.0003580591;
k_DSBN=0.0000417641;
k_CyA=1.9433968632;
fVX=0.0013169680;
kf_ATR_MGMT_P=0.0000110320;
k_ATR=0.0202932879;
K_add=0.0000800766;
kd_pATR=0.0026499697;
k_Chk1=468.1125167476;
C_Chk1=0.7593509004;
pChk1_ref12_5_24h=0.0082332715;
pChk1_ref100_24h=0.0082523597;
pChk1_ref100_48h=0.0094607335;
kd_pChk1=0.0761348226;
k_cdc25=395.9320919715;
K_cdc25=1.4591357300;
kf_p53=0.0006523596;
k_p53=27.3883104568;
K_ATR=0.0003314196;
p53ser46_ref50_72h=0.0005357539;
kp_ser46=3.9380711684;
K_p53=1.1026032758;
upAsy=0.1780013454;
sness=0.0035215660;
k_apop=0.0580365131;
tED50=334.4006712975;
cell_pop_norm0_Jack_MGMT_P=73.7604630525;
k_dis=0.0163697835;

%%%%%%%%%

cost=123.7266902643;

%%%%%%%%%

