TMZout0_Ka_XTMZ(norm)=0.80618;
MGMT_P0(norm)=1.00000;
k_MGMT(norm)=0.21957;
k_addO(norm)=0.81227;
k_addN(norm)=0.51009;
DSB_72h_fac(norm)=0.45343;
k_DSBO(norm)=0.00010;
k_DSBN(norm)=0.52922;
k_CyA(norm)=0.82388;
fVX(norm)=0.00010;
kf_ATR_MGMT_P(norm)=0.54246;
k_ATR(norm)=0.94549;
K_add(norm)=0.48925;
kd_pATR(norm)=0.33048;
k_Chk1(norm)=0.33237;
C_Chk1(norm)=0.32626;
pChk1_ref12_5_24h(norm)=0.05220;
pChk1_ref100_24h(norm)=0.40219;
pChk1_ref100_48h(norm)=0.68913;
kd_pChk1(norm)=1.00000;
k_cdc25(norm)=0.44742;
K_cdc25(norm)=0.21170;
kf_p53(norm)=0.30357;
k_p53(norm)=0.53940;
K_ATR(norm)=0.51818;
p53ser46_ref50_72h(norm)=0.69975;
kp_ser46(norm)=0.75753;
K_p53(norm)=0.85990;
upAsy(norm)=0.42046;
sness(norm)=0.17893;
k_apop(norm)=1.00000;
tED50(norm)=0.00010;
cell_pop_norm0_Jack_MGMT_P(norm)=0.25657;
k_dis(norm)=0.43851;

%%%%%%%%%

TMZout0_Ka_XTMZ=37.3027152721;
MGMT_P0=2.5000000000;
k_MGMT=28.7884752071;
k_addO=0.0123406028;
k_addN=0.1074915741;
DSB_72h_fac=0.9242913683;
k_DSBO=0.0001973742;
k_DSBN=0.0000390233;
k_CyA=2.8679044909;
fVX=0.0007741765;
kf_ATR_MGMT_P=0.0000103161;
k_ATR=0.0334109221;
K_add=0.0000689594;
kd_pATR=0.0027256212;
k_Chk1=325.9998531494;
C_Chk1=0.6094643897;
pChk1_ref12_5_24h=0.0049376991;
pChk1_ref100_24h=0.0066531043;
pChk1_ref100_48h=0.0098909370;
kd_pChk1=0.1082018424;
k_cdc25=226.5862618323;
K_cdc25=0.9608661585;
kf_p53=0.0004653668;
k_p53=35.4130928351;
K_ATR=0.0004450106;
p53ser46_ref50_72h=0.0005166793;
kp_ser46=3.8959470353;
K_p53=0.7777897641;
upAsy=0.2165406776;
sness=0.0027005703;
k_apop=0.0938532913;
tED50=265.9516780049;
cell_pop_norm0_Jack_MGMT_P=76.7081966276;
k_dis=0.0144230991;

%%%%%%%%%

cost=263.4017428881;

%%%%%%%%%

