TMZout0_Ka_XTMZ(norm)=0.66291;
MGMT_P0(norm)=0.52207;
k_MGMT(norm)=0.55656;
k_addO(norm)=0.32709;
k_addN(norm)=0.77786;
DSB_72h_fac(norm)=0.77495;
k_DSBO(norm)=0.51266;
k_DSBN(norm)=0.35924;
k_CyA(norm)=0.04395;
fVX(norm)=0.39136;
kf_ATR_MGMT_P(norm)=0.68845;
k_ATR(norm)=0.52495;
K_add(norm)=0.21766;
kd_pATR(norm)=0.50925;
k_Chk1(norm)=0.99109;
C_Chk1(norm)=0.03794;
pChk1_ref12_5_24h(norm)=0.60090;
pChk1_ref100_24h(norm)=0.70550;
pChk1_ref100_48h(norm)=0.75112;
kd_pChk1(norm)=0.36860;
k_cdc25(norm)=1.00000;
K_cdc25(norm)=0.50448;
kf_p53(norm)=0.00010;
k_p53(norm)=0.27796;
K_ATR(norm)=0.34189;
p53ser46_ref50_72h(norm)=0.49902;
kp_ser46(norm)=0.27582;
K_p53(norm)=0.69572;
upAsy(norm)=0.23662;
sness(norm)=0.59423;
k_apop(norm)=0.60021;
tED50(norm)=0.77256;
cell_pop_norm0_Jack_MGMT_P(norm)=0.24176;
k_dis(norm)=0.56655;

%%%%%%%%%

TMZout0_Ka_XTMZ=36.0957425743;
MGMT_P0=1.8573618730;
k_MGMT=45.7872440798;
k_addO=0.0088977810;
k_addN=0.1784341956;
DSB_72h_fac=1.1885276836;
k_DSBO=0.0002945191;
k_DSBN=0.0000304805;
k_CyA=1.2895352414;
fVX=0.0011966878;
kf_ATR_MGMT_P=0.0000118506;
k_ATR=0.0197527680;
K_add=0.0000513592;
kd_pATR=0.0036364709;
k_Chk1=677.4323160777;
C_Chk1=0.4679650033;
pChk1_ref12_5_24h=0.0077216287;
pChk1_ref100_24h=0.0084564599;
pChk1_ref100_48h=0.0099375981;
kd_pChk1=0.0679552454;
k_cdc25=342.7608330462;
K_cdc25=1.2596383942;
kf_p53=0.0004209179;
k_p53=28.6340222602;
K_ATR=0.0003376001;
p53ser46_ref50_72h=0.0005064457;
kp_ser46=2.9584141983;
K_p53=0.5815434364;
upAsy=0.1875291545;
sness=0.0041955212;
k_apop=0.0646204133;
tED50=436.6752489889;
cell_pop_norm0_Jack_MGMT_P=76.3040306361;
k_dis=0.0159583508;

%%%%%%%%%

cost=333.4831911544;

%%%%%%%%%

