TMZout0_Ka_XTMZ(norm)=0.11178;
MGMT_P0(norm)=0.37797;
k_MGMT(norm)=0.00010;
k_addO(norm)=0.24499;
k_addN(norm)=0.45041;
DSB_72h_fac(norm)=0.42125;
k_DSBO(norm)=0.80577;
k_DSBN(norm)=0.53247;
k_CyA(norm)=0.58518;
fVX(norm)=0.28929;
kf_ATR_MGMT_P(norm)=0.53423;
k_ATR(norm)=0.35267;
K_add(norm)=0.60938;
kd_pATR(norm)=0.36711;
k_Chk1(norm)=0.00010;
C_Chk1(norm)=0.57988;
pChk1_ref12_5_24h(norm)=0.00010;
pChk1_ref100_24h(norm)=0.27864;
pChk1_ref100_48h(norm)=0.93308;
kd_pChk1(norm)=0.21952;
k_cdc25(norm)=0.61359;
K_cdc25(norm)=1.00000;
kf_p53(norm)=0.53397;
k_p53(norm)=0.08265;
K_ATR(norm)=0.53112;
p53ser46_ref50_72h(norm)=0.88109;
kp_ser46(norm)=0.45764;
K_p53(norm)=0.08152;
upAsy(norm)=0.26103;
sness(norm)=0.46135;
k_apop(norm)=0.79250;
tED50(norm)=1.00000;
cell_pop_norm0_Jack_MGMT_P(norm)=0.68655;
k_dis(norm)=0.97099;

%%%%%%%%%

TMZout0_Ka_XTMZ=31.8058281763;
MGMT_P0=1.6296919400;
k_MGMT=30.9524139775;
k_addO=0.0077569453;
k_addN=0.1286453021;
DSB_72h_fac=0.8755367912;
k_DSBO=0.0004412567;
k_DSBN=0.0000338684;
k_CyA=2.7741084728;
fVX=0.0011315965;
kf_ATR_MGMT_P=0.0000104460;
k_ATR=0.0231503164;
K_add=0.0000923310;
kd_pATR=0.0016498052;
k_Chk1=194.1499888622;
C_Chk1=0.7514995157;
pChk1_ref12_5_24h=0.0053833720;
pChk1_ref100_24h=0.0068564419;
pChk1_ref100_48h=0.0144282397;
kd_pChk1=0.0447036676;
k_cdc25=217.1507008820;
K_cdc25=1.9428204967;
kf_p53=0.0004513337;
k_p53=19.9646048578;
K_ATR=0.0004645952;
p53ser46_ref50_72h=0.0004955819;
kp_ser46=2.7735389994;
K_p53=0.3812933583;
upAsy=0.2137960651;
sness=0.0048369385;
k_apop=0.0735586595;
tED50=587.7098218526;
cell_pop_norm0_Jack_MGMT_P=89.4222362564;
k_dis=0.0217797543;

%%%%%%%%%

cost=751.7855780685;

%%%%%%%%%

