TMZout0_Ka_XTMZ(norm)=0.71498;
MGMT_P0(norm)=0.72977;
k_MGMT(norm)=0.43892;
k_addO(norm)=0.62776;
k_addN(norm)=0.28741;
DSB_72h_fac(norm)=0.41010;
k_DSBO(norm)=0.26170;
k_DSBN(norm)=0.51521;
k_CyA(norm)=0.31193;
fVX(norm)=0.40566;
kf_ATR_MGMT_P(norm)=0.81098;
k_ATR(norm)=0.61282;
K_add(norm)=0.44204;
kd_pATR(norm)=0.82560;
k_Chk1(norm)=0.72483;
C_Chk1(norm)=0.03525;
pChk1_ref12_5_24h(norm)=0.38841;
pChk1_ref100_24h(norm)=0.66690;
pChk1_ref100_48h(norm)=0.51711;
kd_pChk1(norm)=0.21852;
k_cdc25(norm)=0.67775;
K_cdc25(norm)=0.94155;
kf_p53(norm)=0.44824;
k_p53(norm)=0.59924;
K_ATR(norm)=0.42466;
p53ser46_ref50_72h(norm)=0.31436;
kp_ser46(norm)=0.84814;
K_p53(norm)=0.33044;
upAsy(norm)=0.53413;
sness(norm)=0.73158;
k_apop(norm)=0.55455;
tED50(norm)=0.50713;
cell_pop_norm0_Jack_MGMT_P(norm)=0.66670;
k_dis(norm)=0.57385;

%%%%%%%%%

TMZout0_Ka_XTMZ=36.5297776294;
MGMT_P0=2.1580093992;
k_MGMT=36.9787896708;
k_addO=0.0113146499;
k_addN=0.1086284550;
DSB_72h_fac=0.8989474515;
k_DSBO=0.0002420978;
k_DSBN=0.0000390816;
k_CyA=1.6438358220;
fVX=0.0011800871;
kf_ATR_MGMT_P=0.0000131644;
k_ATR=0.0194695387;
K_add=0.0000642778;
kd_pATR=0.0038950781;
k_Chk1=490.1277285689;
C_Chk1=0.4676308934;
pChk1_ref12_5_24h=0.0060200778;
pChk1_ref100_24h=0.0076321993;
pChk1_ref100_48h=0.0078946181;
kd_pChk1=0.0575179782;
k_cdc25=320.0237307605;
K_cdc25=1.8116766472;
kf_p53=0.0005988530;
k_p53=30.3720037788;
K_ATR=0.0003006497;
p53ser46_ref50_72h=0.0004395563;
kp_ser46=5.3186574106;
K_p53=0.6662511831;
upAsy=0.2656831803;
sness=0.0044709072;
k_apop=0.0618831258;
tED50=383.4100664555;
cell_pop_norm0_Jack_MGMT_P=88.7913908297;
k_dis=0.0161015172;

%%%%%%%%%

cost=216.9452665525;

%%%%%%%%%

