TMZout0_Ka_XTMZ(norm)=0.77874;
MGMT_P0(norm)=0.97643;
k_MGMT(norm)=0.35636;
k_addO(norm)=0.57011;
k_addN(norm)=0.50324;
DSB_72h_fac(norm)=0.67982;
k_DSBO(norm)=0.49332;
k_DSBN(norm)=0.77382;
k_CyA(norm)=0.79984;
fVX(norm)=0.70641;
kf_ATR_MGMT_P(norm)=0.55224;
k_ATR(norm)=0.32775;
K_add(norm)=0.57751;
kd_pATR(norm)=0.37045;
k_Chk1(norm)=0.35759;
C_Chk1(norm)=0.58203;
pChk1_ref12_5_24h(norm)=0.44285;
pChk1_ref100_24h(norm)=0.44462;
pChk1_ref100_48h(norm)=0.46712;
kd_pChk1(norm)=0.49059;
k_cdc25(norm)=0.64928;
K_cdc25(norm)=0.66058;
kf_p53(norm)=0.70113;
k_p53(norm)=0.82476;
K_ATR(norm)=0.48541;
p53ser46_ref50_72h(norm)=0.79173;
kp_ser46(norm)=0.77994;
K_p53(norm)=0.96919;
upAsy(norm)=0.70874;
sness(norm)=0.31453;
k_apop(norm)=0.77976;
tED50(norm)=0.65018;
cell_pop_norm0_Jack_MGMT_P(norm)=0.15607;
k_dis(norm)=0.63997;

%%%%%%%%%

TMZout0_Ka_XTMZ=37.0684736126;
MGMT_P0=2.4681294526;
k_MGMT=34.4803799368;
k_addO=0.0107752771;
k_addN=0.1304263495;
DSB_72h_fac=1.1007804637;
k_DSBO=0.0002945927;
k_DSBN=0.0000486558;
k_CyA=2.4854058858;
fVX=0.0015225909;
kf_ATR_MGMT_P=0.0000105728;
k_ATR=0.0152917462;
K_add=0.0000720958;
kd_pATR=0.0026487044;
k_Chk1=359.0668765164;
C_Chk1=0.7432006595;
pChk1_ref12_5_24h=0.0063042894;
pChk1_ref100_24h=0.0063220281;
pChk1_ref100_48h=0.0075672481;
kd_pChk1=0.0724301036;
k_cdc25=312.3968946178;
K_cdc25=1.4278774289;
kf_p53=0.0007419571;
k_p53=36.7671747618;
K_ATR=0.0003165302;
p53ser46_ref50_72h=0.0006586840;
kp_ser46=5.0200326748;
K_p53=1.1446828460;
upAsy=0.3080464213;
sness=0.0031400063;
k_apop=0.0748935247;
tED50=432.8161954460;
cell_pop_norm0_Jack_MGMT_P=74.0072469285;
k_dis=0.0170294343;

%%%%%%%%%

cost=124.9315734193;

%%%%%%%%%

