TMZout0_Ka_XTMZ(norm)=0.28737;
MGMT_P0(norm)=0.57716;
k_MGMT(norm)=0.19738;
k_addO(norm)=0.25397;
k_addN(norm)=0.48189;
DSB_72h_fac(norm)=0.87545;
k_DSBO(norm)=0.29596;
k_DSBN(norm)=0.93909;
k_CyA(norm)=0.67284;
fVX(norm)=0.69292;
kf_ATR_MGMT_P(norm)=0.70687;
k_ATR(norm)=0.32626;
K_add(norm)=0.74876;
kd_pATR(norm)=0.22614;
k_Chk1(norm)=0.66506;
C_Chk1(norm)=0.63723;
pChk1_ref12_5_24h(norm)=0.51294;
pChk1_ref100_24h(norm)=0.55935;
pChk1_ref100_48h(norm)=0.99935;
kd_pChk1(norm)=0.25291;
k_cdc25(norm)=0.39222;
K_cdc25(norm)=0.77718;
kf_p53(norm)=0.53938;
k_p53(norm)=0.04643;
K_ATR(norm)=0.26058;
p53ser46_ref50_72h(norm)=0.49068;
kp_ser46(norm)=0.74072;
K_p53(norm)=0.42665;
upAsy(norm)=0.48839;
sness(norm)=0.55776;
k_apop(norm)=0.95237;
tED50(norm)=0.69728;
cell_pop_norm0_Jack_MGMT_P(norm)=0.32565;
k_dis(norm)=0.60618;

%%%%%%%%%

TMZout0_Ka_XTMZ=33.1141565095;
MGMT_P0=1.9859728646;
k_MGMT=30.1351199126;
k_addO=0.0082431983;
k_addN=0.1280879144;
DSB_72h_fac=1.2749875243;
k_DSBO=0.0002492286;
k_DSBN=0.0000559693;
k_CyA=2.2318442442;
fVX=0.0015052810;
kf_ATR_MGMT_P=0.0000120529;
k_ATR=0.0152723730;
K_add=0.0000833540;
kd_pATR=0.0023438416;
k_Chk1=465.9267839355;
C_Chk1=0.7787859962;
pChk1_ref12_5_24h=0.0066900251;
pChk1_ref100_24h=0.0069674392;
pChk1_ref100_48h=0.0118790911;
kd_pChk1=0.0592184996;
k_cdc25=251.2551218206;
K_cdc25=1.5761482119;
kf_p53=0.0006469340;
k_p53=19.0130604764;
K_ATR=0.0002616280;
p53ser46_ref50_72h=0.0005103840;
kp_ser46=4.8559487839;
K_p53=0.7228377179;
upAsy=0.2555843137;
sness=0.0038586321;
k_apop=0.0866885647;
tED50=450.4350935659;
cell_pop_norm0_Jack_MGMT_P=78.6217074121;
k_dis=0.0165487698;

%%%%%%%%%

cost=227.7342334305;

%%%%%%%%%

