TMZout0_Ka_XTMZ(norm)=0.87924;
MGMT_P0(norm)=0.74220;
k_MGMT(norm)=0.61709;
k_addO(norm)=0.64249;
k_addN(norm)=0.92690;
DSB_72h_fac(norm)=0.63473;
k_DSBO(norm)=0.36914;
k_DSBN(norm)=0.30283;
k_CyA(norm)=0.49405;
fVX(norm)=0.40021;
kf_ATR_MGMT_P(norm)=0.58849;
k_ATR(norm)=0.72810;
K_add(norm)=0.38425;
kd_pATR(norm)=0.99435;
k_Chk1(norm)=0.14469;
C_Chk1(norm)=0.55570;
pChk1_ref12_5_24h(norm)=0.47551;
pChk1_ref100_24h(norm)=0.47344;
pChk1_ref100_48h(norm)=0.50168;
kd_pChk1(norm)=0.45521;
k_cdc25(norm)=0.52552;
K_cdc25(norm)=0.57454;
kf_p53(norm)=0.47037;
k_p53(norm)=0.84510;
K_ATR(norm)=0.80033;
p53ser46_ref50_72h(norm)=0.49550;
kp_ser46(norm)=0.47382;
K_p53(norm)=0.37595;
upAsy(norm)=0.48709;
sness(norm)=0.60133;
k_apop(norm)=0.81872;
tED50(norm)=0.53880;
cell_pop_norm0_Jack_MGMT_P(norm)=0.16039;
k_dis(norm)=0.63289;

%%%%%%%%%

TMZout0_Ka_XTMZ=37.9336106108;
MGMT_P0=2.0937290473;
k_MGMT=52.2073786870;
k_addO=0.0108632883;
k_addN=0.1926340974;
DSB_72h_fac=1.0410429366;
k_DSBO=0.0003048044;
k_DSBN=0.0000278800;
k_CyA=2.5679835034;
fVX=0.0012431130;
kf_ATR_MGMT_P=0.0000109374;
k_ATR=0.0318205067;
K_add=0.0000762967;
kd_pATR=0.0028069865;
k_Chk1=219.4547279219;
C_Chk1=0.7362576782;
pChk1_ref12_5_24h=0.0080537052;
pChk1_ref100_24h=0.0080868723;
pChk1_ref100_48h=0.0100107352;
kd_pChk1=0.0545847244;
k_cdc25=201.5378242827;
K_cdc25=1.3547886800;
kf_p53=0.0004276549;
k_p53=38.0910237069;
K_ATR=0.0005836289;
p53ser46_ref50_72h=0.0003574614;
kp_ser46=2.8118189948;
K_p53=0.4893299606;
upAsy=0.2589326920;
sness=0.0054460180;
k_apop=0.0752111395;
tED50=397.6050242329;
cell_pop_norm0_Jack_MGMT_P=74.1213568802;
k_dis=0.0163545841;

%%%%%%%%%

cost=125.3283526384;

%%%%%%%%%

