TMZout0_Ka_XTMZ(norm)=0.87223;
MGMT_P0(norm)=0.59527;
k_MGMT(norm)=0.75610;
k_addO(norm)=0.85037;
k_addN(norm)=0.66068;
DSB_72h_fac(norm)=0.57539;
k_DSBO(norm)=0.06996;
k_DSBN(norm)=0.56643;
k_CyA(norm)=0.24723;
fVX(norm)=0.76767;
kf_ATR_MGMT_P(norm)=0.87740;
k_ATR(norm)=0.37484;
K_add(norm)=0.34196;
kd_pATR(norm)=0.44193;
k_Chk1(norm)=0.26117;
C_Chk1(norm)=0.20414;
pChk1_ref12_5_24h(norm)=0.48222;
pChk1_ref100_24h(norm)=0.60182;
pChk1_ref100_48h(norm)=0.47008;
kd_pChk1(norm)=0.82138;
k_cdc25(norm)=0.42744;
K_cdc25(norm)=0.17787;
kf_p53(norm)=0.58635;
k_p53(norm)=0.74278;
K_ATR(norm)=0.43473;
p53ser46_ref50_72h(norm)=0.47896;
kp_ser46(norm)=0.41761;
K_p53(norm)=0.31718;
upAsy(norm)=0.63124;
sness(norm)=0.51546;
k_apop(norm)=0.73500;
tED50(norm)=0.75080;
cell_pop_norm0_Jack_MGMT_P(norm)=0.44040;
k_dis(norm)=0.65551;

%%%%%%%%%

TMZout0_Ka_XTMZ=37.8726342415;
MGMT_P0=1.9589981377;
k_MGMT=45.3572187665;
k_addO=0.0127454858;
k_addN=0.1221199716;
DSB_72h_fac=1.0140202712;
k_DSBO=0.0002094092;
k_DSBN=0.0000402731;
k_CyA=1.7594174670;
fVX=0.0014834964;
kf_ATR_MGMT_P=0.0000137015;
k_ATR=0.0206017344;
K_add=0.0000608687;
kd_pATR=0.0029955400;
k_Chk1=306.9135188571;
C_Chk1=0.5495567974;
pChk1_ref12_5_24h=0.0071082272;
pChk1_ref100_24h=0.0078792480;
pChk1_ref100_48h=0.0082154250;
kd_pChk1=0.0930048450;
k_cdc25=222.7824610238;
K_cdc25=0.9337154493;
kf_p53=0.0005913575;
k_p53=42.0729371810;
K_ATR=0.0004146299;
p53ser46_ref50_72h=0.0004285261;
kp_ser46=2.9210157908;
K_p53=0.4910829488;
upAsy=0.2588815862;
sness=0.0035916202;
k_apop=0.0749782693;
tED50=502.3906658112;
cell_pop_norm0_Jack_MGMT_P=81.9061766732;
k_dis=0.0173344612;

%%%%%%%%%

cost=245.9784235845;

%%%%%%%%%

