TMZout0_Ka_XTMZ(norm)=0.56913;
MGMT_P0(norm)=1.00000;
k_MGMT(norm)=0.30217;
k_addO(norm)=0.50158;
k_addN(norm)=0.74251;
DSB_72h_fac(norm)=0.57714;
k_DSBO(norm)=0.31379;
k_DSBN(norm)=0.41682;
k_CyA(norm)=1.00000;
fVX(norm)=0.39492;
kf_ATR_MGMT_P(norm)=0.55506;
k_ATR(norm)=0.71354;
K_add(norm)=0.80961;
kd_pATR(norm)=0.15855;
k_Chk1(norm)=0.83219;
C_Chk1(norm)=0.60747;
pChk1_ref12_5_24h(norm)=0.48712;
pChk1_ref100_24h(norm)=0.60267;
pChk1_ref100_48h(norm)=0.39888;
kd_pChk1(norm)=0.59439;
k_cdc25(norm)=0.47447;
K_cdc25(norm)=0.63269;
kf_p53(norm)=0.67515;
k_p53(norm)=0.41685;
K_ATR(norm)=0.53616;
p53ser46_ref50_72h(norm)=0.42832;
kp_ser46(norm)=0.62567;
K_p53(norm)=0.39010;
upAsy(norm)=0.58373;
sness(norm)=0.34869;
k_apop(norm)=0.74718;
tED50(norm)=0.73650;
cell_pop_norm0_Jack_MGMT_P(norm)=0.38734;
k_dis(norm)=0.45731;

%%%%%%%%%

TMZout0_Ka_XTMZ=35.3269043845;
MGMT_P0=2.5000000000;
k_MGMT=39.9804885855;
k_addO=0.0096407313;
k_addN=0.1647707511;
DSB_72h_fac=0.9935348186;
k_DSBO=0.0002908390;
k_DSBN=0.0000307070;
k_CyA=3.9424770795;
fVX=0.0012375522;
kf_ATR_MGMT_P=0.0000106320;
k_ATR=0.0314303288;
K_add=0.0001094034;
kd_pATR=0.0013825700;
k_Chk1=392.9424802302;
C_Chk1=0.7692729730;
pChk1_ref12_5_24h=0.0081332777;
pChk1_ref100_24h=0.0090226027;
pChk1_ref100_48h=0.0091757103;
kd_pChk1=0.0614167321;
k_cdc25=193.0050857673;
K_cdc25=1.4232180849;
kf_p53=0.0005086837;
k_p53=26.4995959772;
K_ATR=0.0004665827;
p53ser46_ref50_72h=0.0003376828;
kp_ser46=3.1979107826;
K_p53=0.4952348811;
upAsy=0.2810268254;
sness=0.0043965705;
k_apop=0.0707871774;
tED50=470.1107444496;
cell_pop_norm0_Jack_MGMT_P=80.3708389987;
k_dis=0.0140939430;

%%%%%%%%%

cost=188.3679634772;

%%%%%%%%%

