TMZout0_Ka_XTMZ(norm)=0.74714;
MGMT_P0(norm)=0.77416;
k_MGMT(norm)=0.00010;
k_addO(norm)=0.83526;
k_addN(norm)=0.44623;
DSB_72h_fac(norm)=0.61444;
k_DSBO(norm)=0.80032;
k_DSBN(norm)=0.50958;
k_CyA(norm)=0.48319;
fVX(norm)=0.74041;
kf_ATR_MGMT_P(norm)=0.69045;
k_ATR(norm)=0.28389;
K_add(norm)=0.46026;
kd_pATR(norm)=0.48325;
k_Chk1(norm)=0.62996;
C_Chk1(norm)=0.36524;
pChk1_ref12_5_24h(norm)=0.72795;
pChk1_ref100_24h(norm)=0.89671;
pChk1_ref100_48h(norm)=0.95490;
kd_pChk1(norm)=0.35470;
k_cdc25(norm)=0.45756;
K_cdc25(norm)=0.01954;
kf_p53(norm)=0.73856;
k_p53(norm)=0.50220;
K_ATR(norm)=0.33726;
p53ser46_ref50_72h(norm)=0.03505;
kp_ser46(norm)=0.19395;
K_p53(norm)=0.52592;
upAsy(norm)=0.37769;
sness(norm)=0.56196;
k_apop(norm)=0.42771;
tED50(norm)=1.00000;
cell_pop_norm0_Jack_MGMT_P(norm)=0.72602;
k_dis(norm)=0.46543;

%%%%%%%%%

TMZout0_Ka_XTMZ=36.8004610935;
MGMT_P0=2.1725114298;
k_MGMT=28.5745592480;
k_addO=0.0136860073;
k_addN=0.1347244736;
DSB_72h_fac=1.0575149650;
k_DSBO=0.0003758052;
k_DSBN=0.0000346214;
k_CyA=1.8709557148;
fVX=0.0016085077;
kf_ATR_MGMT_P=0.0000118707;
k_ATR=0.0161036106;
K_add=0.0000630795;
kd_pATR=0.0035572444;
k_Chk1=498.8601886642;
C_Chk1=0.6175231540;
pChk1_ref12_5_24h=0.0085992258;
pChk1_ref100_24h=0.0099437540;
pChk1_ref100_48h=0.0118104162;
kd_pChk1=0.0671595299;
k_cdc25=216.4644138463;
K_cdc25=0.8352184012;
kf_p53=0.0007869270;
k_p53=34.6256223163;
K_ATR=0.0003362758;
p53ser46_ref50_72h=0.0003418230;
kp_ser46=2.7601448757;
K_p53=0.5036156325;
upAsy=0.2113374506;
sness=0.0040823758;
k_apop=0.0558334374;
tED50=529.4799787438;
cell_pop_norm0_Jack_MGMT_P=90.6901104963;
k_dis=0.0146480443;

%%%%%%%%%

cost=742.3846264438;

%%%%%%%%%

