TMZout0_Ka_XTMZ(norm)=0.40769;
MGMT_P0(norm)=0.81324;
k_MGMT(norm)=0.40960;
k_addO(norm)=0.32681;
k_addN(norm)=0.42774;
DSB_72h_fac(norm)=0.26223;
k_DSBO(norm)=0.33651;
k_DSBN(norm)=0.42985;
k_CyA(norm)=0.15266;
fVX(norm)=0.16201;
kf_ATR_MGMT_P(norm)=0.68752;
k_ATR(norm)=0.41842;
K_add(norm)=0.26573;
kd_pATR(norm)=0.04564;
k_Chk1(norm)=0.06924;
C_Chk1(norm)=0.00010;
pChk1_ref12_5_24h(norm)=0.06110;
pChk1_ref100_24h(norm)=0.51097;
pChk1_ref100_48h(norm)=0.65160;
kd_pChk1(norm)=0.65068;
k_cdc25(norm)=0.80471;
K_cdc25(norm)=0.53202;
kf_p53(norm)=0.44223;
k_p53(norm)=0.40017;
K_ATR(norm)=0.43654;
p53ser46_ref50_72h(norm)=0.00010;
kp_ser46(norm)=0.57931;
K_p53(norm)=0.35113;
upAsy(norm)=0.41644;
sness(norm)=0.65045;
k_apop(norm)=0.42710;
tED50(norm)=0.75448;
cell_pop_norm0_Jack_MGMT_P(norm)=0.66262;
k_dis(norm)=0.53894;

%%%%%%%%%

TMZout0_Ka_XTMZ=34.0416009682;
MGMT_P0=2.2259453943;
k_MGMT=40.4264521464;
k_addO=0.0088957233;
k_addN=0.1326304546;
DSB_72h_fac=0.8184350187;
k_DSBO=0.0002536832;
k_DSBN=0.0000323598;
k_CyA=1.4139457244;
fVX=0.0009853385;
kf_ATR_MGMT_P=0.0000118413;
k_ATR=0.0180479061;
K_add=0.0000534941;
kd_pATR=0.0024551681;
k_Chk1=310.2020139192;
C_Chk1=0.4532009724;
pChk1_ref12_5_24h=0.0048873311;
pChk1_ref100_24h=0.0071714339;
pChk1_ref100_48h=0.0091339446;
kd_pChk1=0.0863021626;
k_cdc25=290.4895171147;
K_cdc25=1.2893700226;
kf_p53=0.0006121976;
k_p53=31.7578578581;
K_ATR=0.0003657887;
p53ser46_ref50_72h=0.0003318488;
kp_ser46=3.8259294256;
K_p53=0.4342930053;
upAsy=0.2183914352;
sness=0.0044002150;
k_apop=0.0558045053;
tED50=430.0349571894;
cell_pop_norm0_Jack_MGMT_P=88.6624648417;
k_dis=0.0155894370;

%%%%%%%%%

cost=300.0623424231;

%%%%%%%%%

