TMZout0_Ka_XTMZ(norm)=0.48082;
MGMT_P0(norm)=0.83232;
k_MGMT(norm)=0.36002;
k_addO(norm)=0.56389;
k_addN(norm)=0.75252;
DSB_72h_fac(norm)=0.60223;
k_DSBO(norm)=0.71200;
k_DSBN(norm)=0.75511;
k_CyA(norm)=0.96534;
fVX(norm)=0.58231;
kf_ATR_MGMT_P(norm)=0.56879;
k_ATR(norm)=0.30968;
K_add(norm)=0.77365;
kd_pATR(norm)=0.05412;
k_Chk1(norm)=0.87817;
C_Chk1(norm)=0.64850;
pChk1_ref12_5_24h(norm)=0.43834;
pChk1_ref100_24h(norm)=0.44074;
pChk1_ref100_48h(norm)=0.44242;
kd_pChk1(norm)=0.83460;
k_cdc25(norm)=0.64210;
K_cdc25(norm)=0.58726;
kf_p53(norm)=0.39208;
k_p53(norm)=0.54875;
K_ATR(norm)=0.38313;
p53ser46_ref50_72h(norm)=0.39207;
kp_ser46(norm)=0.82859;
K_p53(norm)=0.96264;
upAsy(norm)=0.39727;
sness(norm)=0.71685;
k_apop(norm)=0.59552;
tED50(norm)=0.53284;
cell_pop_norm0_Jack_MGMT_P(norm)=0.16694;
k_dis(norm)=0.60202;

%%%%%%%%%

TMZout0_Ka_XTMZ=34.6179457154;
MGMT_P0=2.2525035951;
k_MGMT=38.7633379293;
k_addO=0.0108747954;
k_addN=0.1746444151;
DSB_72h_fac=1.0481619586;
k_DSBO=0.0003487102;
k_DSBN=0.0000426276;
k_CyA=2.8150309401;
fVX=0.0014068475;
kf_ATR_MGMT_P=0.0000107080;
k_ATR=0.0164593982;
K_add=0.0000822641;
kd_pATR=0.0024728704;
k_Chk1=615.6222480269;
C_Chk1=0.7850341573;
pChk1_ref12_5_24h=0.0067280667;
pChk1_ref100_24h=0.0067571572;
pChk1_ref100_48h=0.0076504018;
kd_pChk1=0.1008555252;
k_cdc25=253.0998618615;
K_cdc25=1.3511584314;
kf_p53=0.0005867292;
k_p53=36.0185846937;
K_ATR=0.0003496035;
p53ser46_ref50_72h=0.0004625688;
kp_ser46=4.7257038200;
K_p53=0.7291301878;
upAsy=0.2148738148;
sness=0.0046548965;
k_apop=0.0643638688;
tED50=356.4069178919;
cell_pop_norm0_Jack_MGMT_P=74.2945436691;
k_dis=0.0164452080;

%%%%%%%%%

cost=123.4179045743;

%%%%%%%%%

