TMZout0_Ka_XTMZ(norm)=0.86089;
MGMT_P0(norm)=0.67767;
k_MGMT(norm)=0.39968;
k_addO(norm)=0.42879;
k_addN(norm)=0.60780;
DSB_72h_fac(norm)=0.48445;
k_DSBO(norm)=0.33776;
k_DSBN(norm)=0.25820;
k_CyA(norm)=0.73514;
fVX(norm)=0.23002;
kf_ATR_MGMT_P(norm)=0.68373;
k_ATR(norm)=0.71507;
K_add(norm)=0.55858;
kd_pATR(norm)=0.51885;
k_Chk1(norm)=0.26238;
C_Chk1(norm)=0.41512;
pChk1_ref12_5_24h(norm)=0.33245;
pChk1_ref100_24h(norm)=0.44217;
pChk1_ref100_48h(norm)=0.63131;
kd_pChk1(norm)=0.28467;
k_cdc25(norm)=0.50522;
K_cdc25(norm)=0.59146;
kf_p53(norm)=0.63963;
k_p53(norm)=0.86702;
K_ATR(norm)=0.27336;
p53ser46_ref50_72h(norm)=0.90273;
kp_ser46(norm)=0.32006;
K_p53(norm)=0.46215;
upAsy(norm)=0.56968;
sness(norm)=0.59304;
k_apop(norm)=0.72756;
tED50(norm)=0.31470;
cell_pop_norm0_Jack_MGMT_P(norm)=0.00010;
k_dis(norm)=0.61661;

%%%%%%%%%

TMZout0_Ka_XTMZ=37.7742052203;
MGMT_P0=2.0460120749;
k_MGMT=40.0882660184;
k_addO=0.0096985592;
k_addN=0.1544898982;
DSB_72h_fac=0.9620738172;
k_DSBO=0.0002539535;
k_DSBN=0.0000279795;
k_CyA=2.3161816435;
fVX=0.0010437875;
kf_ATR_MGMT_P=0.0000118034;
k_ATR=0.0232052527;
K_add=0.0000685595;
kd_pATR=0.0036661666;
k_Chk1=365.3557942390;
C_Chk1=0.6441812317;
pChk1_ref12_5_24h=0.0061507042;
pChk1_ref100_24h=0.0067653683;
pChk1_ref100_48h=0.0089782396;
kd_pChk1=0.0632902349;
k_cdc25=225.3838459664;
K_cdc25=1.3559762430;
kf_p53=0.0007236541;
k_p53=47.1672735949;
K_ATR=0.0003185538;
p53ser46_ref50_72h=0.0007129936;
kp_ser46=3.0714084408;
K_p53=0.4771281512;
upAsy=0.2486721520;
sness=0.0041913069;
k_apop=0.0719828848;
tED50=296.2616663629;
cell_pop_norm0_Jack_MGMT_P=70.0024967691;
k_dis=0.0166497758;

%%%%%%%%%

cost=231.9747777162;

%%%%%%%%%

