TMZout0_Ka_XTMZ(norm)=0.31107;
MGMT_P0(norm)=0.73419;
k_MGMT(norm)=0.86611;
k_addO(norm)=0.62145;
k_addN(norm)=0.64118;
DSB_72h_fac(norm)=0.71167;
k_DSBO(norm)=0.62937;
k_DSBN(norm)=0.58381;
k_CyA(norm)=0.52766;
fVX(norm)=0.66307;
kf_ATR_MGMT_P(norm)=0.60821;
k_ATR(norm)=0.73175;
K_add(norm)=0.65314;
kd_pATR(norm)=0.71675;
k_Chk1(norm)=0.51331;
C_Chk1(norm)=0.60724;
pChk1_ref12_5_24h(norm)=0.76566;
pChk1_ref100_24h(norm)=0.76840;
pChk1_ref100_48h(norm)=0.81840;
kd_pChk1(norm)=0.33417;
k_cdc25(norm)=0.39466;
K_cdc25(norm)=0.58641;
kf_p53(norm)=0.88218;
k_p53(norm)=0.29493;
K_ATR(norm)=0.50398;
p53ser46_ref50_72h(norm)=0.86942;
kp_ser46(norm)=0.58214;
K_p53(norm)=0.27001;
upAsy(norm)=0.43539;
sness(norm)=0.31606;
k_apop(norm)=0.57932;
tED50(norm)=0.40842;
cell_pop_norm0_Jack_MGMT_P(norm)=0.14511;
k_dis(norm)=0.60943;

%%%%%%%%%

TMZout0_Ka_XTMZ=33.2948193654;
MGMT_P0=2.1300252373;
k_MGMT=49.7882641104;
k_addO=0.0104983195;
k_addN=0.1201194650;
DSB_72h_fac=1.1246197729;
k_DSBO=0.0003363940;
k_DSBN=0.0000408707;
k_CyA=2.2313156021;
fVX=0.0013576791;
kf_ATR_MGMT_P=0.0000109072;
k_ATR=0.0278763978;
K_add=0.0000792319;
kd_pATR=0.0037809595;
k_Chk1=380.0122903536;
C_Chk1=0.7732889851;
pChk1_ref12_5_24h=0.0090378032;
pChk1_ref100_24h=0.0090736677;
pChk1_ref100_48h=0.0110358167;
kd_pChk1=0.0615493424;
k_cdc25=216.6800558036;
K_cdc25=1.3199234646;
kf_p53=0.0007598153;
k_p53=28.7876052378;
K_ATR=0.0004396876;
p53ser46_ref50_72h=0.0005965615;
kp_ser46=3.3579645640;
K_p53=0.4718425721;
upAsy=0.2192974593;
sness=0.0030333024;
k_apop=0.0657124959;
tED50=375.8851804689;
cell_pop_norm0_Jack_MGMT_P=73.7183726618;
k_dis=0.0166706666;

%%%%%%%%%

cost=123.2152376259;

%%%%%%%%%

