TMZout0_Ka_XTMZ(norm)=0.24677;
MGMT_P0(norm)=0.21079;
k_MGMT(norm)=0.06883;
k_addO(norm)=1.00000;
k_addN(norm)=0.96043;
DSB_72h_fac(norm)=1.00000;
k_DSBO(norm)=1.00000;
k_DSBN(norm)=0.68124;
k_CyA(norm)=0.44910;
fVX(norm)=0.55493;
kf_ATR_MGMT_P(norm)=1.00000;
k_ATR(norm)=0.89481;
K_add(norm)=0.29910;
kd_pATR(norm)=0.00010;
k_Chk1(norm)=0.66219;
C_Chk1(norm)=0.30909;
pChk1_ref12_5_24h(norm)=0.03802;
pChk1_ref100_24h(norm)=0.48825;
pChk1_ref100_48h(norm)=0.46615;
kd_pChk1(norm)=0.55297;
k_cdc25(norm)=0.29596;
K_cdc25(norm)=0.77030;
kf_p53(norm)=0.42606;
k_p53(norm)=0.43975;
K_ATR(norm)=1.00000;
p53ser46_ref50_72h(norm)=0.47859;
kp_ser46(norm)=0.95560;
K_p53(norm)=0.68988;
upAsy(norm)=0.67112;
sness(norm)=0.51540;
k_apop(norm)=1.00000;
tED50(norm)=0.00010;
cell_pop_norm0_Jack_MGMT_P(norm)=0.72447;
k_dis(norm)=0.03059;

%%%%%%%%%

TMZout0_Ka_XTMZ=32.8069076807;
MGMT_P0=1.5305516686;
k_MGMT=30.2879440283;
k_addO=0.0157361294;
k_addN=0.2082860936;
DSB_72h_fac=1.4000000000;
k_DSBO=0.0004450842;
k_DSBN=0.0000400414;
k_CyA=1.8176831431;
fVX=0.0013745816;
kf_ATR_MGMT_P=0.0000154307;
k_ATR=0.0270225428;
K_add=0.0000550284;
kd_pATR=0.0023622425;
k_Chk1=512.6681511877;
C_Chk1=0.5888346166;
pChk1_ref12_5_24h=0.0047927030;
pChk1_ref100_24h=0.0070347393;
pChk1_ref100_48h=0.0078057935;
kd_pChk1=0.0794448378;
k_cdc25=188.7645352544;
K_cdc25=1.5778335714;
kf_p53=0.0006038664;
k_p53=32.8410154534;
K_ATR=0.0005896170;
p53ser46_ref50_72h=0.0004977518;
kp_ser46=5.2626390382;
K_p53=0.5786758947;
upAsy=0.2709902320;
sness=0.0039244607;
k_apop=0.0906739715;
tED50=226.9392185870;
cell_pop_norm0_Jack_MGMT_P=90.6401131487;
k_dis=0.0101337262;

%%%%%%%%%

cost=4179.7939138976;

%%%%%%%%%

