TMZout0_Ka_XTMZ(norm)=0.16081;
MGMT_P0(norm)=0.94837;
k_MGMT(norm)=0.50019;
k_addO(norm)=0.56253;
k_addN(norm)=0.39763;
DSB_72h_fac(norm)=0.65410;
k_DSBO(norm)=0.70143;
k_DSBN(norm)=0.60637;
k_CyA(norm)=0.70670;
fVX(norm)=0.71728;
kf_ATR_MGMT_P(norm)=0.56847;
k_ATR(norm)=0.57050;
K_add(norm)=0.66299;
kd_pATR(norm)=0.53323;
k_Chk1(norm)=0.85183;
C_Chk1(norm)=0.63032;
pChk1_ref12_5_24h(norm)=0.70627;
pChk1_ref100_24h(norm)=0.71368;
pChk1_ref100_48h(norm)=0.74234;
kd_pChk1(norm)=0.62098;
k_cdc25(norm)=0.14109;
K_cdc25(norm)=0.63406;
kf_p53(norm)=0.68917;
k_p53(norm)=0.42220;
K_ATR(norm)=0.45538;
p53ser46_ref50_72h(norm)=0.64834;
kp_ser46(norm)=0.58481;
K_p53(norm)=0.26483;
upAsy(norm)=0.20508;
sness(norm)=0.49770;
k_apop(norm)=0.77229;
tED50(norm)=0.09674;
cell_pop_norm0_Jack_MGMT_P(norm)=0.15509;
k_dis(norm)=0.64348;

%%%%%%%%%

TMZout0_Ka_XTMZ=32.1658754540;
MGMT_P0=2.4307126037;
k_MGMT=38.9493072257;
k_addO=0.0107063052;
k_addN=0.1192620758;
DSB_72h_fac=1.0797295217;
k_DSBO=0.0003513998;
k_DSBN=0.0000422200;
k_CyA=2.2968072131;
fVX=0.0015366788;
kf_ATR_MGMT_P=0.0000107192;
k_ATR=0.0187837886;
K_add=0.0000775111;
kd_pATR=0.0030404073;
k_Chk1=545.8133464022;
C_Chk1=0.7742377498;
pChk1_ref12_5_24h=0.0078807943;
pChk1_ref100_24h=0.0079407684;
pChk1_ref100_48h=0.0095545229;
kd_pChk1=0.0808912209;
k_cdc25=203.0965784486;
K_cdc25=1.3961431718;
kf_p53=0.0007344738;
k_p53=26.1413464271;
K_ATR=0.0003085784;
p53ser46_ref50_72h=0.0005833270;
kp_ser46=4.2550193099;
K_p53=0.6302252484;
upAsy=0.2010398017;
sness=0.0036671697;
k_apop=0.0744212245;
tED50=270.8012995081;
cell_pop_norm0_Jack_MGMT_P=73.9812841170;
k_dis=0.0170800684;

%%%%%%%%%

cost=123.5808909429;

%%%%%%%%%

