TMZout0_Ka_XTMZ(norm)=0.59423;
MGMT_P0(norm)=0.11583;
k_MGMT(norm)=0.24325;
k_addO(norm)=0.74289;
k_addN(norm)=0.02937;
DSB_72h_fac(norm)=0.10270;
k_DSBO(norm)=0.30097;
k_DSBN(norm)=0.46642;
k_CyA(norm)=0.18730;
fVX(norm)=0.54710;
kf_ATR_MGMT_P(norm)=0.71327;
k_ATR(norm)=0.46175;
K_add(norm)=0.67539;
kd_pATR(norm)=0.47521;
k_Chk1(norm)=0.34320;
C_Chk1(norm)=0.41921;
pChk1_ref12_5_24h(norm)=0.17184;
pChk1_ref100_24h(norm)=0.62777;
pChk1_ref100_48h(norm)=0.70291;
kd_pChk1(norm)=0.35110;
k_cdc25(norm)=0.28360;
K_cdc25(norm)=0.62569;
kf_p53(norm)=0.67752;
k_p53(norm)=0.56119;
K_ATR(norm)=0.32540;
p53ser46_ref50_72h(norm)=0.42362;
kp_ser46(norm)=0.44089;
K_p53(norm)=0.00010;
upAsy(norm)=0.14444;
sness(norm)=0.77328;
k_apop(norm)=0.34158;
tED50(norm)=0.42267;
cell_pop_norm0_Jack_MGMT_P(norm)=0.21678;
k_dis(norm)=0.45803;

%%%%%%%%%

TMZout0_Ka_XTMZ=35.5310699237;
MGMT_P0=1.5449198173;
k_MGMT=31.3292731388;
k_addO=0.0124740420;
k_addN=0.0872951000;
DSB_72h_fac=0.7136318428;
k_DSBO=0.0002502875;
k_DSBN=0.0000374989;
k_CyA=1.4790983898;
fVX=0.0013303300;
kf_ATR_MGMT_P=0.0000121184;
k_ATR=0.0171303100;
K_add=0.0000783302;
kd_pATR=0.0028945509;
k_Chk1=354.7150399248;
C_Chk1=0.6474297097;
pChk1_ref12_5_24h=0.0050108293;
pChk1_ref100_24h=0.0073832977;
pChk1_ref100_48h=0.0092406332;
kd_pChk1=0.0643562973;
k_cdc25=229.1621440144;
K_cdc25=1.3862837896;
kf_p53=0.0007272631;
k_p53=29.4085007492;
K_ATR=0.0002763986;
p53ser46_ref50_72h=0.0004821916;
kp_ser46=3.7665456348;
K_p53=0.5035958205;
upAsy=0.1909712095;
sness=0.0046317001;
k_apop=0.0516657923;
tED50=356.9298897019;
cell_pop_norm0_Jack_MGMT_P=75.6271631887;
k_dis=0.0145965313;

%%%%%%%%%

cost=227.5272525632;

%%%%%%%%%

