TMZout0_Ka_XTMZ(norm)=0.30063;
MGMT_P0(norm)=0.92178;
k_MGMT(norm)=0.34358;
k_addO(norm)=0.61945;
k_addN(norm)=0.92930;
DSB_72h_fac(norm)=0.62270;
k_DSBO(norm)=0.67370;
k_DSBN(norm)=0.42180;
k_CyA(norm)=0.61778;
fVX(norm)=0.56974;
kf_ATR_MGMT_P(norm)=0.58742;
k_ATR(norm)=0.65760;
K_add(norm)=0.66985;
kd_pATR(norm)=0.32423;
k_Chk1(norm)=0.54718;
C_Chk1(norm)=0.60735;
pChk1_ref12_5_24h(norm)=0.58868;
pChk1_ref100_24h(norm)=0.58870;
pChk1_ref100_48h(norm)=0.53232;
kd_pChk1(norm)=0.63156;
k_cdc25(norm)=0.89431;
K_cdc25(norm)=0.62055;
kf_p53(norm)=0.70486;
k_p53(norm)=0.09232;
K_ATR(norm)=0.32973;
p53ser46_ref50_72h(norm)=0.73801;
kp_ser46(norm)=0.55513;
K_p53(norm)=0.18757;
upAsy(norm)=0.55918;
sness(norm)=0.78456;
k_apop(norm)=0.80273;
tED50(norm)=0.19331;
cell_pop_norm0_Jack_MGMT_P(norm)=0.17852;
k_dis(norm)=0.61911;

%%%%%%%%%

TMZout0_Ka_XTMZ=33.2151081982;
MGMT_P0=2.3813266685;
k_MGMT=38.2273347794;
k_addO=0.0113988951;
k_addN=0.2028642187;
DSB_72h_fac=1.0638876108;
k_DSBO=0.0003375750;
k_DSBN=0.0000321396;
k_CyA=2.0969541283;
fVX=0.0013919407;
kf_ATR_MGMT_P=0.0000108784;
k_ATR=0.0221025138;
K_add=0.0000753378;
kd_pATR=0.0031088215;
k_Chk1=465.0696142413;
C_Chk1=0.7581337894;
pChk1_ref12_5_24h=0.0076420397;
pChk1_ref100_24h=0.0076596848;
pChk1_ref100_48h=0.0082559436;
kd_pChk1=0.0849150329;
k_cdc25=313.4002097315;
K_cdc25=1.3898123030;
kf_p53=0.0007647707;
k_p53=24.4663920226;
K_ATR=0.0003341374;
p53ser46_ref50_72h=0.0006201182;
kp_ser46=3.7483491124;
K_p53=0.3780913736;
upAsy=0.2464686531;
sness=0.0049297508;
k_apop=0.0767168183;
tED50=267.3055638614;
cell_pop_norm0_Jack_MGMT_P=74.6021526739;
k_dis=0.0166851450;

%%%%%%%%%

cost=124.0487267545;

%%%%%%%%%

