TMZout0_Ka_XTMZ(norm)=0.39009;
MGMT_P0(norm)=0.83938;
k_MGMT(norm)=0.28710;
k_addO(norm)=0.57699;
k_addN(norm)=0.95436;
DSB_72h_fac(norm)=0.80277;
k_DSBO(norm)=0.69697;
k_DSBN(norm)=0.42476;
k_CyA(norm)=0.32983;
fVX(norm)=0.82698;
kf_ATR_MGMT_P(norm)=0.57294;
k_ATR(norm)=0.68446;
K_add(norm)=0.52661;
kd_pATR(norm)=0.76948;
k_Chk1(norm)=0.18390;
C_Chk1(norm)=0.57743;
pChk1_ref12_5_24h(norm)=0.41736;
pChk1_ref100_24h(norm)=0.43502;
pChk1_ref100_48h(norm)=0.51528;
kd_pChk1(norm)=0.52136;
k_cdc25(norm)=0.42599;
K_cdc25(norm)=0.80624;
kf_p53(norm)=0.45438;
k_p53(norm)=0.64889;
K_ATR(norm)=0.65750;
p53ser46_ref50_72h(norm)=0.54072;
kp_ser46(norm)=0.58947;
K_p53(norm)=0.19843;
upAsy(norm)=0.35228;
sness(norm)=0.48454;
k_apop(norm)=0.82037;
tED50(norm)=0.38101;
cell_pop_norm0_Jack_MGMT_P(norm)=0.16440;
k_dis(norm)=0.64195;

%%%%%%%%%

TMZout0_Ka_XTMZ=33.9043016189;
MGMT_P0=2.2624069867;
k_MGMT=36.4407537661;
k_addO=0.0109960977;
k_addN=0.2072165785;
DSB_72h_fac=1.2128311973;
k_DSBO=0.0003442974;
k_DSBN=0.0000322205;
k_CyA=1.6429714363;
fVX=0.0017309338;
kf_ATR_MGMT_P=0.0000107457;
k_ATR=0.0226113052;
K_add=0.0000667274;
kd_pATR=0.0045335499;
k_Chk1=341.8519306218;
C_Chk1=0.7391560149;
pChk1_ref12_5_24h=0.0066095278;
pChk1_ref100_24h=0.0067244995;
pChk1_ref100_48h=0.0081375870;
kd_pChk1=0.0773452393;
k_cdc25=210.7505421881;
K_cdc25=1.6266240860;
kf_p53=0.0006185331;
k_p53=39.2080331556;
K_ATR=0.0004410995;
p53ser46_ref50_72h=0.0005246595;
kp_ser46=3.8590065339;
K_p53=0.3815845961;
upAsy=0.2068368836;
sness=0.0038231843;
k_apop=0.0778719690;
tED50=313.3820030639;
cell_pop_norm0_Jack_MGMT_P=74.2274721251;
k_dis=0.0170112129;

%%%%%%%%%

cost=124.4050833281;

%%%%%%%%%

