TMZout0_Ka_XTMZ(norm)=0.01474;
MGMT_P0(norm)=0.82330;
k_MGMT(norm)=0.93277;
k_addO(norm)=0.73278;
k_addN(norm)=0.55446;
DSB_72h_fac(norm)=0.45375;
k_DSBO(norm)=0.50276;
k_DSBN(norm)=0.42305;
k_CyA(norm)=0.75272;
fVX(norm)=0.20780;
kf_ATR_MGMT_P(norm)=0.67546;
k_ATR(norm)=0.20261;
K_add(norm)=0.48235;
kd_pATR(norm)=0.30922;
k_Chk1(norm)=0.42879;
C_Chk1(norm)=0.67031;
pChk1_ref12_5_24h(norm)=0.00900;
pChk1_ref100_24h(norm)=0.73551;
pChk1_ref100_48h(norm)=0.86191;
kd_pChk1(norm)=0.35306;
k_cdc25(norm)=0.74947;
K_cdc25(norm)=0.00010;
kf_p53(norm)=0.38316;
k_p53(norm)=0.11088;
K_ATR(norm)=0.33254;
p53ser46_ref50_72h(norm)=0.43586;
kp_ser46(norm)=0.88476;
K_p53(norm)=0.35721;
upAsy(norm)=0.35135;
sness(norm)=0.99138;
k_apop(norm)=0.74946;
tED50(norm)=0.58002;
cell_pop_norm0_Jack_MGMT_P(norm)=0.53477;
k_dis(norm)=0.62840;

%%%%%%%%%

TMZout0_Ka_XTMZ=31.1051138741;
MGMT_P0=2.2634965714;
k_MGMT=54.4869038459;
k_addO=0.0117648391;
k_addN=0.1199760682;
DSB_72h_fac=0.9266501129;
k_DSBO=0.0003018162;
k_DSBN=0.0000345185;
k_CyA=2.8236201724;
fVX=0.0010330896;
kf_ATR_MGMT_P=0.0000117344;
k_ATR=0.0190700555;
K_add=0.0000744207;
kd_pATR=0.0021543333;
k_Chk1=293.8610197399;
C_Chk1=0.8079192651;
pChk1_ref12_5_24h=0.0052293089;
pChk1_ref100_24h=0.0096995039;
pChk1_ref100_48h=0.0133259106;
kd_pChk1=0.0518145448;
k_cdc25=265.7022024903;
K_cdc25=0.8476482178;
kf_p53=0.0004857110;
k_p53=21.8704618042;
K_ATR=0.0003731939;
p53ser46_ref50_72h=0.0004228825;
kp_ser46=4.2680041213;
K_p53=0.5317693974;
upAsy=0.1613328716;
sness=0.0053041495;
k_apop=0.0667818238;
tED50=377.5433236161;
cell_pop_norm0_Jack_MGMT_P=84.7101046799;
k_dis=0.0167388837;

%%%%%%%%%

cost=229.0561090347;

%%%%%%%%%

