TMZout0_Ka_XTMZ(norm)=0.67522;
MGMT_P0(norm)=0.87853;
k_MGMT(norm)=0.42179;
k_addO(norm)=0.16851;
k_addN(norm)=0.74379;
DSB_72h_fac(norm)=0.69462;
k_DSBO(norm)=0.44909;
k_DSBN(norm)=0.44964;
k_CyA(norm)=0.31670;
fVX(norm)=0.15870;
kf_ATR_MGMT_P(norm)=1.00000;
k_ATR(norm)=0.72422;
K_add(norm)=0.47711;
kd_pATR(norm)=0.41608;
k_Chk1(norm)=0.38422;
C_Chk1(norm)=0.40187;
pChk1_ref12_5_24h(norm)=0.46584;
pChk1_ref100_24h(norm)=0.67466;
pChk1_ref100_48h(norm)=0.86685;
kd_pChk1(norm)=0.50055;
k_cdc25(norm)=0.77148;
K_cdc25(norm)=0.59199;
kf_p53(norm)=0.48578;
k_p53(norm)=0.63661;
K_ATR(norm)=0.54991;
p53ser46_ref50_72h(norm)=0.40169;
kp_ser46(norm)=0.42153;
K_p53(norm)=0.63126;
upAsy(norm)=0.64238;
sness(norm)=0.35979;
k_apop(norm)=0.57008;
tED50(norm)=0.76563;
cell_pop_norm0_Jack_MGMT_P(norm)=0.78647;
k_dis(norm)=0.54696;

%%%%%%%%%

TMZout0_Ka_XTMZ=36.1978371485;
MGMT_P0=2.3181552417;
k_MGMT=40.8461050383;
k_addO=0.0077790928;
k_addN=0.1733566590;
DSB_72h_fac=1.1210477686;
k_DSBO=0.0002790740;
k_DSBN=0.0000329069;
k_CyA=1.6247949365;
fVX=0.0009825793;
kf_ATR_MGMT_P=0.0000154307;
k_ATR=0.0233858563;
K_add=0.0000639863;
kd_pATR=0.0033604470;
k_Chk1=405.0892225367;
C_Chk1=0.6369887211;
pChk1_ref12_5_24h=0.0068866441;
pChk1_ref100_24h=0.0082384033;
pChk1_ref100_48h=0.0109614109;
kd_pChk1=0.0759936182;
k_cdc25=282.4234100676;
K_cdc25=1.3565828740;
kf_p53=0.0006352070;
k_p53=38.8023191477;
K_ATR=0.0004026677;
p53ser46_ref50_72h=0.0004663549;
kp_ser46=3.3471515132;
K_p53=0.5506356437;
upAsy=0.2644714059;
sness=0.0034396922;
k_apop=0.0629914330;
tED50=434.1186599189;
cell_pop_norm0_Jack_MGMT_P=92.6667906828;
k_dis=0.0156956494;

%%%%%%%%%

cost=262.4910333710;

%%%%%%%%%

