TMZout0_Ka_XTMZ(norm)=0.65900;
MGMT_P0(norm)=1.00000;
k_MGMT(norm)=0.59790;
k_addO(norm)=0.32436;
k_addN(norm)=0.65383;
DSB_72h_fac(norm)=0.40733;
k_DSBO(norm)=0.57639;
k_DSBN(norm)=1.00000;
k_CyA(norm)=0.62473;
fVX(norm)=1.00000;
kf_ATR_MGMT_P(norm)=0.63199;
k_ATR(norm)=0.57064;
K_add(norm)=0.69323;
kd_pATR(norm)=0.34346;
k_Chk1(norm)=1.00000;
C_Chk1(norm)=0.00010;
pChk1_ref12_5_24h(norm)=0.35840;
pChk1_ref100_24h(norm)=0.50929;
pChk1_ref100_48h(norm)=0.63087;
kd_pChk1(norm)=0.18574;
k_cdc25(norm)=0.57192;
K_cdc25(norm)=0.71684;
kf_p53(norm)=0.49396;
k_p53(norm)=0.38663;
K_ATR(norm)=0.12737;
p53ser46_ref50_72h(norm)=0.71363;
kp_ser46(norm)=0.47324;
K_p53(norm)=0.57376;
upAsy(norm)=0.49250;
sness(norm)=0.54759;
k_apop(norm)=1.00000;
tED50(norm)=0.40170;
cell_pop_norm0_Jack_MGMT_P(norm)=0.36735;
k_dis(norm)=0.55159;

%%%%%%%%%

TMZout0_Ka_XTMZ=36.0633090845;
MGMT_P0=2.5000000000;
k_MGMT=47.4192749084;
k_addO=0.0088772250;
k_addN=0.1606335884;
DSB_72h_fac=0.9095708248;
k_DSBO=0.0003108589;
k_DSBN=0.0000524573;
k_CyA=2.1093349918;
fVX=0.0020042231;
kf_ATR_MGMT_P=0.0000112971;
k_ATR=0.0205325144;
K_add=0.0000768454;
kd_pATR=0.0031599084;
k_Chk1=682.5647593832;
C_Chk1=0.4532009724;
pChk1_ref12_5_24h=0.0062874507;
pChk1_ref100_24h=0.0071612632;
pChk1_ref100_48h=0.0089748978;
kd_pChk1=0.0582016197;
k_cdc25=238.4877143098;
K_cdc25=1.5079597903;
kf_p53=0.0006396282;
k_p53=31.3958059402;
K_ATR=0.0002814888;
p53ser46_ref50_72h=0.0006074411;
kp_ser46=3.4970656767;
K_p53=0.5244506688;
upAsy=0.2329306636;
sness=0.0040329600;
k_apop=0.0906739715;
tED50=318.9260934683;
cell_pop_norm0_Jack_MGMT_P=79.7997331000;
k_dis=0.0157573486;

%%%%%%%%%

cost=230.0586248442;

%%%%%%%%%

