TMZout0_Ka_XTMZ(norm)=0.41736;
MGMT_P0(norm)=0.55399;
k_MGMT(norm)=0.19224;
k_addO(norm)=0.21200;
k_addN(norm)=0.44251;
DSB_72h_fac(norm)=0.00010;
k_DSBO(norm)=0.61105;
k_DSBN(norm)=1.00000;
k_CyA(norm)=0.30773;
fVX(norm)=0.85220;
kf_ATR_MGMT_P(norm)=0.32690;
k_ATR(norm)=0.65477;
K_add(norm)=1.00000;
kd_pATR(norm)=0.29687;
k_Chk1(norm)=0.69536;
C_Chk1(norm)=0.00010;
pChk1_ref12_5_24h(norm)=0.38534;
pChk1_ref100_24h(norm)=0.59293;
pChk1_ref100_48h(norm)=0.92744;
kd_pChk1(norm)=0.08592;
k_cdc25(norm)=0.84881;
K_cdc25(norm)=0.74742;
kf_p53(norm)=0.80819;
k_p53(norm)=0.81513;
K_ATR(norm)=0.00010;
p53ser46_ref50_72h(norm)=0.57169;
kp_ser46(norm)=0.32249;
K_p53(norm)=0.43506;
upAsy(norm)=1.00000;
sness(norm)=1.00000;
k_apop(norm)=1.00000;
tED50(norm)=0.37204;
cell_pop_norm0_Jack_MGMT_P(norm)=0.68277;
k_dis(norm)=0.43559;

%%%%%%%%%

TMZout0_Ka_XTMZ=34.1172494579;
MGMT_P0=1.8945832429;
k_MGMT=33.6267044470;
k_addO=0.0080710785;
k_addN=0.1343002608;
DSB_72h_fac=0.6763120313;
k_DSBO=0.0003201223;
k_DSBN=0.0000524573;
k_CyA=1.6124913654;
fVX=0.0017683108;
kf_ATR_MGMT_P=0.0000087237;
k_ATR=0.0220494587;
K_add=0.0000996552;
kd_pATR=0.0030375978;
k_Chk1=527.2817124509;
C_Chk1=0.4532009724;
pChk1_ref12_5_24h=0.0064326096;
pChk1_ref100_24h=0.0076871865;
pChk1_ref100_48h=0.0115388221;
kd_pChk1=0.0534814825;
k_cdc25=301.5494854048;
K_cdc25=1.5475391679;
kf_p53=0.0008347484;
k_p53=45.1386662489;
K_ATR=0.0002527144;
p53ser46_ref50_72h=0.0005386079;
kp_ser46=3.0777324022;
K_p53=0.4663011951;
upAsy=0.3580746716;
sness=0.0059169975;
k_apop=0.0906739715;
tED50=311.0091276938;
cell_pop_norm0_Jack_MGMT_P=89.3019849516;
k_dis=0.0142823545;

%%%%%%%%%

cost=498.4469265179;

%%%%%%%%%

