TMZout0_Ka_XTMZ(norm)=0.60744;
MGMT_P0(norm)=0.03259;
k_MGMT(norm)=0.93346;
k_addO(norm)=0.27275;
k_addN(norm)=0.10228;
DSB_72h_fac(norm)=0.13726;
k_DSBO(norm)=0.44991;
k_DSBN(norm)=0.50045;
k_CyA(norm)=0.52766;
fVX(norm)=0.86054;
kf_ATR_MGMT_P(norm)=0.62448;
k_ATR(norm)=0.75460;
K_add(norm)=0.47050;
kd_pATR(norm)=0.48350;
k_Chk1(norm)=0.41679;
C_Chk1(norm)=0.81627;
pChk1_ref12_5_24h(norm)=0.00010;
pChk1_ref100_24h(norm)=0.00010;
pChk1_ref100_48h(norm)=0.31922;
kd_pChk1(norm)=0.55588;
k_cdc25(norm)=0.49121;
K_cdc25(norm)=0.72149;
kf_p53(norm)=0.39380;
k_p53(norm)=0.48760;
K_ATR(norm)=0.48061;
p53ser46_ref50_72h(norm)=0.50126;
kp_ser46(norm)=0.48949;
K_p53(norm)=0.93771;
upAsy(norm)=0.40198;
sness(norm)=0.89444;
k_apop(norm)=0.86074;
tED50(norm)=0.69648;
cell_pop_norm0_Jack_MGMT_P(norm)=1.00000;
k_dis(norm)=0.52044;

%%%%%%%%%

TMZout0_Ka_XTMZ=35.6389597577;
MGMT_P0=1.3700416552;
k_MGMT=63.0136663284;
k_addO=0.0084973901;
k_addN=0.1006652995;
DSB_72h_fac=0.7472926895;
k_DSBO=0.0002792684;
k_DSBN=0.0000343546;
k_CyA=1.9427887066;
fVX=0.0017808518;
kf_ATR_MGMT_P=0.0000112254;
k_ATR=0.0239957935;
K_add=0.0000636294;
kd_pATR=0.0035579970;
k_Chk1=416.4236381958;
C_Chk1=0.9049440711;
pChk1_ref12_5_24h=0.0046411643;
pChk1_ref100_24h=0.0046517778;
pChk1_ref100_48h=0.0068920750;
kd_pChk1=0.0796413843;
k_cdc25=222.7250309548;
K_cdc25=1.5139055521;
kf_p53=0.0005875819;
k_p53=34.1998525677;
K_ATR=0.0003797046;
p53ser46_ref50_72h=0.0005074040;
kp_ser46=3.5455566870;
K_p53=0.7138878424;
upAsy=0.2157326782;
sness=0.0054107672;
k_apop=0.0805820702;
tED50=409.4138132703;
cell_pop_norm0_Jack_MGMT_P=100.0000000000;
k_dis=0.0153469284;

%%%%%%%%%

cost=376.9018826412;

%%%%%%%%%

