TMZout0_Ka_XTMZ(norm)=0.96626;
MGMT_P0(norm)=0.00010;
k_MGMT(norm)=0.52063;
k_addO(norm)=0.72581;
k_addN(norm)=0.10781;
DSB_72h_fac(norm)=0.56088;
k_DSBO(norm)=0.53641;
k_DSBN(norm)=0.55584;
k_CyA(norm)=0.21119;
fVX(norm)=0.86104;
kf_ATR_MGMT_P(norm)=0.29235;
k_ATR(norm)=0.00010;
K_add(norm)=0.66267;
kd_pATR(norm)=0.27368;
k_Chk1(norm)=0.67970;
C_Chk1(norm)=0.59215;
pChk1_ref12_5_24h(norm)=0.58487;
pChk1_ref100_24h(norm)=1.00000;
pChk1_ref100_48h(norm)=0.74097;
kd_pChk1(norm)=0.00666;
k_cdc25(norm)=0.37072;
K_cdc25(norm)=0.74381;
kf_p53(norm)=0.29299;
k_p53(norm)=0.28791;
K_ATR(norm)=0.46137;
p53ser46_ref50_72h(norm)=0.59214;
kp_ser46(norm)=0.26578;
K_p53(norm)=0.59074;
upAsy(norm)=0.07939;
sness(norm)=0.35087;
k_apop(norm)=0.68033;
tED50(norm)=0.46961;
cell_pop_norm0_Jack_MGMT_P(norm)=0.27121;
k_dis(norm)=0.97457;

%%%%%%%%%

TMZout0_Ka_XTMZ=38.6991143514;
MGMT_P0=1.3426454420;
k_MGMT=44.4141698483;
k_addO=0.0124738843;
k_addN=0.1011380001;
DSB_72h_fac=1.0170948044;
k_DSBO=0.0003005061;
k_DSBN=0.0000360053;
k_CyA=1.4858419307;
fVX=0.0017816072;
kf_ATR_MGMT_P=0.0000084720;
k_ATR=0.0126617952;
K_add=0.0000748806;
kd_pATR=0.0029784758;
k_Chk1=520.3313740007;
C_Chk1=0.7484306086;
pChk1_ref12_5_24h=0.0076174536;
pChk1_ref100_24h=0.0108532287;
pChk1_ref100_48h=0.0098524380;
kd_pChk1=0.0500079314;
k_cdc25=201.1084115545;
K_cdc25=1.5428190902;
kf_p53=0.0005394767;
k_p53=28.8763209369;
K_ATR=0.0003735661;
p53ser46_ref50_72h=0.0005480206;
kp_ser46=2.9333514752;
K_p53=0.5320490600;
upAsy=0.1641386219;
sness=0.0034137741;
k_apop=0.0691594306;
tED50=337.8133160980;
cell_pop_norm0_Jack_MGMT_P=77.1096454354;
k_dis=0.0225491447;

%%%%%%%%%

cost=100000.0000000000;

%%%%%%%%%

