TMZout0_Ka_XTMZ(norm)=0.39862;
MGMT_P0(norm)=0.49755;
k_MGMT(norm)=0.85983;
k_addO(norm)=0.45848;
k_addN(norm)=0.76689;
DSB_72h_fac(norm)=0.49575;
k_DSBO(norm)=0.68395;
k_DSBN(norm)=0.35377;
k_CyA(norm)=0.48954;
fVX(norm)=0.00010;
kf_ATR_MGMT_P(norm)=1.00000;
k_ATR(norm)=0.33894;
K_add(norm)=0.41771;
kd_pATR(norm)=1.00000;
k_Chk1(norm)=0.49564;
C_Chk1(norm)=1.00000;
pChk1_ref12_5_24h(norm)=0.11347;
pChk1_ref100_24h(norm)=0.73249;
pChk1_ref100_48h(norm)=0.59862;
kd_pChk1(norm)=0.73667;
k_cdc25(norm)=0.75991;
K_cdc25(norm)=0.57852;
kf_p53(norm)=0.31189;
k_p53(norm)=0.65361;
K_ATR(norm)=0.35257;
p53ser46_ref50_72h(norm)=0.04162;
kp_ser46(norm)=0.67800;
K_p53(norm)=1.00000;
upAsy(norm)=1.00000;
sness(norm)=0.56399;
k_apop(norm)=0.97831;
tED50(norm)=0.75294;
cell_pop_norm0_Jack_MGMT_P(norm)=0.18926;
k_dis(norm)=0.68450;

%%%%%%%%%

TMZout0_Ka_XTMZ=33.9707929660;
MGMT_P0=1.8469840896;
k_MGMT=49.5241433235;
k_addO=0.0091443133;
k_addN=0.1336195254;
DSB_72h_fac=0.9544903962;
k_DSBO=0.0003523164;
k_DSBN=0.0000336327;
k_CyA=2.1603982980;
fVX=0.0007741765;
kf_ATR_MGMT_P=0.0000152013;
k_ATR=0.0199844578;
K_add=0.0000649037;
kd_pATR=0.0048065363;
k_Chk1=374.3662893786;
C_Chk1=1.0786220036;
pChk1_ref12_5_24h=0.0052008201;
pChk1_ref100_24h=0.0088017576;
pChk1_ref100_48h=0.0091607672;
kd_pChk1=0.0865636401;
k_cdc25=295.2709433117;
K_cdc25=1.3111211943;
kf_p53=0.0004686574;
k_p53=39.0114161927;
K_ATR=0.0003867485;
p53ser46_ref50_72h=0.0002958330;
kp_ser46=3.6420957228;
K_p53=0.8758248289;
upAsy=0.3538326637;
sness=0.0037423897;
k_apop=0.0921439336;
tED50=503.3055744688;
cell_pop_norm0_Jack_MGMT_P=74.8885479281;
k_dis=0.0177654515;

%%%%%%%%%

cost=229.4630140966;

%%%%%%%%%

