TMZout0_Ka_XTMZ(norm)=0.84453;
MGMT_P0(norm)=0.50962;
k_MGMT(norm)=0.53763;
k_addO(norm)=1.00000;
k_addN(norm)=0.40433;
DSB_72h_fac(norm)=0.60933;
k_DSBO(norm)=0.64566;
k_DSBN(norm)=0.89897;
k_CyA(norm)=0.52631;
fVX(norm)=0.89002;
kf_ATR_MGMT_P(norm)=0.60312;
k_ATR(norm)=0.87316;
K_add(norm)=0.87800;
kd_pATR(norm)=0.89307;
k_Chk1(norm)=0.56974;
C_Chk1(norm)=0.42566;
pChk1_ref12_5_24h(norm)=0.22283;
pChk1_ref100_24h(norm)=0.69924;
pChk1_ref100_48h(norm)=0.72369;
kd_pChk1(norm)=0.42151;
k_cdc25(norm)=0.44807;
K_cdc25(norm)=0.26592;
kf_p53(norm)=0.38613;
k_p53(norm)=0.83429;
K_ATR(norm)=0.73172;
p53ser46_ref50_72h(norm)=0.63278;
kp_ser46(norm)=0.90174;
K_p53(norm)=0.53191;
upAsy(norm)=0.66759;
sness(norm)=0.23258;
k_apop(norm)=0.78194;
tED50(norm)=0.64285;
cell_pop_norm0_Jack_MGMT_P(norm)=0.09857;
k_dis(norm)=0.48494;

%%%%%%%%%

TMZout0_Ka_XTMZ=37.6325634445;
MGMT_P0=1.7841692831;
k_MGMT=48.8080955122;
k_addO=0.0147067798;
k_addN=0.1237196273;
DSB_72h_fac=1.0198136942;
k_DSBO=0.0003852766;
k_DSBN=0.0000462017;
k_CyA=2.6391343787;
fVX=0.0018825500;
kf_ATR_MGMT_P=0.0000110739;
k_ATR=0.0359819104;
K_add=0.0001159301;
kd_pATR=0.0025761542;
k_Chk1=314.5954179686;
C_Chk1=0.6594457142;
pChk1_ref12_5_24h=0.0065015038;
pChk1_ref100_24h=0.0097919116;
pChk1_ref100_48h=0.0120826933;
kd_pChk1=0.0530480253;
k_cdc25=188.7362739429;
K_cdc25=1.0430576016;
kf_p53=0.0003981957;
k_p53=37.7439269506;
K_ATR=0.0005506692;
p53ser46_ref50_72h=0.0004015532;
kp_ser46=4.0406544112;
K_p53=0.5584604230;
upAsy=0.3017202822;
sness=0.0039846355;
k_apop=0.0729030564;
tED50=434.2517362045;
cell_pop_norm0_Jack_MGMT_P=72.5048885751;
k_dis=0.0144277760;

%%%%%%%%%

cost=248.2149949672;

%%%%%%%%%

