TMZout0_Ka_XTMZ(norm)=0.06510;
MGMT_P0(norm)=0.99915;
k_MGMT(norm)=0.46615;
k_addO(norm)=0.66040;
k_addN(norm)=0.52465;
DSB_72h_fac(norm)=0.62262;
k_DSBO(norm)=0.68335;
k_DSBN(norm)=0.56635;
k_CyA(norm)=0.50229;
fVX(norm)=0.54568;
kf_ATR_MGMT_P(norm)=0.57224;
k_ATR(norm)=0.70031;
K_add(norm)=0.65258;
kd_pATR(norm)=0.69738;
k_Chk1(norm)=0.91744;
C_Chk1(norm)=0.62254;
pChk1_ref12_5_24h(norm)=0.81856;
pChk1_ref100_24h(norm)=0.82951;
pChk1_ref100_48h(norm)=0.75706;
kd_pChk1(norm)=0.52921;
k_cdc25(norm)=0.72459;
K_cdc25(norm)=0.50377;
kf_p53(norm)=0.62034;
k_p53(norm)=0.43551;
K_ATR(norm)=0.58735;
p53ser46_ref50_72h(norm)=0.51744;
kp_ser46(norm)=0.51226;
K_p53(norm)=0.70808;
upAsy(norm)=0.28874;
sness(norm)=0.56266;
k_apop(norm)=0.77488;
tED50(norm)=0.24920;
cell_pop_norm0_Jack_MGMT_P(norm)=0.13603;
k_dis(norm)=0.63081;

%%%%%%%%%

TMZout0_Ka_XTMZ=31.4668177905;
MGMT_P0=2.4988121362;
k_MGMT=36.6935121331;
k_addO=0.0110649902;
k_addN=0.1169842689;
DSB_72h_fac=1.0527314559;
k_DSBO=0.0003517181;
k_DSBN=0.0000389748;
k_CyA=2.2837807418;
fVX=0.0013755285;
kf_ATR_MGMT_P=0.0000107517;
k_ATR=0.0290734104;
K_add=0.0000859675;
kd_pATR=0.0029932572;
k_Chk1=444.5825748222;
C_Chk1=0.7758739634;
pChk1_ref12_5_24h=0.0103834841;
pChk1_ref100_24h=0.0105036660;
pChk1_ref100_48h=0.0121931255;
kd_pChk1=0.0601548932;
k_cdc25=260.1597083737;
K_cdc25=1.2988330395;
kf_p53=0.0005938152;
k_p53=28.7947280179;
K_ATR=0.0004631251;
p53ser46_ref50_72h=0.0004531488;
kp_ser46=3.1128202576;
K_p53=0.7158770547;
upAsy=0.1529963583;
sness=0.0036885796;
k_apop=0.0682354806;
tED50=285.2545887582;
cell_pop_norm0_Jack_MGMT_P=73.4799278206;
k_dis=0.0167731123;

%%%%%%%%%

cost=123.6508105333;

%%%%%%%%%

