TMZout0_Ka_XTMZ(norm)=0.67763;
MGMT_P0(norm)=0.88733;
k_MGMT(norm)=0.50449;
k_addO(norm)=0.54061;
k_addN(norm)=0.87410;
DSB_72h_fac(norm)=0.70479;
k_DSBO(norm)=0.81628;
k_DSBN(norm)=0.44720;
k_CyA(norm)=0.58188;
fVX(norm)=0.58629;
kf_ATR_MGMT_P(norm)=0.61031;
k_ATR(norm)=0.41111;
K_add(norm)=0.71290;
kd_pATR(norm)=0.21324;
k_Chk1(norm)=0.54939;
C_Chk1(norm)=0.59851;
pChk1_ref12_5_24h(norm)=0.52915;
pChk1_ref100_24h(norm)=0.53452;
pChk1_ref100_48h(norm)=0.57841;
kd_pChk1(norm)=0.56532;
k_cdc25(norm)=0.68726;
K_cdc25(norm)=0.65096;
kf_p53(norm)=0.47537;
k_p53(norm)=0.46776;
K_ATR(norm)=0.38039;
p53ser46_ref50_72h(norm)=0.53278;
kp_ser46(norm)=0.74122;
K_p53(norm)=0.55900;
upAsy(norm)=0.49824;
sness(norm)=0.73707;
k_apop(norm)=0.51127;
tED50(norm)=0.51663;
cell_pop_norm0_Jack_MGMT_P(norm)=0.15978;
k_dis(norm)=0.58080;

%%%%%%%%%

TMZout0_Ka_XTMZ=36.2178905137;
MGMT_P0=2.3308710107;
k_MGMT=43.8109288782;
k_addO=0.0106623406;
k_addN=0.1935937951;
DSB_72h_fac=1.1293767412;
k_DSBO=0.0003809222;
k_DSBN=0.0000328388;
k_CyA=2.0341219407;
fVX=0.0014115980;
kf_ATR_MGMT_P=0.0000110914;
k_ATR=0.0179364432;
K_add=0.0000781367;
kd_pATR=0.0028297965;
k_Chk1=465.9378761870;
C_Chk1=0.7524760127;
pChk1_ref12_5_24h=0.0072661464;
pChk1_ref100_24h=0.0073159958;
pChk1_ref100_48h=0.0085847079;
kd_pChk1=0.0802804715;
k_cdc25=262.9719773211;
K_cdc25=1.4260896333;
kf_p53=0.0006296284;
k_p53=33.6297588209;
K_ATR=0.0003487924;
p53ser46_ref50_72h=0.0005211418;
kp_ser46=4.3884896783;
K_p53=0.5179337145;
upAsy=0.2340651026;
sness=0.0047353111;
k_apop=0.0599294597;
tED50=351.5438835551;
cell_pop_norm0_Jack_MGMT_P=74.1052454507;
k_dis=0.0161521983;

%%%%%%%%%

cost=123.6573212001;

%%%%%%%%%

