TMZout0_Ka_XTMZ(norm)=0.15216;
MGMT_P0(norm)=0.91894;
k_MGMT(norm)=0.42137;
k_addO(norm)=0.61803;
k_addN(norm)=0.84482;
DSB_72h_fac(norm)=0.80911;
k_DSBO(norm)=0.62885;
k_DSBN(norm)=0.40003;
k_CyA(norm)=0.59655;
fVX(norm)=0.27688;
kf_ATR_MGMT_P(norm)=0.59546;
k_ATR(norm)=0.77729;
K_add(norm)=0.63729;
kd_pATR(norm)=0.97693;
k_Chk1(norm)=0.64014;
C_Chk1(norm)=0.63232;
pChk1_ref12_5_24h(norm)=0.64001;
pChk1_ref100_24h(norm)=0.65141;
pChk1_ref100_48h(norm)=0.63401;
kd_pChk1(norm)=0.60983;
k_cdc25(norm)=0.25526;
K_cdc25(norm)=0.51026;
kf_p53(norm)=0.40688;
k_p53(norm)=0.41323;
K_ATR(norm)=0.57096;
p53ser46_ref50_72h(norm)=0.39541;
kp_ser46(norm)=0.57470;
K_p53(norm)=0.75131;
upAsy(norm)=0.06399;
sness(norm)=0.40066;
k_apop(norm)=0.67422;
tED50(norm)=0.35405;
cell_pop_norm0_Jack_MGMT_P(norm)=0.15987;
k_dis(norm)=0.62116;

%%%%%%%%%

TMZout0_Ka_XTMZ=32.1020023890;
MGMT_P0=2.3771345466;
k_MGMT=40.8317447721;
k_addO=0.0113852137;
k_addN=0.1888512195;
DSB_72h_fac=1.2184404220;
k_DSBO=0.0003249884;
k_DSBN=0.0000315523;
k_CyA=2.0595615124;
fVX=0.0010860596;
kf_ATR_MGMT_P=0.0000109528;
k_ATR=0.0244614447;
K_add=0.0000732876;
kd_pATR=0.0054047269;
k_Chk1=503.1787654501;
C_Chk1=0.7743457120;
pChk1_ref12_5_24h=0.0079817968;
pChk1_ref100_24h=0.0080776363;
pChk1_ref100_48h=0.0089988167;
kd_pChk1=0.0833662155;
k_cdc25=182.3660076087;
K_cdc25=1.2658230550;
kf_p53=0.0005941319;
k_p53=32.1112649450;
K_ATR=0.0004099156;
p53ser46_ref50_72h=0.0004638810;
kp_ser46=3.8109977019;
K_p53=0.6095904796;
upAsy=0.1620104549;
sness=0.0035608803;
k_apop=0.0688023074;
tED50=306.3063297657;
cell_pop_norm0_Jack_MGMT_P=74.1075426318;
k_dis=0.0167140989;

%%%%%%%%%

cost=123.2594835658;

%%%%%%%%%

