TMZout0_Ka_XTMZ(norm)=0.63705;
MGMT_P0(norm)=0.73115;
k_MGMT(norm)=0.76968;
k_addO(norm)=0.56770;
k_addN(norm)=0.84279;
DSB_72h_fac(norm)=0.77798;
k_DSBO(norm)=0.57279;
k_DSBN(norm)=0.32582;
k_CyA(norm)=0.65621;
fVX(norm)=0.70655;
kf_ATR_MGMT_P(norm)=0.61865;
k_ATR(norm)=0.74088;
K_add(norm)=0.61006;
kd_pATR(norm)=0.77284;
k_Chk1(norm)=0.28798;
C_Chk1(norm)=0.60016;
pChk1_ref12_5_24h(norm)=0.57337;
pChk1_ref100_24h(norm)=0.57261;
pChk1_ref100_48h(norm)=0.64452;
kd_pChk1(norm)=0.39669;
k_cdc25(norm)=0.12049;
K_cdc25(norm)=0.54122;
kf_p53(norm)=0.38678;
k_p53(norm)=0.55235;
K_ATR(norm)=0.64316;
p53ser46_ref50_72h(norm)=0.42645;
kp_ser46(norm)=0.58167;
K_p53(norm)=0.50164;
upAsy(norm)=0.26405;
sness(norm)=0.74688;
k_apop(norm)=0.52189;
tED50(norm)=0.40140;
cell_pop_norm0_Jack_MGMT_P(norm)=0.15596;
k_dis(norm)=0.58218;

%%%%%%%%%

TMZout0_Ka_XTMZ=35.8820977954;
MGMT_P0=2.1151945081;
k_MGMT=54.8485915035;
k_addO=0.0109098868;
k_addN=0.1885265722;
DSB_72h_fac=1.1911501468;
k_DSBO=0.0003099115;
k_DSBN=0.0000296294;
k_CyA=2.1663483144;
fVX=0.0015630131;
kf_ATR_MGMT_P=0.0000111701;
k_ATR=0.0237184100;
K_add=0.0000716164;
kd_pATR=0.0045464870;
k_Chk1=373.3694680492;
C_Chk1=0.7535268716;
pChk1_ref12_5_24h=0.0075435444;
pChk1_ref100_24h=0.0075559501;
pChk1_ref100_48h=0.0090793668;
kd_pChk1=0.0695920678;
k_cdc25=162.6871594459;
K_cdc25=1.2994691484;
kf_p53=0.0005840972;
k_p53=36.1287248968;
K_ATR=0.0004357735;
p53ser46_ref50_72h=0.0004762432;
kp_ser46=3.8335736754;
K_p53=0.4933636774;
upAsy=0.1919375354;
sness=0.0047748335;
k_apop=0.0604712190;
tED50=318.8433554059;
cell_pop_norm0_Jack_MGMT_P=74.0042928620;
k_dis=0.0161711324;

%%%%%%%%%

cost=123.5246909448;

%%%%%%%%%

