TMZout0_Ka_XTMZ(norm)=0.43307;
MGMT_P0(norm)=0.83270;
k_MGMT(norm)=0.62723;
k_addO(norm)=0.56775;
k_addN(norm)=0.68837;
DSB_72h_fac(norm)=0.71503;
k_DSBO(norm)=0.54855;
k_DSBN(norm)=0.38052;
k_CyA(norm)=0.51224;
fVX(norm)=0.20673;
kf_ATR_MGMT_P(norm)=0.60162;
k_ATR(norm)=0.48609;
K_add(norm)=0.64047;
kd_pATR(norm)=0.51501;
k_Chk1(norm)=0.55783;
C_Chk1(norm)=1.00000;
pChk1_ref12_5_24h(norm)=0.49919;
pChk1_ref100_24h(norm)=0.52940;
pChk1_ref100_48h(norm)=0.70019;
kd_pChk1(norm)=0.81663;
k_cdc25(norm)=0.59418;
K_cdc25(norm)=0.72725;
kf_p53(norm)=0.10190;
k_p53(norm)=0.60730;
K_ATR(norm)=0.37559;
p53ser46_ref50_72h(norm)=0.52639;
kp_ser46(norm)=0.42081;
K_p53(norm)=1.00000;
upAsy(norm)=0.43409;
sness(norm)=0.87482;
k_apop(norm)=0.84625;
tED50(norm)=0.63677;
cell_pop_norm0_Jack_MGMT_P(norm)=0.35112;
k_dis(norm)=0.69261;

%%%%%%%%%

TMZout0_Ka_XTMZ=34.2405324488;
MGMT_P0=2.2530295436;
k_MGMT=48.6124132467;
k_addO=0.0109103409;
k_addN=0.1654041645;
DSB_72h_fac=1.1378192080;
k_DSBO=0.0003036123;
k_DSBN=0.0000310349;
k_CyA=1.9175683523;
fVX=0.0010233920;
kf_ATR_MGMT_P=0.0000110101;
k_ATR=0.0191129908;
K_add=0.0000734852;
kd_pATR=0.0036542484;
k_Chk1=469.2836104184;
C_Chk1=1.0573793404;
pChk1_ref12_5_24h=0.0070840503;
pChk1_ref100_24h=0.0072843234;
pChk1_ref100_48h=0.0095178309;
kd_pChk1=0.0993318854;
k_cdc25=243.0289749673;
K_cdc25=1.5213163998;
kf_p53=0.0004588378;
k_p53=37.8505592316;
K_ATR=0.0003473762;
p53ser46_ref50_72h=0.0005183276;
kp_ser46=3.3451077913;
K_p53=0.7525779048;
upAsy=0.2216819694;
sness=0.0053215500;
k_apop=0.0795985165;
tED50=389.2147734973;
cell_pop_norm0_Jack_MGMT_P=79.3390194532;
k_dis=0.0177573129;

%%%%%%%%%

cost=208.6049205612;

%%%%%%%%%

