TMZout0_Ka_XTMZ(norm)=0.25302;
MGMT_P0(norm)=0.82624;
k_MGMT(norm)=0.52585;
k_addO(norm)=0.42009;
k_addN(norm)=0.41940;
DSB_72h_fac(norm)=0.37863;
k_DSBO(norm)=0.57723;
k_DSBN(norm)=0.47686;
k_CyA(norm)=0.58169;
fVX(norm)=0.74440;
kf_ATR_MGMT_P(norm)=0.69178;
k_ATR(norm)=0.64576;
K_add(norm)=0.67633;
kd_pATR(norm)=0.27822;
k_Chk1(norm)=0.25737;
C_Chk1(norm)=0.55594;
pChk1_ref12_5_24h(norm)=0.89777;
pChk1_ref100_24h(norm)=1.00000;
pChk1_ref100_48h(norm)=1.00000;
kd_pChk1(norm)=0.27765;
k_cdc25(norm)=0.50167;
K_cdc25(norm)=0.88656;
kf_p53(norm)=0.18308;
k_p53(norm)=0.81077;
K_ATR(norm)=0.00010;
p53ser46_ref50_72h(norm)=0.79232;
kp_ser46(norm)=0.36710;
K_p53(norm)=0.30622;
upAsy(norm)=0.27501;
sness(norm)=0.75560;
k_apop(norm)=0.73549;
tED50(norm)=0.60982;
cell_pop_norm0_Jack_MGMT_P(norm)=0.00010;
k_dis(norm)=0.33210;

%%%%%%%%%

TMZout0_Ka_XTMZ=32.8540368042;
MGMT_P0=2.2514960427;
k_MGMT=37.3182821472;
k_addO=0.0088516740;
k_addN=0.0995411719;
DSB_72h_fac=0.8732407143;
k_DSBO=0.0003218560;
k_DSBN=0.0000373298;
k_CyA=2.3358365521;
fVX=0.0014545371;
kf_ATR_MGMT_P=0.0000117075;
k_ATR=0.0259175922;
K_add=0.0000808039;
kd_pATR=0.0026075629;
k_Chk1=305.9276391521;
C_Chk1=0.7403988982;
pChk1_ref12_5_24h=0.0101082358;
pChk1_ref100_24h=0.0110409177;
pChk1_ref100_48h=0.0128714905;
kd_pChk1=0.0586715600;
k_cdc25=237.2444907408;
K_cdc25=1.7021451437;
kf_p53=0.0004202022;
k_p53=44.5679836608;
K_ATR=0.0002868983;
p53ser46_ref50_72h=0.0005588370;
kp_ser46=2.7986355367;
K_p53=0.4865456489;
upAsy=0.1914329268;
sness=0.0044020805;
k_apop=0.0750094641;
tED50=445.8278603329;
cell_pop_norm0_Jack_MGMT_P=70.0024967691;
k_dis=0.0131795948;

%%%%%%%%%

cost=498.2598376046;

%%%%%%%%%

