TMZout0_Ka_XTMZ(norm)=0.53907;
MGMT_P0(norm)=0.90178;
k_MGMT(norm)=0.49612;
k_addO(norm)=0.56412;
k_addN(norm)=0.63213;
DSB_72h_fac(norm)=0.78698;
k_DSBO(norm)=0.74360;
k_DSBN(norm)=0.50384;
k_CyA(norm)=0.40176;
fVX(norm)=0.95593;
kf_ATR_MGMT_P(norm)=0.60890;
k_ATR(norm)=0.60866;
K_add(norm)=0.63152;
kd_pATR(norm)=0.88810;
k_Chk1(norm)=0.76057;
C_Chk1(norm)=0.63545;
pChk1_ref12_5_24h(norm)=0.61200;
pChk1_ref100_24h(norm)=0.62300;
pChk1_ref100_48h(norm)=0.63502;
kd_pChk1(norm)=0.60646;
k_cdc25(norm)=0.56046;
K_cdc25(norm)=0.49131;
kf_p53(norm)=0.60554;
k_p53(norm)=0.28484;
K_ATR(norm)=0.37313;
p53ser46_ref50_72h(norm)=0.57363;
kp_ser46(norm)=0.63248;
K_p53(norm)=0.41877;
upAsy(norm)=0.21528;
sness(norm)=0.72964;
k_apop(norm)=0.64379;
tED50(norm)=0.14213;
cell_pop_norm0_Jack_MGMT_P(norm)=0.13364;
k_dis(norm)=0.60390;

%%%%%%%%%

TMZout0_Ka_XTMZ=35.0839567969;
MGMT_P0=2.3519110693;
k_MGMT=43.5014114456;
k_addO=0.0108768836;
k_addN=0.1577072595;
DSB_72h_fac=1.1989738755;
k_DSBO=0.0003581723;
k_DSBN=0.0000344534;
k_CyA=1.7462084273;
fVX=0.0019307634;
kf_ATR_MGMT_P=0.0000110782;
k_ATR=0.0212046763;
K_add=0.0000729301;
kd_pATR=0.0050128878;
k_Chk1=557.2363191111;
C_Chk1=0.7764009506;
pChk1_ref12_5_24h=0.0077945697;
pChk1_ref100_24h=0.0078855577;
pChk1_ref100_48h=0.0090065809;
kd_pChk1=0.0831283109;
k_cdc25=236.1842598470;
K_cdc25=1.2456585586;
kf_p53=0.0007030459;
k_p53=28.8013764511;
K_ATR=0.0003466547;
p53ser46_ref50_72h=0.0005394921;
kp_ser46=4.0022262855;
K_p53=0.4599106840;
upAsy=0.1841679412;
sness=0.0047056118;
k_apop=0.0670509414;
tED50=255.9608168534;
cell_pop_norm0_Jack_MGMT_P=73.4173147312;
k_dis=0.0164714463;

%%%%%%%%%

cost=123.1344904088;

%%%%%%%%%

