TMZout0_Ka_XTMZ(norm)=0.51044;
MGMT_P0(norm)=0.75603;
k_MGMT(norm)=0.81714;
k_addO(norm)=0.57981;
k_addN(norm)=0.38009;
DSB_72h_fac(norm)=0.51175;
k_DSBO(norm)=0.58227;
k_DSBN(norm)=0.62048;
k_CyA(norm)=0.83806;
fVX(norm)=0.30320;
kf_ATR_MGMT_P(norm)=0.58410;
k_ATR(norm)=0.15580;
K_add(norm)=0.57980;
kd_pATR(norm)=0.16810;
k_Chk1(norm)=0.53961;
C_Chk1(norm)=0.58962;
pChk1_ref12_5_24h(norm)=0.63372;
pChk1_ref100_24h(norm)=0.63162;
pChk1_ref100_48h(norm)=0.68570;
kd_pChk1(norm)=0.23722;
k_cdc25(norm)=0.64613;
K_cdc25(norm)=0.61222;
kf_p53(norm)=0.25966;
k_p53(norm)=0.54071;
K_ATR(norm)=0.24993;
p53ser46_ref50_72h(norm)=0.27119;
kp_ser46(norm)=0.87727;
K_p53(norm)=0.66667;
upAsy(norm)=0.38228;
sness(norm)=0.83657;
k_apop(norm)=0.73528;
tED50(norm)=0.45580;
cell_pop_norm0_Jack_MGMT_P(norm)=0.14504;
k_dis(norm)=0.61473;

%%%%%%%%%

TMZout0_Ka_XTMZ=34.8540870237;
MGMT_P0=2.1794554420;
k_MGMT=49.4020629723;
k_addO=0.0103346650;
k_addN=0.1034982237;
DSB_72h_fac=0.9681580271;
k_DSBO=0.0003228518;
k_DSBN=0.0000408041;
k_CyA=3.0353728820;
fVX=0.0011200614;
kf_ATR_MGMT_P=0.0000108603;
k_ATR=0.0183286106;
K_add=0.0000808261;
kd_pATR=0.0019115302;
k_Chk1=322.7907642994;
C_Chk1=0.7545293223;
pChk1_ref12_5_24h=0.0088781978;
pChk1_ref100_24h=0.0088822217;
pChk1_ref100_48h=0.0114777084;
kd_pChk1=0.0469704057;
k_cdc25=243.4272837807;
K_cdc25=1.4238368578;
kf_p53=0.0004374535;
k_p53=31.4792076586;
K_ATR=0.0003479635;
p53ser46_ref50_72h=0.0003678114;
kp_ser46=4.2410229637;
K_p53=0.6911924693;
upAsy=0.1656166138;
sness=0.0046521249;
k_apop=0.0659843263;
tED50=339.8260403388;
cell_pop_norm0_Jack_MGMT_P=73.7166200931;
k_dis=0.0165461712;

%%%%%%%%%

cost=125.5666254783;

%%%%%%%%%

