TMZout0_Ka_XTMZ(norm)=0.23060;
MGMT_P0(norm)=0.91381;
k_MGMT(norm)=0.58047;
k_addO(norm)=0.65151;
k_addN(norm)=0.25713;
DSB_72h_fac(norm)=0.23697;
k_DSBO(norm)=0.24996;
k_DSBN(norm)=0.38779;
k_CyA(norm)=0.72287;
fVX(norm)=0.66559;
kf_ATR_MGMT_P(norm)=0.79021;
k_ATR(norm)=0.81093;
K_add(norm)=0.74175;
kd_pATR(norm)=0.14925;
k_Chk1(norm)=0.34116;
C_Chk1(norm)=0.91446;
pChk1_ref12_5_24h(norm)=0.54342;
pChk1_ref100_24h(norm)=0.54940;
pChk1_ref100_48h(norm)=0.44707;
kd_pChk1(norm)=0.47009;
k_cdc25(norm)=0.00010;
K_cdc25(norm)=0.61781;
kf_p53(norm)=0.79477;
k_p53(norm)=0.03382;
K_ATR(norm)=0.07031;
p53ser46_ref50_72h(norm)=0.88911;
kp_ser46(norm)=0.73205;
K_p53(norm)=1.00000;
upAsy(norm)=0.01765;
sness(norm)=0.22224;
k_apop(norm)=0.38749;
tED50(norm)=0.27239;
cell_pop_norm0_Jack_MGMT_P(norm)=0.00010;
k_dis(norm)=0.56453;

%%%%%%%%%

TMZout0_Ka_XTMZ=32.6853340536;
MGMT_P0=2.3695627288;
k_MGMT=46.7240929801;
k_addO=0.0117128433;
k_addN=0.1147785584;
DSB_72h_fac=0.8035288594;
k_DSBO=0.0002357470;
k_DSBN=0.0000312267;
k_CyA=2.2922249414;
fVX=0.0015097004;
kf_ATR_MGMT_P=0.0000129177;
k_ATR=0.0251686814;
K_add=0.0000800701;
kd_pATR=0.0026804460;
k_Chk1=390.5780622034;
C_Chk1=0.9834506012;
pChk1_ref12_5_24h=0.0073545378;
pChk1_ref100_24h=0.0074088369;
pChk1_ref100_48h=0.0076806106;
kd_pChk1=0.0740576783;
k_cdc25=146.9099469980;
K_cdc25=1.3865905756;
kf_p53=0.0008253073;
k_p53=23.2833661167;
K_ATR=0.0002682038;
p53ser46_ref50_72h=0.0007048165;
kp_ser46=4.3545158244;
K_p53=0.7525779048;
upAsy=0.1557734141;
sness=0.0030612930;
k_apop=0.0539625944;
tED50=285.8293299550;
cell_pop_norm0_Jack_MGMT_P=70.0024967691;
k_dis=0.0159310444;

%%%%%%%%%

cost=227.0679173633;

%%%%%%%%%

