TMZout0_Ka_XTMZ(norm)=0.19847;
MGMT_P0(norm)=0.69911;
k_MGMT(norm)=0.45137;
k_addO(norm)=0.28719;
k_addN(norm)=0.37518;
DSB_72h_fac(norm)=0.99613;
k_DSBO(norm)=0.11003;
k_DSBN(norm)=0.14895;
k_CyA(norm)=0.34723;
fVX(norm)=0.32656;
kf_ATR_MGMT_P(norm)=0.74866;
k_ATR(norm)=0.00010;
K_add(norm)=0.40046;
kd_pATR(norm)=0.46022;
k_Chk1(norm)=0.66880;
C_Chk1(norm)=0.14266;
pChk1_ref12_5_24h(norm)=0.85850;
pChk1_ref100_24h(norm)=1.00000;
pChk1_ref100_48h(norm)=0.12798;
kd_pChk1(norm)=0.05266;
k_cdc25(norm)=0.59443;
K_cdc25(norm)=0.42006;
kf_p53(norm)=0.58101;
k_p53(norm)=0.11899;
K_ATR(norm)=1.00000;
p53ser46_ref50_72h(norm)=1.00000;
kp_ser46(norm)=0.74619;
K_p53(norm)=0.71973;
upAsy(norm)=0.67973;
sness(norm)=1.00000;
k_apop(norm)=0.54152;
tED50(norm)=0.14305;
cell_pop_norm0_Jack_MGMT_P(norm)=0.44638;
k_dis(norm)=0.34721;

%%%%%%%%%

TMZout0_Ka_XTMZ=32.4451494072;
MGMT_P0=2.0734730351;
k_MGMT=41.8828059719;
k_addO=0.0086019870;
k_addN=0.1268533241;
DSB_72h_fac=1.3960619364;
k_DSBO=0.0002093893;
k_DSBN=0.0000255059;
k_CyA=1.6673711394;
fVX=0.0011327571;
kf_ATR_MGMT_P=0.0000124709;
k_ATR=0.0126617952;
K_add=0.0000599631;
kd_pATR=0.0034884970;
k_Chk1=515.5480470660;
C_Chk1=0.5113886071;
pChk1_ref12_5_24h=0.0096050004;
pChk1_ref100_24h=0.0108532287;
pChk1_ref100_48h=0.0058611174;
kd_pChk1=0.0519952759;
k_cdc25=243.0817160563;
K_cdc25=1.1726814626;
kf_p53=0.0006885881;
k_p53=25.0255117262;
K_ATR=0.0005896170;
p53ser46_ref50_72h=0.0007742483;
kp_ser46=4.4069994816;
K_p53=0.5934952183;
upAsy=0.2729733432;
sness=0.0059169975;
k_apop=0.0614852536;
tED50=256.1598610605;
cell_pop_norm0_Jack_MGMT_P=82.0809570513;
k_dis=0.0132518362;

%%%%%%%%%

cost=100000.0000000000;

%%%%%%%%%

