TMZout0_Ka_XTMZ(norm)=0.27154;
MGMT_P0(norm)=0.00010;
k_MGMT(norm)=0.71668;
k_addO(norm)=0.51886;
k_addN(norm)=0.38072;
DSB_72h_fac(norm)=0.66017;
k_DSBO(norm)=0.35934;
k_DSBN(norm)=0.82745;
k_CyA(norm)=0.28588;
fVX(norm)=0.80698;
kf_ATR_MGMT_P(norm)=0.59485;
k_ATR(norm)=0.69856;
K_add(norm)=0.86065;
kd_pATR(norm)=0.38232;
k_Chk1(norm)=0.31155;
C_Chk1(norm)=0.40815;
pChk1_ref12_5_24h(norm)=0.41773;
pChk1_ref100_24h(norm)=0.48317;
pChk1_ref100_48h(norm)=0.42071;
kd_pChk1(norm)=0.27725;
k_cdc25(norm)=0.66101;
K_cdc25(norm)=0.78326;
kf_p53(norm)=0.21248;
k_p53(norm)=0.53438;
K_ATR(norm)=0.18387;
p53ser46_ref50_72h(norm)=0.63180;
kp_ser46(norm)=0.29692;
K_p53(norm)=1.00000;
upAsy(norm)=0.29788;
sness(norm)=0.85095;
k_apop(norm)=0.83696;
tED50(norm)=0.52077;
cell_pop_norm0_Jack_MGMT_P(norm)=0.09172;
k_dis(norm)=0.49783;

%%%%%%%%%

TMZout0_Ka_XTMZ=32.9940297500;
MGMT_P0=1.3426454420;
k_MGMT=52.4403220323;
k_addO=0.0104676493;
k_addN=0.1274501970;
DSB_72h_fac=1.0932946864;
k_DSBO=0.0002586384;
k_DSBN=0.0000453221;
k_CyA=1.5829042743;
fVX=0.0017018455;
kf_ATR_MGMT_P=0.0000109471;
k_ATR=0.0228829469;
K_add=0.0000885571;
kd_pATR=0.0032656617;
k_Chk1=380.8983317864;
C_Chk1=0.6403906650;
pChk1_ref12_5_24h=0.0066115721;
pChk1_ref100_24h=0.0070045028;
pChk1_ref100_48h=0.0075109740;
kd_pChk1=0.0628938947;
k_cdc25=257.1884679270;
K_cdc25=1.5952547674;
kf_p53=0.0005039034;
k_p53=35.5826011523;
K_ATR=0.0002952928;
p53ser46_ref50_72h=0.0005667492;
kp_ser46=3.0117715473;
K_p53=0.7525779048;
upAsy=0.1975191740;
sness=0.0052149815;
k_apop=0.0789749665;
tED50=352.7804494822;
cell_pop_norm0_Jack_MGMT_P=72.3278623976;
k_dis=0.0150557680;

%%%%%%%%%

cost=244.8721849978;

%%%%%%%%%

