TMZout0_Ka_XTMZ(norm)=0.77969;
MGMT_P0(norm)=0.00010;
k_MGMT(norm)=0.86004;
k_addO(norm)=0.36627;
k_addN(norm)=0.21461;
DSB_72h_fac(norm)=0.00097;
k_DSBO(norm)=1.00000;
k_DSBN(norm)=0.67773;
k_CyA(norm)=0.62373;
fVX(norm)=0.77103;
kf_ATR_MGMT_P(norm)=0.75436;
k_ATR(norm)=1.00000;
K_add(norm)=0.80068;
kd_pATR(norm)=0.00010;
k_Chk1(norm)=0.62841;
C_Chk1(norm)=0.47532;
pChk1_ref12_5_24h(norm)=0.00010;
pChk1_ref100_24h(norm)=0.06930;
pChk1_ref100_48h(norm)=0.44970;
kd_pChk1(norm)=0.92734;
k_cdc25(norm)=0.06868;
K_cdc25(norm)=1.00000;
kf_p53(norm)=0.36848;
k_p53(norm)=0.52946;
K_ATR(norm)=0.48273;
p53ser46_ref50_72h(norm)=0.73600;
kp_ser46(norm)=0.37474;
K_p53(norm)=0.00010;
upAsy(norm)=0.77410;
sness(norm)=0.59630;
k_apop(norm)=0.50703;
tED50(norm)=0.95038;
cell_pop_norm0_Jack_MGMT_P(norm)=0.00010;
k_dis(norm)=0.33818;

%%%%%%%%%

TMZout0_Ka_XTMZ=37.0765664226;
MGMT_P0=1.3426454420;
k_MGMT=59.2129045201;
k_addO=0.0091981375;
k_addN=0.1107177076;
DSB_72h_fac=0.6767413273;
k_DSBO=0.0004450842;
k_DSBN=0.0000399225;
k_CyA=2.1075445980;
fVX=0.0016507881;
kf_ATR_MGMT_P=0.0000125313;
k_ATR=0.0295416857;
K_add=0.0000841697;
kd_pATR=0.0023622425;
k_Chk1=498.2055578366;
C_Chk1=0.6778933520;
pChk1_ref12_5_24h=0.0046411643;
pChk1_ref100_24h=0.0049326674;
pChk1_ref100_48h=0.0076977732;
kd_pChk1=0.1091003373;
k_cdc25=155.6993491214;
K_cdc25=1.9168368689;
kf_p53=0.0005751138;
k_p53=35.4347550544;
K_ATR=0.0003803884;
p53ser46_ref50_72h=0.0006190646;
kp_ser46=3.2170618377;
K_p53=0.3225607171;
upAsy=0.2956984014;
sness=0.0042029129;
k_apop=0.0597148154;
tED50=507.6823371933;
cell_pop_norm0_Jack_MGMT_P=70.0024967691;
k_dis=0.0131508847;

%%%%%%%%%

cost=336.4441531560;

%%%%%%%%%

