TMZout0_Ka_XTMZ(norm)=0.30249;
MGMT_P0(norm)=0.96311;
k_MGMT(norm)=0.50652;
k_addO(norm)=0.62881;
k_addN(norm)=0.76936;
DSB_72h_fac(norm)=0.66027;
k_DSBO(norm)=0.44146;
k_DSBN(norm)=0.25286;
k_CyA(norm)=0.84930;
fVX(norm)=0.62077;
kf_ATR_MGMT_P(norm)=0.57180;
k_ATR(norm)=0.47792;
K_add(norm)=0.56769;
kd_pATR(norm)=0.75461;
k_Chk1(norm)=0.81306;
C_Chk1(norm)=0.60041;
pChk1_ref12_5_24h(norm)=0.58073;
pChk1_ref100_24h(norm)=0.59613;
pChk1_ref100_48h(norm)=0.64307;
kd_pChk1(norm)=0.62549;
k_cdc25(norm)=0.71086;
K_cdc25(norm)=0.47700;
kf_p53(norm)=0.37179;
k_p53(norm)=0.67796;
K_ATR(norm)=0.52068;
p53ser46_ref50_72h(norm)=0.32261;
kp_ser46(norm)=0.67437;
K_p53(norm)=0.93135;
upAsy(norm)=0.20439;
sness(norm)=0.49780;
k_apop(norm)=0.71406;
tED50(norm)=0.53050;
cell_pop_norm0_Jack_MGMT_P(norm)=0.14587;
k_dis(norm)=0.62749;

%%%%%%%%%

TMZout0_Ka_XTMZ=33.2292497670;
MGMT_P0=2.4502949867;
k_MGMT=39.1588200678;
k_addO=0.0113247576;
k_addN=0.1634139002;
DSB_72h_fac=1.0847436248;
k_DSBO=0.0002819264;
k_DSBN=0.0000312921;
k_CyA=2.5917824071;
fVX=0.0014160236;
kf_ATR_MGMT_P=0.0000107495;
k_ATR=0.0173665418;
K_add=0.0000714985;
kd_pATR=0.0036676953;
k_Chk1=528.1761474454;
C_Chk1=0.7548615235;
pChk1_ref12_5_24h=0.0070855523;
pChk1_ref100_24h=0.0071879897;
pChk1_ref100_48h=0.0087837834;
kd_pChk1=0.0812006150;
k_cdc25=329.1293435694;
K_cdc25=1.2221826891;
kf_p53=0.0005612919;
k_p53=32.4669377851;
K_ATR=0.0003261339;
p53ser46_ref50_72h=0.0004426411;
kp_ser46=4.5904639891;
K_p53=1.1085650745;
upAsy=0.2009218696;
sness=0.0036674989;
k_apop=0.0708385832;
tED50=391.0782755992;
cell_pop_norm0_Jack_MGMT_P=73.7384195894;
k_dis=0.0168502208;

%%%%%%%%%

cost=122.8533561019;

%%%%%%%%%

