TMZout0_Ka_XTMZ(norm)=0.39239;
MGMT_P0(norm)=0.71148;
k_MGMT(norm)=0.92031;
k_addO(norm)=0.58844;
k_addN(norm)=0.83689;
DSB_72h_fac(norm)=0.71525;
k_DSBO(norm)=0.69324;
k_DSBN(norm)=0.87515;
k_CyA(norm)=0.51481;
fVX(norm)=0.26581;
kf_ATR_MGMT_P(norm)=0.60377;
k_ATR(norm)=0.42194;
K_add(norm)=0.59876;
kd_pATR(norm)=0.38556;
k_Chk1(norm)=0.39353;
C_Chk1(norm)=0.60005;
pChk1_ref12_5_24h(norm)=0.46638;
pChk1_ref100_24h(norm)=0.48034;
pChk1_ref100_48h(norm)=0.45341;
kd_pChk1(norm)=0.58913;
k_cdc25(norm)=0.65829;
K_cdc25(norm)=0.64987;
kf_p53(norm)=0.84797;
k_p53(norm)=0.45397;
K_ATR(norm)=0.38490;
p53ser46_ref50_72h(norm)=0.94126;
kp_ser46(norm)=0.75607;
K_p53(norm)=0.03689;
upAsy(norm)=0.75307;
sness(norm)=0.53990;
k_apop(norm)=0.67183;
tED50(norm)=0.41603;
cell_pop_norm0_Jack_MGMT_P(norm)=0.16812;
k_dis(norm)=0.62409;

%%%%%%%%%

TMZout0_Ka_XTMZ=33.9222326045;
MGMT_P0=2.0894806513;
k_MGMT=62.3152001307;
k_addO=0.0111033480;
k_addN=0.1875850739;
DSB_72h_fac=1.1380005092;
k_DSBO=0.0003432115;
k_DSBN=0.0000471916;
k_CyA=1.9217447690;
fVX=0.0010759213;
kf_ATR_MGMT_P=0.0000110302;
k_ATR=0.0181017774;
K_add=0.0000709338;
kd_pATR=0.0032746610;
k_Chk1=408.2991525246;
C_Chk1=0.7534551911;
pChk1_ref12_5_24h=0.0068897839;
pChk1_ref100_24h=0.0069877209;
pChk1_ref100_48h=0.0077220179;
kd_pChk1=0.0819168300;
k_cdc25=256.5955792722;
K_cdc25=1.4247693051;
kf_p53=0.0008633668;
k_p53=33.2391201317;
K_ATR=0.0003501275;
p53ser46_ref50_72h=0.0007366569;
kp_ser46=4.4440710210;
K_p53=0.3327734603;
upAsy=0.2904754311;
sness=0.0040067819;
k_apop=0.0686631074;
tED50=322.8201963700;
cell_pop_norm0_Jack_MGMT_P=74.3258257338;
k_dis=0.0167557181;

%%%%%%%%%

cost=124.4497914504;

%%%%%%%%%

