TMZout0_Ka_XTMZ(norm)=0.00489;
MGMT_P0(norm)=0.26573;
k_MGMT(norm)=0.76284;
k_addO(norm)=0.42046;
k_addN(norm)=0.26324;
DSB_72h_fac(norm)=0.48040;
k_DSBO(norm)=0.15142;
k_DSBN(norm)=0.69163;
k_CyA(norm)=0.17364;
fVX(norm)=0.49321;
kf_ATR_MGMT_P(norm)=0.68608;
k_ATR(norm)=0.43161;
K_add(norm)=0.43743;
kd_pATR(norm)=0.42394;
k_Chk1(norm)=0.48461;
C_Chk1(norm)=0.50776;
pChk1_ref12_5_24h(norm)=0.29567;
pChk1_ref100_24h(norm)=0.76665;
pChk1_ref100_48h(norm)=0.93028;
kd_pChk1(norm)=0.76945;
k_cdc25(norm)=0.18594;
K_cdc25(norm)=0.65497;
kf_p53(norm)=0.60743;
k_p53(norm)=0.61820;
K_ATR(norm)=0.40351;
p53ser46_ref50_72h(norm)=0.28023;
kp_ser46(norm)=0.66410;
K_p53(norm)=0.74891;
upAsy(norm)=0.00010;
sness(norm)=0.80570;
k_apop(norm)=0.00010;
tED50(norm)=0.49849;
cell_pop_norm0_Jack_MGMT_P(norm)=0.24010;
k_dis(norm)=0.51707;

%%%%%%%%%

TMZout0_Ka_XTMZ=31.0348399556;
MGMT_P0=1.5837372016;
k_MGMT=54.5317520389;
k_addO=0.0096302876;
k_addN=0.1153746796;
DSB_72h_fac=0.9592388458;
k_DSBO=0.0002168633;
k_DSBN=0.0000403953;
k_CyA=1.4393085301;
fVX=0.0013045400;
kf_ATR_MGMT_P=0.0000118268;
k_ATR=0.0182507701;
K_add=0.0000618712;
kd_pATR=0.0033829032;
k_Chk1=441.0555614798;
C_Chk1=0.6967863304;
pChk1_ref12_5_24h=0.0059619955;
pChk1_ref100_24h=0.0089061990;
pChk1_ref100_48h=0.0115665951;
kd_pChk1=0.0954393722;
k_cdc25=171.9632570468;
K_cdc25=1.4309366218;
kf_p53=0.0007041755;
k_p53=38.2016907315;
K_ATR=0.0003556933;
p53ser46_ref50_72h=0.0004207479;
kp_ser46=4.1109027969;
K_p53=0.6083551510;
upAsy=0.1534735768;
sness=0.0050188365;
k_apop=0.0388635663;
tED50=346.1823194086;
cell_pop_norm0_Jack_MGMT_P=76.2587144173;
k_dis=0.0153031712;

%%%%%%%%%

cost=222.8323084781;

%%%%%%%%%

