TMZout0_Ka_XTMZ(norm)=0.57509;
MGMT_P0(norm)=0.83823;
k_MGMT(norm)=0.51745;
k_addO(norm)=0.55006;
k_addN(norm)=0.60855;
DSB_72h_fac(norm)=0.71996;
k_DSBO(norm)=0.72014;
k_DSBN(norm)=0.44533;
k_CyA(norm)=0.73714;
fVX(norm)=0.67567;
kf_ATR_MGMT_P(norm)=0.57867;
k_ATR(norm)=0.31685;
K_add(norm)=0.71757;
kd_pATR(norm)=0.29027;
k_Chk1(norm)=0.69008;
C_Chk1(norm)=0.58668;
pChk1_ref12_5_24h(norm)=0.34463;
pChk1_ref100_24h(norm)=0.34850;
pChk1_ref100_48h(norm)=0.36763;
kd_pChk1(norm)=0.81091;
k_cdc25(norm)=0.57436;
K_cdc25(norm)=0.68083;
kf_p53(norm)=0.71851;
k_p53(norm)=0.67731;
K_ATR(norm)=0.39722;
p53ser46_ref50_72h(norm)=0.75692;
kp_ser46(norm)=0.78950;
K_p53(norm)=0.40396;
upAsy(norm)=0.45834;
sness(norm)=0.23693;
k_apop(norm)=0.51089;
tED50(norm)=0.69139;
cell_pop_norm0_Jack_MGMT_P(norm)=0.15870;
k_dis(norm)=0.60679;

%%%%%%%%%

TMZout0_Ka_XTMZ=35.3753151065;
MGMT_P0=2.2892531252;
k_MGMT=39.5229048679;
k_addO=0.0105937730;
k_addN=0.1425983010;
DSB_72h_fac=1.1344754528;
k_DSBO=0.0003570125;
k_DSBN=0.0000368348;
k_CyA=2.3568279727;
fVX=0.0014834384;
kf_ATR_MGMT_P=0.0000108123;
k_ATR=0.0151511614;
K_add=0.0000811799;
kd_pATR=0.0024747388;
k_Chk1=475.9077070494;
C_Chk1=0.7461357587;
pChk1_ref12_5_24h=0.0058008526;
pChk1_ref100_24h=0.0058275139;
pChk1_ref100_48h=0.0069554613;
kd_pChk1=0.0950141640;
k_cdc25=293.1817870508;
K_cdc25=1.4525883159;
kf_p53=0.0007529635;
k_p53=32.4488911244;
K_ATR=0.0002937402;
p53ser46_ref50_72h=0.0006395398;
kp_ser46=5.0608333372;
K_p53=0.7090766130;
upAsy=0.2491578865;
sness=0.0029401844;
k_apop=0.0596356587;
tED50=448.1926569715;
cell_pop_norm0_Jack_MGMT_P=74.0765251877;
k_dis=0.0165572224;

%%%%%%%%%

cost=123.3838969450;

%%%%%%%%%

