TMZout0_Ka_XTMZ(norm)=0.74578;
MGMT_P0(norm)=0.53640;
k_MGMT(norm)=0.64184;
k_addO(norm)=0.41716;
k_addN(norm)=0.92778;
DSB_72h_fac(norm)=1.00000;
k_DSBO(norm)=0.84940;
k_DSBN(norm)=0.70407;
k_CyA(norm)=0.59578;
fVX(norm)=0.78607;
kf_ATR_MGMT_P(norm)=0.86764;
k_ATR(norm)=0.14012;
K_add(norm)=1.00000;
kd_pATR(norm)=0.40534;
k_Chk1(norm)=0.73360;
C_Chk1(norm)=0.46758;
pChk1_ref12_5_24h(norm)=0.39408;
pChk1_ref100_24h(norm)=0.44057;
pChk1_ref100_48h(norm)=0.58327;
kd_pChk1(norm)=0.65058;
k_cdc25(norm)=0.41666;
K_cdc25(norm)=0.49712;
kf_p53(norm)=0.82669;
k_p53(norm)=0.25388;
K_ATR(norm)=0.21951;
p53ser46_ref50_72h(norm)=0.62103;
kp_ser46(norm)=0.67891;
K_p53(norm)=0.01848;
upAsy(norm)=0.05500;
sness(norm)=0.53273;
k_apop(norm)=0.13603;
tED50(norm)=0.61309;
cell_pop_norm0_Jack_MGMT_P(norm)=0.32381;
k_dis(norm)=0.62069;

%%%%%%%%%

TMZout0_Ka_XTMZ=36.7889824846;
MGMT_P0=1.8739797381;
k_MGMT=49.2183001766;
k_addO=0.0096034617;
k_addN=0.2026022706;
DSB_72h_fac=1.4000000000;
k_DSBO=0.0003917647;
k_DSBN=0.0000408234;
k_CyA=2.0582267571;
fVX=0.0016719622;
kf_ATR_MGMT_P=0.0000137937;
k_ATR=0.0142567642;
K_add=0.0000996552;
kd_pATR=0.0033299975;
k_Chk1=544.6468639782;
C_Chk1=0.6734601456;
pChk1_ref12_5_24h=0.0064804221;
pChk1_ref100_24h=0.0067561627;
pChk1_ref100_48h=0.0086201300;
kd_pChk1=0.0862949443;
k_cdc25=209.0903448080;
K_cdc25=1.2518082032;
kf_p53=0.0008479337;
k_p53=28.0557899831;
K_ATR=0.0003043457;
p53ser46_ref50_72h=0.0005616005;
kp_ser46=4.1628133906;
K_p53=0.3276246571;
upAsy=0.1607816186;
sness=0.0039825119;
k_apop=0.0436076427;
tED50=381.4846108832;
cell_pop_norm0_Jack_MGMT_P=78.5699597296;
k_dis=0.0167075266;

%%%%%%%%%

cost=203.7343948868;

%%%%%%%%%

