TMZout0_Ka_XTMZ(norm)=0.67880;
MGMT_P0(norm)=0.91189;
k_MGMT(norm)=0.49840;
k_addO(norm)=0.54636;
k_addN(norm)=0.63284;
DSB_72h_fac(norm)=0.76150;
k_DSBO(norm)=0.67537;
k_DSBN(norm)=0.79183;
k_CyA(norm)=0.67832;
fVX(norm)=0.60128;
kf_ATR_MGMT_P(norm)=0.60796;
k_ATR(norm)=0.64258;
K_add(norm)=0.70723;
kd_pATR(norm)=0.44197;
k_Chk1(norm)=0.29947;
C_Chk1(norm)=0.60308;
pChk1_ref12_5_24h(norm)=0.50770;
pChk1_ref100_24h(norm)=0.50593;
pChk1_ref100_48h(norm)=0.54998;
kd_pChk1(norm)=0.49511;
k_cdc25(norm)=0.62901;
K_cdc25(norm)=0.60555;
kf_p53(norm)=0.40275;
k_p53(norm)=0.40245;
K_ATR(norm)=0.49552;
p53ser46_ref50_72h(norm)=0.45572;
kp_ser46(norm)=0.59240;
K_p53(norm)=0.92325;
upAsy(norm)=0.16432;
sness(norm)=0.24354;
k_apop(norm)=0.52088;
tED50(norm)=0.63365;
cell_pop_norm0_Jack_MGMT_P(norm)=0.17793;
k_dis(norm)=0.60751;

%%%%%%%%%

TMZout0_Ka_XTMZ=36.2276656633;
MGMT_P0=2.3667343059;
k_MGMT=43.5856173688;
k_addO=0.0107144632;
k_addN=0.1578030104;
DSB_72h_fac=1.1769518345;
k_DSBO=0.0003380548;
k_DSBN=0.0000439748;
k_CyA=2.2073227047;
fVX=0.0014296349;
kf_ATR_MGMT_P=0.0000110694;
k_ATR=0.0218229847;
K_add=0.0000777619;
kd_pATR=0.0034349719;
k_Chk1=377.0203462131;
C_Chk1=0.7553952615;
pChk1_ref12_5_24h=0.0071352872;
pChk1_ref100_24h=0.0071409027;
pChk1_ref100_48h=0.0083804324;
kd_pChk1=0.0756438843;
k_cdc25=250.3088481220;
K_cdc25=1.3722641628;
kf_p53=0.0005920563;
k_p53=31.8193936553;
K_ATR=0.0003845309;
p53ser46_ref50_72h=0.0004881999;
kp_ser46=3.8685846607;
K_p53=0.7051952272;
upAsy=0.1763850811;
sness=0.0031170358;
k_apop=0.0604197728;
tED50=388.1882060614;
cell_pop_norm0_Jack_MGMT_P=74.5863838388;
k_dis=0.0165219453;

%%%%%%%%%

cost=123.5018087828;

%%%%%%%%%

