TMZout0_Ka_XTMZ(norm)=0.00010;
MGMT_P0(norm)=0.22947;
k_MGMT(norm)=0.17067;
k_addO(norm)=0.31959;
k_addN(norm)=0.18397;
DSB_72h_fac(norm)=0.37338;
k_DSBO(norm)=0.75586;
k_DSBN(norm)=0.17337;
k_CyA(norm)=0.07774;
fVX(norm)=0.00010;
kf_ATR_MGMT_P(norm)=0.35361;
k_ATR(norm)=0.71781;
K_add(norm)=1.00000;
kd_pATR(norm)=0.85424;
k_Chk1(norm)=0.75804;
C_Chk1(norm)=0.74657;
pChk1_ref12_5_24h(norm)=0.69818;
pChk1_ref100_24h(norm)=0.64214;
pChk1_ref100_48h(norm)=0.99037;
kd_pChk1(norm)=0.21804;
k_cdc25(norm)=0.88722;
K_cdc25(norm)=0.76028;
kf_p53(norm)=0.12643;
k_p53(norm)=0.63394;
K_ATR(norm)=0.00010;
p53ser46_ref50_72h(norm)=1.00000;
kp_ser46(norm)=1.00000;
K_p53(norm)=0.00010;
upAsy(norm)=0.71768;
sness(norm)=0.12419;
k_apop(norm)=0.04442;
tED50(norm)=0.03297;
cell_pop_norm0_Jack_MGMT_P(norm)=0.43386;
k_dis(norm)=0.91361;

%%%%%%%%%

TMZout0_Ka_XTMZ=31.0007116889;
MGMT_P0=1.5714970026;
k_MGMT=27.6198967138;
k_addO=0.0081291283;
k_addN=0.0815401145;
DSB_72h_fac=0.8697605005;
k_DSBO=0.0003744498;
k_DSBN=0.0000288654;
k_CyA=1.5240544936;
fVX=0.0007741765;
kf_ATR_MGMT_P=0.0000087908;
k_ATR=0.0275492101;
K_add=0.0001063010;
kd_pATR=0.0042481000;
k_Chk1=467.5756561106;
C_Chk1=0.8701874227;
pChk1_ref12_5_24h=0.0085355043;
pChk1_ref100_24h=0.0081530577;
pChk1_ref100_48h=0.0127669052;
kd_pChk1=0.0557817737;
k_cdc25=328.9039122035;
K_cdc25=1.5294191089;
kf_p53=0.0004005081;
k_p53=38.3666723566;
K_ATR=0.0002868983;
p53ser46_ref50_72h=0.0006663572;
kp_ser46=4.7845179616;
K_p53=0.3753853031;
upAsy=0.2785551417;
sness=0.0025781840;
k_apop=0.0417656825;
tED50=273.4622439098;
cell_pop_norm0_Jack_MGMT_P=81.7154437926;
k_dis=0.0215716864;

%%%%%%%%%

cost=100000.0000000000;

%%%%%%%%%

