TMZout0_Ka_XTMZ(norm)=0.20124;
MGMT_P0(norm)=0.55733;
k_MGMT(norm)=0.81099;
k_addO(norm)=0.00554;
k_addN(norm)=0.32445;
DSB_72h_fac(norm)=0.79169;
k_DSBO(norm)=0.40295;
k_DSBN(norm)=0.77886;
k_CyA(norm)=0.60435;
fVX(norm)=0.39842;
kf_ATR_MGMT_P(norm)=0.75569;
k_ATR(norm)=0.75122;
K_add(norm)=0.72045;
kd_pATR(norm)=0.80414;
k_Chk1(norm)=0.10736;
C_Chk1(norm)=0.65750;
pChk1_ref12_5_24h(norm)=0.00010;
pChk1_ref100_24h(norm)=0.20049;
pChk1_ref100_48h(norm)=0.26333;
kd_pChk1(norm)=0.59572;
k_cdc25(norm)=0.41986;
K_cdc25(norm)=0.47803;
kf_p53(norm)=0.72793;
k_p53(norm)=0.28383;
K_ATR(norm)=0.38524;
p53ser46_ref50_72h(norm)=0.54243;
kp_ser46(norm)=0.74892;
K_p53(norm)=0.96768;
upAsy(norm)=0.97387;
sness(norm)=0.70713;
k_apop(norm)=0.71293;
tED50(norm)=0.59708;
cell_pop_norm0_Jack_MGMT_P(norm)=0.00010;
k_dis(norm)=0.23618;

%%%%%%%%%

TMZout0_Ka_XTMZ=32.4657961203;
MGMT_P0=1.8985231706;
k_MGMT=56.8026380715;
k_addO=0.0067757864;
k_addN=0.1215160722;
DSB_72h_fac=1.2030948319;
k_DSBO=0.0002683750;
k_DSBN=0.0000434944;
k_CyA=2.0732163589;
fVX=0.0012038659;
kf_ATR_MGMT_P=0.0000125453;
k_ATR=0.0239271982;
K_add=0.0000786379;
kd_pATR=0.0046686737;
k_Chk1=320.3865373485;
C_Chk1=0.7910417437;
pChk1_ref12_5_24h=0.0046411643;
pChk1_ref100_24h=0.0055126081;
pChk1_ref100_48h=0.0065733061;
kd_pChk1=0.0823752631;
k_cdc25=209.6587997413;
K_cdc25=1.2317252677;
kf_p53=0.0007798708;
k_p53=28.7767552040;
K_ATR=0.0003502308;
p53ser46_ref50_72h=0.0005254202;
kp_ser46=4.4172213198;
K_p53=0.7322477551;
upAsy=0.3502336828;
sness=0.0046167179;
k_apop=0.0710964031;
tED50=376.3435202435;
cell_pop_norm0_Jack_MGMT_P=70.0024967691;
k_dis=0.0120620241;

%%%%%%%%%

cost=229.0784411555;

%%%%%%%%%

