TMZout0_Ka_XTMZ(norm)=0.17887;
MGMT_P0(norm)=0.80250;
k_MGMT(norm)=0.37719;
k_addO(norm)=0.51710;
k_addN(norm)=0.01496;
DSB_72h_fac(norm)=0.67969;
k_DSBO(norm)=0.60687;
k_DSBN(norm)=0.99278;
k_CyA(norm)=0.37573;
fVX(norm)=0.77285;
kf_ATR_MGMT_P(norm)=0.60115;
k_ATR(norm)=0.83605;
K_add(norm)=0.52736;
kd_pATR(norm)=0.93338;
k_Chk1(norm)=0.72777;
C_Chk1(norm)=0.66009;
pChk1_ref12_5_24h(norm)=0.58980;
pChk1_ref100_24h(norm)=0.59566;
pChk1_ref100_48h(norm)=0.49154;
kd_pChk1(norm)=0.84284;
k_cdc25(norm)=0.80553;
K_cdc25(norm)=0.57654;
kf_p53(norm)=0.36627;
k_p53(norm)=0.42077;
K_ATR(norm)=0.61576;
p53ser46_ref50_72h(norm)=0.36175;
kp_ser46(norm)=0.50262;
K_p53(norm)=0.06292;
upAsy(norm)=0.19415;
sness(norm)=0.86868;
k_apop(norm)=0.65771;
tED50(norm)=0.26129;
cell_pop_norm0_Jack_MGMT_P(norm)=0.16740;
k_dis(norm)=0.58829;

%%%%%%%%%

TMZout0_Ka_XTMZ=32.2994883101;
MGMT_P0=2.2111237561;
k_MGMT=39.3313415676;
k_addO=0.0104520999;
k_addN=0.0934864988;
DSB_72h_fac=1.1089367430;
k_DSBO=0.0003189931;
k_DSBN=0.0000521376;
k_CyA=1.7081299317;
fVX=0.0016533291;
kf_ATR_MGMT_P=0.0000110057;
k_ATR=0.0257101683;
K_add=0.0000667699;
kd_pATR=0.0052089331;
k_Chk1=541.9624064669;
C_Chk1=0.7927781205;
pChk1_ref12_5_24h=0.0076493127;
pChk1_ref100_24h=0.0077049476;
pChk1_ref100_48h=0.0079755226;
kd_pChk1=0.1015625573;
k_cdc25=290.6905081326;
K_cdc25=1.3389423282;
kf_p53=0.0005740352;
k_p53=32.3171715614;
K_ATR=0.0004257735;
p53ser46_ref50_72h=0.0004508349;
kp_ser46=3.5852271281;
K_p53=0.3401950212;
upAsy=0.1809003529;
sness=0.0052939544;
k_apop=0.0678465184;
tED50=283.1530890420;
cell_pop_norm0_Jack_MGMT_P=74.3068294285;
k_dis=0.0162550174;

%%%%%%%%%

cost=123.7824235030;

%%%%%%%%%

