TMZout0_Ka_XTMZ(norm)=0.54486;
MGMT_P0(norm)=0.55369;
k_MGMT(norm)=0.71044;
k_addO(norm)=0.56208;
k_addN(norm)=0.10924;
DSB_72h_fac(norm)=0.28286;
k_DSBO(norm)=0.56795;
k_DSBN(norm)=0.53858;
k_CyA(norm)=0.44237;
fVX(norm)=0.59279;
kf_ATR_MGMT_P(norm)=0.77552;
k_ATR(norm)=0.33895;
K_add(norm)=0.39783;
kd_pATR(norm)=0.40237;
k_Chk1(norm)=0.05378;
C_Chk1(norm)=0.57687;
pChk1_ref12_5_24h(norm)=0.22191;
pChk1_ref100_24h(norm)=0.35045;
pChk1_ref100_48h(norm)=0.24301;
kd_pChk1(norm)=0.82657;
k_cdc25(norm)=1.00000;
K_cdc25(norm)=0.68252;
kf_p53(norm)=0.46819;
k_p53(norm)=0.71553;
K_ATR(norm)=0.12169;
p53ser46_ref50_72h(norm)=0.68995;
kp_ser46(norm)=0.64623;
K_p53(norm)=0.22921;
upAsy(norm)=0.49347;
sness(norm)=0.37479;
k_apop(norm)=0.60094;
tED50(norm)=0.62291;
cell_pop_norm0_Jack_MGMT_P(norm)=1.00000;
k_dis(norm)=0.68118;

%%%%%%%%%

TMZout0_Ka_XTMZ=35.1306569474;
MGMT_P0=1.8942367777;
k_MGMT=52.1636710275;
k_addO=0.0108581015;
k_addN=0.1012610576;
DSB_72h_fac=0.8308097238;
k_DSBO=0.0003086434;
k_DSBN=0.0000354826;
k_CyA=1.8073526023;
fVX=0.0014193928;
kf_ATR_MGMT_P=0.0000127579;
k_ATR=0.0168727136;
K_add=0.0000598294;
kd_pATR=0.0033216205;
k_Chk1=306.1648950935;
C_Chk1=0.7388013035;
pChk1_ref12_5_24h=0.0056007839;
pChk1_ref100_24h=0.0062594807;
pChk1_ref100_48h=0.0064611149;
kd_pChk1=0.1001712739;
k_cdc25=342.7608330462;
K_cdc25=1.4647354953;
kf_p53=0.0006258107;
k_p53=41.4855830846;
K_ATR=0.0002801380;
p53ser46_ref50_72h=0.0005953740;
kp_ser46=4.0491143207;
K_p53=0.3916684923;
upAsy=0.2331216867;
sness=0.0034836874;
k_apop=0.0646602660;
tED50=384.6722608451;
cell_pop_norm0_Jack_MGMT_P=100.0000000000;
k_dis=0.0175861715;

%%%%%%%%%

cost=285.1358083521;

%%%%%%%%%

