TMZout0_Ka_XTMZ(norm)=0.60481;
MGMT_P0(norm)=0.81668;
k_MGMT(norm)=0.61835;
k_addO(norm)=0.59750;
k_addN(norm)=0.44430;
DSB_72h_fac(norm)=0.68312;
k_DSBO(norm)=0.60533;
k_DSBN(norm)=0.89729;
k_CyA(norm)=0.64611;
fVX(norm)=0.90332;
kf_ATR_MGMT_P(norm)=0.58438;
k_ATR(norm)=0.55517;
K_add(norm)=0.69770;
kd_pATR(norm)=0.39771;
k_Chk1(norm)=0.64058;
C_Chk1(norm)=0.59350;
pChk1_ref12_5_24h(norm)=0.53610;
pChk1_ref100_24h(norm)=0.53501;
pChk1_ref100_48h(norm)=0.51368;
kd_pChk1(norm)=0.69796;
k_cdc25(norm)=0.47662;
K_cdc25(norm)=0.65132;
kf_p53(norm)=0.84097;
k_p53(norm)=0.40712;
K_ATR(norm)=0.43968;
p53ser46_ref50_72h(norm)=0.86579;
kp_ser46(norm)=0.68906;
K_p53(norm)=0.32342;
upAsy(norm)=0.39390;
sness(norm)=0.15562;
k_apop(norm)=0.52536;
tED50(norm)=0.52597;
cell_pop_norm0_Jack_MGMT_P(norm)=0.14721;
k_dis(norm)=0.61085;

%%%%%%%%%

TMZout0_Ka_XTMZ=35.6175038181;
MGMT_P0=2.2385717467;
k_MGMT=40.3608410922;
k_addO=0.0102874566;
k_addN=0.1016640194;
DSB_72h_fac=1.1004919618;
k_DSBO=0.0003296103;
k_DSBN=0.0000533048;
k_CyA=2.4668795336;
fVX=0.0016642011;
kf_ATR_MGMT_P=0.0000106891;
k_ATR=0.0240027588;
K_add=0.0000822808;
kd_pATR=0.0028853841;
k_Chk1=423.2817705981;
C_Chk1=0.7643422643;
pChk1_ref12_5_24h=0.0074402625;
pChk1_ref100_24h=0.0074456268;
pChk1_ref100_48h=0.0085246158;
kd_pChk1=0.0837702797;
k_cdc25=232.2620266205;
K_cdc25=1.3945415134;
kf_p53=0.0007337421;
k_p53=31.6583917180;
K_ATR=0.0004163719;
p53ser46_ref50_72h=0.0005947323;
kp_ser46=3.6763745283;
K_p53=0.4936848341;
upAsy=0.2117231260;
sness=0.0026477571;
k_apop=0.0627761159;
tED50=415.2507532031;
cell_pop_norm0_Jack_MGMT_P=73.7736519033;
k_dis=0.0166907348;

%%%%%%%%%

cost=123.3703976931;

%%%%%%%%%

