TMZout0_Ka_XTMZ(norm)=0.11332;
MGMT_P0(norm)=0.79777;
k_MGMT(norm)=0.47042;
k_addO(norm)=0.41919;
k_addN(norm)=0.51883;
DSB_72h_fac(norm)=0.58349;
k_DSBO(norm)=0.37814;
k_DSBN(norm)=0.65275;
k_CyA(norm)=0.68342;
fVX(norm)=0.56971;
kf_ATR_MGMT_P(norm)=0.70166;
k_ATR(norm)=0.42043;
K_add(norm)=0.50965;
kd_pATR(norm)=0.12938;
k_Chk1(norm)=0.46855;
C_Chk1(norm)=0.39378;
pChk1_ref12_5_24h(norm)=0.37608;
pChk1_ref100_24h(norm)=0.45311;
pChk1_ref100_48h(norm)=0.78565;
kd_pChk1(norm)=0.44370;
k_cdc25(norm)=0.22676;
K_cdc25(norm)=0.59960;
kf_p53(norm)=0.70528;
k_p53(norm)=0.69650;
K_ATR(norm)=0.40107;
p53ser46_ref50_72h(norm)=0.96284;
kp_ser46(norm)=0.58473;
K_p53(norm)=0.26750;
upAsy(norm)=0.52099;
sness(norm)=0.37210;
k_apop(norm)=0.53953;
tED50(norm)=0.43623;
cell_pop_norm0_Jack_MGMT_P(norm)=0.78826;
k_dis(norm)=0.64562;

%%%%%%%%%

TMZout0_Ka_XTMZ=31.8170371159;
MGMT_P0=2.2132001219;
k_MGMT=35.6059178087;
k_addO=0.0088448774;
k_addN=0.1082904130;
DSB_72h_fac=1.0202759794;
k_DSBO=0.0002718940;
k_DSBN=0.0000433293;
k_CyA=2.5461165236;
fVX=0.0012544193;
kf_ATR_MGMT_P=0.0000118060;
k_ATR=0.0214129938;
K_add=0.0000701618;
kd_pATR=0.0022985994;
k_Chk1=365.8708119166;
C_Chk1=0.6453501402;
pChk1_ref12_5_24h=0.0064968681;
pChk1_ref100_24h=0.0069464336;
pChk1_ref100_48h=0.0107337965;
kd_pChk1=0.0675348390;
k_cdc25=187.9462396802;
K_cdc25=1.3347521630;
kf_p53=0.0006540572;
k_p53=40.4549528440;
K_ATR=0.0004029716;
p53ser46_ref50_72h=0.0006457033;
kp_ser46=3.3653228506;
K_p53=0.4708426512;
upAsy=0.2357933370;
sness=0.0031808130;
k_apop=0.0635341036;
tED50=384.8469318235;
cell_pop_norm0_Jack_MGMT_P=92.7259396961;
k_dis=0.0171898012;

%%%%%%%%%

cost=188.7673253847;

%%%%%%%%%

