TMZout0_Ka_XTMZ(norm)=0.49453;
MGMT_P0(norm)=0.97696;
k_MGMT(norm)=0.46600;
k_addO(norm)=0.60089;
k_addN(norm)=0.52469;
DSB_72h_fac(norm)=0.73997;
k_DSBO(norm)=0.54459;
k_DSBN(norm)=0.68059;
k_CyA(norm)=0.57548;
fVX(norm)=0.32625;
kf_ATR_MGMT_P(norm)=0.58184;
k_ATR(norm)=0.42713;
K_add(norm)=0.53071;
kd_pATR(norm)=0.91383;
k_Chk1(norm)=0.81071;
C_Chk1(norm)=0.61637;
pChk1_ref12_5_24h(norm)=0.55613;
pChk1_ref100_24h(norm)=0.56861;
pChk1_ref100_48h(norm)=0.53575;
kd_pChk1(norm)=0.64683;
k_cdc25(norm)=0.57835;
K_cdc25(norm)=0.54287;
kf_p53(norm)=0.44929;
k_p53(norm)=0.59281;
K_ATR(norm)=0.44707;
p53ser46_ref50_72h(norm)=0.41127;
kp_ser46(norm)=0.74546;
K_p53(norm)=0.12378;
upAsy(norm)=0.50503;
sness(norm)=0.58112;
k_apop(norm)=0.72059;
tED50(norm)=0.64023;
cell_pop_norm0_Jack_MGMT_P(norm)=0.14405;
k_dis(norm)=0.61049;

%%%%%%%%%

TMZout0_Ka_XTMZ=34.7270766715;
MGMT_P0=2.4678186516;
k_MGMT=36.6886723471;
k_addO=0.0105208735;
k_addN=0.1169880054;
DSB_72h_fac=1.1503183974;
k_DSBO=0.0003127051;
k_DSBN=0.0000429361;
k_CyA=2.4298880759;
fVX=0.0011421521;
kf_ATR_MGMT_P=0.0000108396;
k_ATR=0.0230659798;
K_add=0.0000775333;
kd_pATR=0.0035957722;
k_Chk1=406.1439245059;
C_Chk1=0.7718242763;
pChk1_ref12_5_24h=0.0083132939;
pChk1_ref100_24h=0.0084203970;
pChk1_ref100_48h=0.0101082515;
kd_pChk1=0.0664584595;
k_cdc25=229.8416222188;
K_cdc25=1.3425841006;
kf_p53=0.0005136992;
k_p53=32.8999135424;
K_ATR=0.0004112233;
p53ser46_ref50_72h=0.0004141646;
kp_ser46=3.7928722753;
K_p53=0.4363433050;
upAsy=0.1837688327;
sness=0.0037467290;
k_apop=0.0651681847;
tED50=397.3031936784;
cell_pop_norm0_Jack_MGMT_P=73.6904569347;
k_dis=0.0164867751;

%%%%%%%%%

cost=123.0743970781;

%%%%%%%%%

