TMZout0_Ka_XTMZ(norm)=1.00000;
MGMT_P0(norm)=0.40104;
k_MGMT(norm)=0.72960;
k_addO(norm)=0.61944;
k_addN(norm)=0.55805;
DSB_72h_fac(norm)=0.32719;
k_DSBO(norm)=0.61082;
k_DSBN(norm)=0.23283;
k_CyA(norm)=0.28124;
fVX(norm)=0.32155;
kf_ATR_MGMT_P(norm)=0.81483;
k_ATR(norm)=0.60764;
K_add(norm)=0.74343;
kd_pATR(norm)=0.47104;
k_Chk1(norm)=0.99544;
C_Chk1(norm)=0.36747;
pChk1_ref12_5_24h(norm)=0.36979;
pChk1_ref100_24h(norm)=0.55818;
pChk1_ref100_48h(norm)=1.00000;
kd_pChk1(norm)=0.22221;
k_cdc25(norm)=0.72914;
K_cdc25(norm)=0.36944;
kf_p53(norm)=0.66152;
k_p53(norm)=0.16206;
K_ATR(norm)=0.15901;
p53ser46_ref50_72h(norm)=0.48590;
kp_ser46(norm)=0.40378;
K_p53(norm)=0.63073;
upAsy(norm)=0.65253;
sness(norm)=0.53061;
k_apop(norm)=0.73089;
tED50(norm)=0.45355;
cell_pop_norm0_Jack_MGMT_P(norm)=0.25139;
k_dis(norm)=0.37450;

%%%%%%%%%

TMZout0_Ka_XTMZ=39.0000000000;
MGMT_P0=1.8044056890;
k_MGMT=47.3058723593;
k_addO=0.0112352030;
k_addN=0.1366256797;
DSB_72h_fac=0.8446811934;
k_DSBO=0.0003254305;
k_DSBN=0.0000307653;
k_CyA=1.6016464404;
fVX=0.0010989096;
kf_ATR_MGMT_P=0.0000132074;
k_ATR=0.0193842283;
K_add=0.0000829781;
kd_pATR=0.0028843390;
k_Chk1=616.4356369470;
C_Chk1=0.6196576513;
pChk1_ref12_5_24h=0.0059258792;
pChk1_ref100_24h=0.0069605318;
pChk1_ref100_48h=0.0118856711;
kd_pChk1=0.0576979059;
k_cdc25=334.2654268766;
K_cdc25=1.1157246141;
kf_p53=0.0007174693;
k_p53=20.9702123562;
K_ATR=0.0002400547;
p53ser46_ref50_72h=0.0005083213;
kp_ser46=3.6499510340;
K_p53=0.8592903069;
upAsy=0.2937198401;
sness=0.0037708930;
k_apop=0.0718557256;
tED50=366.3920724102;
cell_pop_norm0_Jack_MGMT_P=76.5664488020;
k_dis=0.0135991350;

%%%%%%%%%

cost=208.4532926571;

%%%%%%%%%

