TMZout0_Ka_XTMZ(norm)=0.54259;
MGMT_P0(norm)=0.04264;
k_MGMT(norm)=0.50446;
k_addO(norm)=0.52501;
k_addN(norm)=0.67431;
DSB_72h_fac(norm)=0.70174;
k_DSBO(norm)=0.51913;
k_DSBN(norm)=0.60332;
k_CyA(norm)=0.66043;
fVX(norm)=0.33155;
kf_ATR_MGMT_P(norm)=0.71552;
k_ATR(norm)=0.23268;
K_add(norm)=0.85773;
kd_pATR(norm)=0.11999;
k_Chk1(norm)=0.84537;
C_Chk1(norm)=0.60114;
pChk1_ref12_5_24h(norm)=0.61514;
pChk1_ref100_24h(norm)=0.61335;
pChk1_ref100_48h(norm)=0.43464;
kd_pChk1(norm)=0.38322;
k_cdc25(norm)=0.93484;
K_cdc25(norm)=0.90443;
kf_p53(norm)=0.00010;
k_p53(norm)=0.02447;
K_ATR(norm)=0.00010;
p53ser46_ref50_72h(norm)=0.31154;
kp_ser46(norm)=1.00000;
K_p53(norm)=0.53067;
upAsy(norm)=0.10205;
sness(norm)=1.00000;
k_apop(norm)=0.84656;
tED50(norm)=0.25125;
cell_pop_norm0_Jack_MGMT_P(norm)=0.75087;
k_dis(norm)=0.12538;

%%%%%%%%%

TMZout0_Ka_XTMZ=35.1123369248;
MGMT_P0=1.4041863161;
k_MGMT=36.6480520760;
k_addO=0.0096745578;
k_addN=0.1235385933;
DSB_72h_fac=1.1161677478;
k_DSBO=0.0003063947;
k_DSBN=0.0000415518;
k_CyA=2.4969982127;
fVX=0.0010251934;
kf_ATR_MGMT_P=0.0000119454;
k_ATR=0.0182637872;
K_add=0.0000942291;
kd_pATR=0.0022803978;
k_Chk1=503.4892850095;
C_Chk1=0.7693012295;
pChk1_ref12_5_24h=0.0079556127;
pChk1_ref100_24h=0.0079565791;
pChk1_ref100_48h=0.0079723957;
kd_pChk1=0.0641615341;
k_cdc25=342.4472777839;
K_cdc25=1.7281063057;
kf_p53=0.0003598524;
k_p53=22.8918223139;
K_ATR=0.0002868983;
p53ser46_ref50_72h=0.0003718513;
kp_ser46=4.7845179616;
K_p53=0.5884589762;
upAsy=0.1653387427;
sness=0.0054148977;
k_apop=0.0824113946;
tED50=329.0173237303;
cell_pop_norm0_Jack_MGMT_P=91.4973725736;
k_dis=0.0110619916;

%%%%%%%%%

cost=308.0295606001;

%%%%%%%%%

