TMZout0_Ka_XTMZ(norm)=0.55405;
MGMT_P0(norm)=0.17422;
k_MGMT(norm)=0.85618;
k_addO(norm)=0.54957;
k_addN(norm)=0.16326;
DSB_72h_fac(norm)=0.21467;
k_DSBO(norm)=0.46594;
k_DSBN(norm)=0.86708;
k_CyA(norm)=0.41535;
fVX(norm)=0.35061;
kf_ATR_MGMT_P(norm)=0.62056;
k_ATR(norm)=1.00000;
K_add(norm)=0.64056;
kd_pATR(norm)=0.48046;
k_Chk1(norm)=0.17147;
C_Chk1(norm)=0.22498;
pChk1_ref12_5_24h(norm)=0.45341;
pChk1_ref100_24h(norm)=0.69896;
pChk1_ref100_48h(norm)=0.73245;
kd_pChk1(norm)=0.58472;
k_cdc25(norm)=0.35714;
K_cdc25(norm)=0.62225;
kf_p53(norm)=0.27938;
k_p53(norm)=0.72841;
K_ATR(norm)=0.60706;
p53ser46_ref50_72h(norm)=0.79460;
kp_ser46(norm)=1.00000;
K_p53(norm)=0.36468;
upAsy(norm)=0.56726;
sness(norm)=0.61738;
k_apop(norm)=0.79209;
tED50(norm)=0.52511;
cell_pop_norm0_Jack_MGMT_P(norm)=1.00000;
k_dis(norm)=0.63151;

%%%%%%%%%

TMZout0_Ka_XTMZ=35.2047998750;
MGMT_P0=1.4961470790;
k_MGMT=59.0198836356;
k_addO=0.0107436034;
k_addN=0.1060033302;
DSB_72h_fac=0.7905933413;
k_DSBO=0.0002830881;
k_DSBN=0.0000468698;
k_CyA=1.7664430254;
fVX=0.0011560720;
kf_ATR_MGMT_P=0.0000111882;
k_ATR=0.0295416857;
K_add=0.0000734907;
kd_pATR=0.0035488280;
k_Chk1=338.2712762574;
C_Chk1=0.5483315007;
pChk1_ref12_5_24h=0.0068144939;
pChk1_ref100_24h=0.0084097637;
pChk1_ref100_48h=0.0097816203;
kd_pChk1=0.0816110201;
k_cdc25=198.8085138041;
K_cdc25=1.3918155177;
kf_p53=0.0005332944;
k_p53=41.9408812662;
K_ATR=0.0004226466;
p53ser46_ref50_72h=0.0006505744;
kp_ser46=5.4643701630;
K_p53=0.4393085250;
upAsy=0.2481613367;
sness=0.0042786326;
k_apop=0.0760288461;
tED50=354.0806447802;
cell_pop_norm0_Jack_MGMT_P=100.0000000000;
k_dis=0.0168614155;

%%%%%%%%%

cost=401.9567028289;

%%%%%%%%%

