TMZout0_Ka_XTMZ(norm)=0.67644;
MGMT_P0(norm)=0.22832;
k_MGMT(norm)=0.87027;
k_addO(norm)=0.55099;
k_addN(norm)=0.43031;
DSB_72h_fac(norm)=0.65544;
k_DSBO(norm)=0.73933;
k_DSBN(norm)=0.64578;
k_CyA(norm)=0.55755;
fVX(norm)=0.89607;
kf_ATR_MGMT_P(norm)=0.69379;
k_ATR(norm)=0.17197;
K_add(norm)=0.50656;
kd_pATR(norm)=0.26895;
k_Chk1(norm)=0.82372;
C_Chk1(norm)=0.58595;
pChk1_ref12_5_24h(norm)=0.00010;
pChk1_ref100_24h(norm)=0.23305;
pChk1_ref100_48h(norm)=0.32985;
kd_pChk1(norm)=0.69195;
k_cdc25(norm)=0.41708;
K_cdc25(norm)=0.55981;
kf_p53(norm)=0.51804;
k_p53(norm)=0.31533;
K_ATR(norm)=0.17214;
p53ser46_ref50_72h(norm)=0.97153;
kp_ser46(norm)=0.27357;
K_p53(norm)=0.66960;
upAsy(norm)=0.48273;
sness(norm)=0.53868;
k_apop(norm)=1.00000;
tED50(norm)=0.94522;
cell_pop_norm0_Jack_MGMT_P(norm)=0.53494;
k_dis(norm)=0.72702;

%%%%%%%%%

TMZout0_Ka_XTMZ=36.2080120680;
MGMT_P0=1.5473314590;
k_MGMT=59.7287771385;
k_addO=0.0107565585;
k_addN=0.1329187433;
DSB_72h_fac=1.0895353014;
k_DSBO=0.0003568801;
k_DSBN=0.0000388564;
k_CyA=1.9926226160;
fVX=0.0018352723;
kf_ATR_MGMT_P=0.0000119044;
k_ATR=0.0146467444;
K_add=0.0000656035;
kd_pATR=0.0029665710;
k_Chk1=587.8640138824;
C_Chk1=0.7445064755;
pChk1_ref12_5_24h=0.0046411643;
pChk1_ref100_24h=0.0056668095;
pChk1_ref100_48h=0.0069544255;
kd_pChk1=0.0893730508;
k_cdc25=209.1657059626;
K_cdc25=1.3200987635;
kf_p53=0.0006528089;
k_p53=29.5551897285;
K_ATR=0.0002923733;
p53ser46_ref50_72h=0.0007557922;
kp_ser46=2.9527817500;
K_p53=0.5688173695;
upAsy=0.2310098118;
sness=0.0040026435;
k_apop=0.0906739715;
tED50=505.4678464275;
cell_pop_norm0_Jack_MGMT_P=84.7152940388;
k_dis=0.0182825562;

%%%%%%%%%

cost=419.5354586254;

%%%%%%%%%

