TMZout0_Ka_XTMZ(norm)=0.42664;
MGMT_P0(norm)=0.00010;
k_MGMT(norm)=0.58785;
k_addO(norm)=0.24752;
k_addN(norm)=0.07803;
DSB_72h_fac(norm)=0.26971;
k_DSBO(norm)=0.00010;
k_DSBN(norm)=0.74966;
k_CyA(norm)=0.60967;
fVX(norm)=0.63386;
kf_ATR_MGMT_P(norm)=0.81268;
k_ATR(norm)=0.82759;
K_add(norm)=0.36440;
kd_pATR(norm)=0.76922;
k_Chk1(norm)=0.52840;
C_Chk1(norm)=0.47452;
pChk1_ref12_5_24h(norm)=0.38428;
pChk1_ref100_24h(norm)=0.45478;
pChk1_ref100_48h(norm)=0.61368;
kd_pChk1(norm)=0.14456;
k_cdc25(norm)=0.39299;
K_cdc25(norm)=0.19825;
kf_p53(norm)=0.31762;
k_p53(norm)=0.60509;
K_ATR(norm)=0.13597;
p53ser46_ref50_72h(norm)=0.63974;
kp_ser46(norm)=0.25985;
K_p53(norm)=0.31691;
upAsy(norm)=0.76929;
sness(norm)=0.39736;
k_apop(norm)=0.52891;
tED50(norm)=0.50259;
cell_pop_norm0_Jack_MGMT_P(norm)=0.08510;
k_dis(norm)=0.50719;

%%%%%%%%%

TMZout0_Ka_XTMZ=34.1899746283;
MGMT_P0=1.3686497659;
k_MGMT=39.3309754624;
k_addO=0.0076475599;
k_addN=0.0745395450;
DSB_72h_fac=0.8038920740;
k_DSBO=0.0001973742;
k_DSBN=0.0000470372;
k_CyA=2.3918943317;
fVX=0.0013244875;
kf_ATR_MGMT_P=0.0000129703;
k_ATR=0.0302346445;
K_add=0.0000620370;
kd_pATR=0.0039528643;
k_Chk1=384.9040960322;
C_Chk1=0.6910429653;
pChk1_ref12_5_24h=0.0065421678;
pChk1_ref100_24h=0.0069563047;
pChk1_ref100_48h=0.0092783403;
kd_pChk1=0.0524147738;
k_cdc25=216.3741777055;
K_cdc25=0.9499770570;
kf_p53=0.0004709371;
k_p53=37.4399712028;
K_ATR=0.0003219028;
p53ser46_ref50_72h=0.0004910652;
kp_ser46=2.5555342060;
K_p53=0.4909701557;
upAsy=0.2910070085;
sness=0.0032496180;
k_apop=0.0629649989;
tED50=407.1052177030;
cell_pop_norm0_Jack_MGMT_P=72.1573422759;
k_dis=0.0152873395;

%%%%%%%%%

cost=315.9426080440;

%%%%%%%%%

