TMZout0_Ka_XTMZ(norm)=0.63510;
MGMT_P0(norm)=0.29776;
k_MGMT(norm)=0.90111;
k_addO(norm)=0.00010;
k_addN(norm)=0.27507;
DSB_72h_fac(norm)=0.82897;
k_DSBO(norm)=1.00000;
k_DSBN(norm)=0.90642;
k_CyA(norm)=0.00010;
fVX(norm)=0.16663;
kf_ATR_MGMT_P(norm)=0.57716;
k_ATR(norm)=0.37759;
K_add(norm)=0.67379;
kd_pATR(norm)=0.98805;
k_Chk1(norm)=0.15650;
C_Chk1(norm)=0.24058;
pChk1_ref12_5_24h(norm)=1.00000;
pChk1_ref100_24h(norm)=0.26581;
pChk1_ref100_48h(norm)=0.75722;
kd_pChk1(norm)=0.63686;
k_cdc25(norm)=0.05317;
K_cdc25(norm)=0.44920;
kf_p53(norm)=0.00010;
k_p53(norm)=0.15447;
K_ATR(norm)=0.42146;
p53ser46_ref50_72h(norm)=0.11423;
kp_ser46(norm)=0.81760;
K_p53(norm)=0.70573;
upAsy(norm)=0.98158;
sness(norm)=0.34584;
k_apop(norm)=0.00010;
tED50(norm)=0.14216;
cell_pop_norm0_Jack_MGMT_P(norm)=0.63948;
k_dis(norm)=0.56766;

%%%%%%%%%

TMZout0_Ka_XTMZ=35.8659808525;
MGMT_P0=1.6842610224;
k_MGMT=53.0446708334;
k_addO=0.0063237803;
k_addN=0.0946863405;
DSB_72h_fac=1.2303219612;
k_DSBO=0.0004599560;
k_DSBN=0.0000519903;
k_CyA=1.4923172312;
fVX=0.0009976741;
kf_ATR_MGMT_P=0.0000107966;
k_ATR=0.0221177885;
K_add=0.0000875265;
kd_pATR=0.0038291680;
k_Chk1=233.3170272982;
C_Chk1=0.5613541410;
pChk1_ref12_5_24h=0.0121089916;
pChk1_ref100_24h=0.0065149162;
pChk1_ref100_48h=0.0121947377;
kd_pChk1=0.0658993540;
k_cdc25=147.2908690496;
K_cdc25=1.2401535611;
kf_p53=0.0003510906;
k_p53=22.6933172092;
K_ATR=0.0004023960;
p53ser46_ref50_72h=0.0003220098;
kp_ser46=4.0319389843;
K_p53=0.7144489160;
upAsy=0.2751890010;
sness=0.0030695416;
k_apop=0.0353924153;
tED50=260.5234023904;
cell_pop_norm0_Jack_MGMT_P=87.9336939649;
k_dis=0.0158992138;

%%%%%%%%%

cost=100000.0000000000;

%%%%%%%%%

