TMZout0_Ka_XTMZ(norm)=0.68659;
MGMT_P0(norm)=0.67223;
k_MGMT(norm)=0.48484;
k_addO(norm)=0.86931;
k_addN(norm)=0.50556;
DSB_72h_fac(norm)=0.45507;
k_DSBO(norm)=1.00000;
k_DSBN(norm)=0.31345;
k_CyA(norm)=0.50162;
fVX(norm)=0.90536;
kf_ATR_MGMT_P(norm)=0.76222;
k_ATR(norm)=0.30899;
K_add(norm)=0.85019;
kd_pATR(norm)=0.17847;
k_Chk1(norm)=0.78050;
C_Chk1(norm)=0.44344;
pChk1_ref12_5_24h(norm)=0.19798;
pChk1_ref100_24h(norm)=0.51824;
pChk1_ref100_48h(norm)=0.48632;
kd_pChk1(norm)=0.46375;
k_cdc25(norm)=0.68756;
K_cdc25(norm)=0.13055;
kf_p53(norm)=0.54803;
k_p53(norm)=0.62052;
K_ATR(norm)=0.09988;
p53ser46_ref50_72h(norm)=0.56893;
kp_ser46(norm)=0.41694;
K_p53(norm)=0.63869;
upAsy(norm)=0.39533;
sness(norm)=0.41326;
k_apop(norm)=0.76568;
tED50(norm)=0.36436;
cell_pop_norm0_Jack_MGMT_P(norm)=0.74687;
k_dis(norm)=0.78499;

%%%%%%%%%

TMZout0_Ka_XTMZ=36.2924623821;
MGMT_P0=2.0391100933;
k_MGMT=43.0876003679;
k_addO=0.0140866377;
k_addN=0.1416694997;
DSB_72h_fac=0.9417208631;
k_DSBO=0.0004450842;
k_DSBN=0.0000293205;
k_CyA=1.9003895939;
fVX=0.0018497801;
kf_ATR_MGMT_P=0.0000126149;
k_ATR=0.0164497615;
K_add=0.0000877755;
kd_pATR=0.0027476406;
k_Chk1=566.7247731212;
C_Chk1=0.6598236901;
pChk1_ref12_5_24h=0.0054883524;
pChk1_ref100_24h=0.0072157946;
pChk1_ref100_48h=0.0079403721;
kd_pChk1=0.0736604400;
k_cdc25=263.0398543282;
K_cdc25=0.9175856141;
kf_p53=0.0006696091;
k_p53=38.2767599718;
K_ATR=0.0002750078;
p53ser46_ref50_72h=0.0005373494;
kp_ser46=3.3341670540;
K_p53=0.5541135768;
upAsy=0.2145210959;
sness=0.0035991124;
k_apop=0.0743460550;
tED50=308.9918477715;
cell_pop_norm0_Jack_MGMT_P=91.3669437526;
k_dis=0.0192030723;

%%%%%%%%%

cost=273.2677728743;

%%%%%%%%%

