TMZout0_Ka_XTMZ(norm)=0.86476;
MGMT_P0(norm)=0.49896;
k_MGMT(norm)=0.45199;
k_addO(norm)=0.00010;
k_addN(norm)=0.46012;
DSB_72h_fac(norm)=0.47048;
k_DSBO(norm)=0.31195;
k_DSBN(norm)=0.50712;
k_CyA(norm)=0.67998;
fVX(norm)=0.45540;
kf_ATR_MGMT_P(norm)=0.82264;
k_ATR(norm)=0.33288;
K_add(norm)=0.17776;
kd_pATR(norm)=0.42991;
k_Chk1(norm)=0.54642;
C_Chk1(norm)=0.35479;
pChk1_ref12_5_24h(norm)=0.42690;
pChk1_ref100_24h(norm)=0.70104;
pChk1_ref100_48h(norm)=0.65201;
kd_pChk1(norm)=0.49732;
k_cdc25(norm)=0.55618;
K_cdc25(norm)=0.42842;
kf_p53(norm)=0.40955;
k_p53(norm)=0.35743;
K_ATR(norm)=0.16958;
p53ser46_ref50_72h(norm)=0.83777;
kp_ser46(norm)=1.00000;
K_p53(norm)=0.24606;
upAsy(norm)=0.61714;
sness(norm)=0.43331;
k_apop(norm)=0.72226;
tED50(norm)=0.44173;
cell_pop_norm0_Jack_MGMT_P(norm)=0.74145;
k_dis(norm)=0.19031;

%%%%%%%%%

TMZout0_Ka_XTMZ=37.8077887977;
MGMT_P0=1.8308699032;
k_MGMT=41.9047561806;
k_addO=0.0067446269;
k_addN=0.1363187770;
DSB_72h_fac=0.9523451469;
k_DSBO=0.0002484600;
k_DSBN=0.0000345492;
k_CyA=2.2104354282;
fVX=0.0012634196;
kf_ATR_MGMT_P=0.0000132776;
k_ATR=0.0167861899;
K_add=0.0000496519;
kd_pATR=0.0034000523;
k_Chk1=464.7678639652;
C_Chk1=0.6120790231;
pChk1_ref12_5_24h=0.0066631239;
pChk1_ref100_24h=0.0084245590;
pChk1_ref100_48h=0.0091371461;
kd_pChk1=0.0757856921;
k_cdc25=235.3295624978;
K_cdc25=1.1810191358;
kf_p53=0.0005954773;
k_p53=30.6284762251;
K_ATR=0.0002917395;
p53ser46_ref50_72h=0.0006748119;
kp_ser46=5.4643701630;
K_p53=0.3973018263;
upAsy=0.2588750932;
sness=0.0036607611;
k_apop=0.0716609272;
tED50=329.9269390242;
cell_pop_norm0_Jack_MGMT_P=91.1904507038;
k_dis=0.0116022339;

%%%%%%%%%

cost=289.5178495289;

%%%%%%%%%

