TMZout0_Ka_XTMZ(norm)=0.55127;
MGMT_P0(norm)=0.87498;
k_MGMT(norm)=0.84089;
k_addO(norm)=0.61589;
k_addN(norm)=0.68033;
DSB_72h_fac(norm)=0.82190;
k_DSBO(norm)=0.70268;
k_DSBN(norm)=0.90697;
k_CyA(norm)=0.29093;
fVX(norm)=0.68496;
kf_ATR_MGMT_P(norm)=0.63607;
k_ATR(norm)=0.58043;
K_add(norm)=0.58940;
kd_pATR(norm)=0.73234;
k_Chk1(norm)=0.21006;
C_Chk1(norm)=0.53891;
pChk1_ref12_5_24h(norm)=0.56474;
pChk1_ref100_24h(norm)=0.56932;
pChk1_ref100_48h(norm)=0.60988;
kd_pChk1(norm)=0.33538;
k_cdc25(norm)=0.72753;
K_cdc25(norm)=0.67421;
kf_p53(norm)=0.76335;
k_p53(norm)=0.67044;
K_ATR(norm)=0.60521;
p53ser46_ref50_72h(norm)=0.83653;
kp_ser46(norm)=0.66910;
K_p53(norm)=0.36435;
upAsy(norm)=0.60956;
sness(norm)=0.27410;
k_apop(norm)=0.48309;
tED50(norm)=0.71973;
cell_pop_norm0_Jack_MGMT_P(norm)=0.16912;
k_dis(norm)=0.60636;

%%%%%%%%%

TMZout0_Ka_XTMZ=35.1823871288;
MGMT_P0=2.3185959348;
k_MGMT=48.7357116875;
k_addO=0.0104490027;
k_addN=0.1241703062;
DSB_72h_fac=1.2228417136;
k_DSBO=0.0003579520;
k_DSBN=0.0000537435;
k_CyA=1.8257976109;
fVX=0.0013830942;
kf_ATR_MGMT_P=0.0000111677;
k_ATR=0.0245220213;
K_add=0.0000750663;
kd_pATR=0.0038312296;
k_Chk1=293.9079926238;
C_Chk1=0.7297942656;
pChk1_ref12_5_24h=0.0076230147;
pChk1_ref100_24h=0.0076652551;
pChk1_ref100_48h=0.0092485554;
kd_pChk1=0.0616125591;
k_cdc25=287.2807207831;
K_cdc25=1.4218609132;
kf_p53=0.0006870403;
k_p53=39.5717481304;
K_ATR=0.0004790643;
p53ser46_ref50_72h=0.0005801672;
kp_ser46=3.6147195742;
K_p53=0.5111068870;
upAsy=0.2541703414;
sness=0.0029273468;
k_apop=0.0605674790;
tED50=489.3403893316;
cell_pop_norm0_Jack_MGMT_P=74.3524004220;
k_dis=0.0166273598;

%%%%%%%%%

cost=123.6507951495;

%%%%%%%%%

