TMZout0_Ka_XTMZ(norm)=0.43801;
MGMT_P0(norm)=0.75226;
k_MGMT(norm)=0.84459;
k_addO(norm)=0.55255;
k_addN(norm)=0.45411;
DSB_72h_fac(norm)=0.74527;
k_DSBO(norm)=0.54106;
k_DSBN(norm)=0.89068;
k_CyA(norm)=0.67804;
fVX(norm)=0.72305;
kf_ATR_MGMT_P(norm)=0.60357;
k_ATR(norm)=0.74745;
K_add(norm)=0.57243;
kd_pATR(norm)=0.86314;
k_Chk1(norm)=0.31685;
C_Chk1(norm)=0.58477;
pChk1_ref12_5_24h(norm)=0.45453;
pChk1_ref100_24h(norm)=0.47537;
pChk1_ref100_48h(norm)=0.57448;
kd_pChk1(norm)=0.50445;
k_cdc25(norm)=0.08422;
K_cdc25(norm)=0.45773;
kf_p53(norm)=0.36622;
k_p53(norm)=0.57969;
K_ATR(norm)=0.68844;
p53ser46_ref50_72h(norm)=0.38454;
kp_ser46(norm)=0.60344;
K_p53(norm)=0.32646;
upAsy(norm)=0.80517;
sness(norm)=0.46119;
k_apop(norm)=0.66639;
tED50(norm)=0.97943;
cell_pop_norm0_Jack_MGMT_P(norm)=0.16556;
k_dis(norm)=0.61462;

%%%%%%%%%

TMZout0_Ka_XTMZ=34.2793648255;
MGMT_P0=2.1431325677;
k_MGMT=58.4430388695;
k_addO=0.0107707874;
k_addN=0.1356265317;
DSB_72h_fac=1.1631367487;
k_DSBO=0.0003016926;
k_DSBN=0.0000478165;
k_CyA=2.2067922179;
fVX=0.0015850229;
kf_ATR_MGMT_P=0.0000110283;
k_ATR=0.0238507899;
K_add=0.0000693687;
kd_pATR=0.0049079919;
k_Chk1=382.6144043254;
C_Chk1=0.7437642877;
pChk1_ref12_5_24h=0.0068209544;
pChk1_ref100_24h=0.0069583610;
pChk1_ref100_48h=0.0085561825;
kd_pChk1=0.0762453029;
k_cdc25=157.7633735812;
K_cdc25=1.2107158398;
kf_p53=0.0005740129;
k_p53=36.9751376998;
K_ATR=0.0004528186;
p53ser46_ref50_72h=0.0004596257;
kp_ser46=3.9049466500;
K_p53=0.4253089690;
upAsy=0.3035849345;
sness=0.0037482665;
k_apop=0.0683471002;
tED50=520.3301842252;
cell_pop_norm0_Jack_MGMT_P=74.2581533534;
k_dis=0.0166218094;

%%%%%%%%%

cost=123.5312447105;

%%%%%%%%%

