TMZout0_Ka_XTMZ(norm)=0.33387;
MGMT_P0(norm)=0.68890;
k_MGMT(norm)=0.37414;
k_addO(norm)=0.50461;
k_addN(norm)=0.72849;
DSB_72h_fac(norm)=0.31238;
k_DSBO(norm)=0.80971;
k_DSBN(norm)=0.12689;
k_CyA(norm)=0.42207;
fVX(norm)=0.92087;
kf_ATR_MGMT_P(norm)=0.54982;
k_ATR(norm)=0.65412;
K_add(norm)=0.39781;
kd_pATR(norm)=0.74646;
k_Chk1(norm)=0.81908;
C_Chk1(norm)=0.48294;
pChk1_ref12_5_24h(norm)=0.38396;
pChk1_ref100_24h(norm)=0.43099;
pChk1_ref100_48h(norm)=0.50597;
kd_pChk1(norm)=0.34317;
k_cdc25(norm)=0.21154;
K_cdc25(norm)=0.16004;
kf_p53(norm)=0.58226;
k_p53(norm)=0.58826;
K_ATR(norm)=0.50964;
p53ser46_ref50_72h(norm)=0.62130;
kp_ser46(norm)=0.62102;
K_p53(norm)=0.74758;
upAsy(norm)=0.44212;
sness(norm)=0.38096;
k_apop(norm)=0.56203;
tED50(norm)=0.76119;
cell_pop_norm0_Jack_MGMT_P(norm)=0.32581;
k_dis(norm)=0.74348;

%%%%%%%%%

TMZout0_Ka_XTMZ=33.4695125327;
MGMT_P0=2.0986959922;
k_MGMT=33.9414499765;
k_addO=0.0096967088;
k_addN=0.1390387168;
DSB_72h_fac=0.8327926720;
k_DSBO=0.0003914676;
k_DSBN=0.0000268579;
k_CyA=2.1337114482;
fVX=0.0018903037;
kf_ATR_MGMT_P=0.0000105494;
k_ATR=0.0279575626;
K_add=0.0000692764;
kd_pATR=0.0031203588;
k_Chk1=409.0353597169;
C_Chk1=0.6893211562;
pChk1_ref12_5_24h=0.0071848913;
pChk1_ref100_24h=0.0074936209;
pChk1_ref100_48h=0.0098563930;
kd_pChk1=0.0513819668;
k_cdc25=168.4417824561;
K_cdc25=0.9706620622;
kf_p53=0.0005749623;
k_p53=32.7732999761;
K_ATR=0.0004336133;
p53ser46_ref50_72h=0.0004948333;
kp_ser46=3.4133005231;
K_p53=0.7402357601;
upAsy=0.1742299856;
sness=0.0031622596;
k_apop=0.0569755726;
tED50=440.1833750245;
cell_pop_norm0_Jack_MGMT_P=78.6260338738;
k_dis=0.0184532393;

%%%%%%%%%

cost=219.8266218920;

%%%%%%%%%

