TMZout0_Ka_XTMZ(norm)=0.81988;
MGMT_P0(norm)=0.53396;
k_MGMT(norm)=0.36110;
k_addO(norm)=0.62924;
k_addN(norm)=0.62170;
DSB_72h_fac(norm)=0.21137;
k_DSBO(norm)=0.21569;
k_DSBN(norm)=0.03833;
k_CyA(norm)=0.85093;
fVX(norm)=0.42614;
kf_ATR_MGMT_P(norm)=0.71994;
k_ATR(norm)=0.47689;
K_add(norm)=0.66495;
kd_pATR(norm)=0.42944;
k_Chk1(norm)=0.00010;
C_Chk1(norm)=0.05926;
pChk1_ref12_5_24h(norm)=0.39128;
pChk1_ref100_24h(norm)=0.76677;
pChk1_ref100_48h(norm)=0.81170;
kd_pChk1(norm)=0.69293;
k_cdc25(norm)=0.01667;
K_cdc25(norm)=0.51990;
kf_p53(norm)=0.44582;
k_p53(norm)=0.80403;
K_ATR(norm)=0.39042;
p53ser46_ref50_72h(norm)=0.76722;
kp_ser46(norm)=0.95928;
K_p53(norm)=0.18619;
upAsy(norm)=0.29510;
sness(norm)=0.70942;
k_apop(norm)=0.36050;
tED50(norm)=0.20450;
cell_pop_norm0_Jack_MGMT_P(norm)=0.25106;
k_dis(norm)=0.70444;

%%%%%%%%%

TMZout0_Ka_XTMZ=37.4201835243;
MGMT_P0=1.9398109348;
k_MGMT=34.6191617125;
k_addO=0.0113288944;
k_addN=0.1441966665;
DSB_72h_fac=0.7743127323;
k_DSBO=0.0002328403;
k_DSBN=0.0000260910;
k_CyA=2.5953601735;
fVX=0.0012007406;
kf_ATR_MGMT_P=0.0000121871;
k_ATR=0.0173513985;
K_add=0.0000776400;
kd_pATR=0.0027844383;
k_Chk1=265.2328093531;
C_Chk1=0.4772435996;
pChk1_ref12_5_24h=0.0060347688;
pChk1_ref100_24h=0.0083061490;
pChk1_ref100_48h=0.0101328907;
kd_pChk1=0.0859754161;
k_cdc25=182.7766889054;
K_cdc25=1.2674285069;
kf_p53=0.0005976266;
k_p53=36.1270229057;
K_ATR=0.0002920531;
p53ser46_ref50_72h=0.0006451476;
kp_ser46=5.8438514425;
K_p53=0.5896028659;
upAsy=0.2169738618;
sness=0.0043877256;
k_apop=0.0525008499;
tED50=296.6902066614;
cell_pop_norm0_Jack_MGMT_P=76.5575832663;
k_dis=0.0179855484;

%%%%%%%%%

cost=295.4743493019;

%%%%%%%%%

