TMZout0_Ka_XTMZ(norm)=0.57264;
MGMT_P0(norm)=0.65106;
k_MGMT(norm)=0.60824;
k_addO(norm)=0.00010;
k_addN(norm)=0.28686;
DSB_72h_fac(norm)=0.27293;
k_DSBO(norm)=0.65235;
k_DSBN(norm)=0.37003;
k_CyA(norm)=0.00010;
fVX(norm)=0.44351;
kf_ATR_MGMT_P(norm)=0.89669;
k_ATR(norm)=0.43834;
K_add(norm)=0.53520;
kd_pATR(norm)=0.33508;
k_Chk1(norm)=0.44436;
C_Chk1(norm)=0.60138;
pChk1_ref12_5_24h(norm)=0.24444;
pChk1_ref100_24h(norm)=0.32563;
pChk1_ref100_48h(norm)=0.78340;
kd_pChk1(norm)=0.34989;
k_cdc25(norm)=0.36049;
K_cdc25(norm)=0.37797;
kf_p53(norm)=0.38592;
k_p53(norm)=0.62383;
K_ATR(norm)=0.43337;
p53ser46_ref50_72h(norm)=0.67784;
kp_ser46(norm)=0.38156;
K_p53(norm)=0.38123;
upAsy(norm)=0.35852;
sness(norm)=0.28652;
k_apop(norm)=0.86152;
tED50(norm)=0.70290;
cell_pop_norm0_Jack_MGMT_P(norm)=0.10695;
k_dis(norm)=0.57086;

%%%%%%%%%

TMZout0_Ka_XTMZ=35.3553856824;
MGMT_P0=2.0124489634;
k_MGMT=47.8366705651;
k_addO=0.0067446269;
k_addN=0.1177065037;
DSB_72h_fac=0.8248321963;
k_DSBO=0.0003315237;
k_DSBN=0.0000307605;
k_CyA=1.2424989020;
fVX=0.0012507511;
kf_ATR_MGMT_P=0.0000141374;
k_ATR=0.0183550891;
K_add=0.0000672146;
kd_pATR=0.0031375328;
k_Chk1=426.2656757179;
C_Chk1=0.7543079741;
pChk1_ref12_5_24h=0.0057087001;
pChk1_ref100_24h=0.0061292187;
pChk1_ref100_48h=0.0102131074;
kd_pChk1=0.0668861506;
k_cdc25=199.3734616328;
K_cdc25=1.1315981519;
kf_p53=0.0005836757;
k_p53=38.3843138503;
K_ATR=0.0003648056;
p53ser46_ref50_72h=0.0005892938;
kp_ser46=3.2357033598;
K_p53=0.4455127801;
upAsy=0.2079339983;
sness=0.0032326274;
k_apop=0.0806349983;
tED50=411.6447581957;
cell_pop_norm0_Jack_MGMT_P=72.7217811634;
k_dis=0.0160167088;

%%%%%%%%%

cost=291.2527022790;

%%%%%%%%%

