TMZout0_Ka_XTMZ(norm)=0.02843;
MGMT_P0(norm)=0.33900;
k_MGMT(norm)=0.45000;
k_addO(norm)=0.42035;
k_addN(norm)=0.32656;
DSB_72h_fac(norm)=0.54718;
k_DSBO(norm)=0.66029;
k_DSBN(norm)=0.78256;
k_CyA(norm)=0.43727;
fVX(norm)=0.36791;
kf_ATR_MGMT_P(norm)=0.66292;
k_ATR(norm)=0.88035;
K_add(norm)=0.65694;
kd_pATR(norm)=0.70450;
k_Chk1(norm)=0.08282;
C_Chk1(norm)=0.54431;
pChk1_ref12_5_24h(norm)=0.00010;
pChk1_ref100_24h(norm)=0.31096;
pChk1_ref100_48h(norm)=0.58458;
kd_pChk1(norm)=0.53010;
k_cdc25(norm)=0.44359;
K_cdc25(norm)=0.15182;
kf_p53(norm)=0.46900;
k_p53(norm)=0.34537;
K_ATR(norm)=0.70071;
p53ser46_ref50_72h(norm)=0.57140;
kp_ser46(norm)=0.83218;
K_p53(norm)=0.84265;
upAsy(norm)=0.23947;
sness(norm)=0.37786;
k_apop(norm)=0.75233;
tED50(norm)=0.37370;
cell_pop_norm0_Jack_MGMT_P(norm)=0.45638;
k_dis(norm)=0.43116;

%%%%%%%%%

TMZout0_Ka_XTMZ=31.2030067260;
MGMT_P0=1.6787068019;
k_MGMT=34.9951666365;
k_addO=0.0088536122;
k_addN=0.0920109396;
DSB_72h_fac=0.9925192818;
k_DSBO=0.0003453214;
k_DSBN=0.0000483668;
k_CyA=2.0668135369;
fVX=0.0010572735;
kf_ATR_MGMT_P=0.0000114247;
k_ATR=0.0316169233;
K_add=0.0000794878;
kd_pATR=0.0037419243;
k_Chk1=263.8691976562;
C_Chk1=0.7331375286;
pChk1_ref12_5_24h=0.0047244711;
pChk1_ref100_24h=0.0061582230;
pChk1_ref100_48h=0.0090523935;
kd_pChk1=0.0726643233;
k_cdc25=225.8516476814;
K_cdc25=0.9133336862;
kf_p53=0.0005353873;
k_p53=30.0445488779;
K_ATR=0.0005194408;
p53ser46_ref50_72h=0.0004634396;
kp_ser46=4.1503349423;
K_p53=0.7665041148;
upAsy=0.1857549005;
sness=0.0031963602;
k_apop=0.0760875569;
tED50=364.9876478680;
cell_pop_norm0_Jack_MGMT_P=82.3744894564;
k_dis=0.0143335992;

%%%%%%%%%

cost=194.3197210724;

%%%%%%%%%

