TMZout0_Ka_XTMZ(norm)=0.94014;
MGMT_P0(norm)=0.90526;
k_MGMT(norm)=0.20780;
k_addO(norm)=0.67863;
k_addN(norm)=0.78312;
DSB_72h_fac(norm)=0.45215;
k_DSBO(norm)=0.18147;
k_DSBN(norm)=0.29529;
k_CyA(norm)=0.26964;
fVX(norm)=0.61692;
kf_ATR_MGMT_P(norm)=0.45065;
k_ATR(norm)=0.62034;
K_add(norm)=0.38428;
kd_pATR(norm)=0.84562;
k_Chk1(norm)=0.27485;
C_Chk1(norm)=0.78652;
pChk1_ref12_5_24h(norm)=0.32624;
pChk1_ref100_24h(norm)=0.52272;
pChk1_ref100_48h(norm)=1.00000;
kd_pChk1(norm)=0.25708;
k_cdc25(norm)=0.21629;
K_cdc25(norm)=0.46985;
kf_p53(norm)=0.58812;
k_p53(norm)=0.65346;
K_ATR(norm)=0.16422;
p53ser46_ref50_72h(norm)=0.89061;
kp_ser46(norm)=0.76021;
K_p53(norm)=0.57322;
upAsy(norm)=0.75824;
sness(norm)=0.59138;
k_apop(norm)=0.99085;
tED50(norm)=0.21906;
cell_pop_norm0_Jack_MGMT_P(norm)=0.29363;
k_dis(norm)=0.58564;

%%%%%%%%%

TMZout0_Ka_XTMZ=38.4677254673;
MGMT_P0=2.3569943384;
k_MGMT=34.0726960133;
k_addO=0.0119851004;
k_addN=0.1792308041;
DSB_72h_fac=0.9397253208;
k_DSBO=0.0002224544;
k_DSBN=0.0000288728;
k_CyA=1.5612793706;
fVX=0.0014487108;
kf_ATR_MGMT_P=0.0000096881;
k_ATR=0.0214155266;
K_add=0.0000591464;
kd_pATR=0.0048356797;
k_Chk1=369.2366198890;
C_Chk1=0.8824162497;
pChk1_ref12_5_24h=0.0061184395;
pChk1_ref100_24h=0.0072432043;
pChk1_ref100_48h=0.0122705020;
kd_pChk1=0.0618283392;
k_cdc25=176.4431394700;
K_cdc25=1.2232150394;
kf_p53=0.0006927489;
k_p53=39.3601282802;
K_ATR=0.0002904172;
p53ser46_ref50_72h=0.0007057096;
kp_ser46=4.4596752264;
K_p53=0.5242093300;
upAsy=0.2917511048;
sness=0.0041854126;
k_apop=0.0899737476;
tED50=273.2002195751;
cell_pop_norm0_Jack_MGMT_P=77.7288116598;
k_dis=0.0162185653;

%%%%%%%%%

cost=205.4123915264;

%%%%%%%%%

