TMZout0_Ka_XTMZ(norm)=0.75038;
MGMT_P0(norm)=0.00010;
k_MGMT(norm)=0.62356;
k_addO(norm)=0.42178;
k_addN(norm)=0.18169;
DSB_72h_fac(norm)=0.42452;
k_DSBO(norm)=0.39504;
k_DSBN(norm)=0.73171;
k_CyA(norm)=0.61884;
fVX(norm)=0.24593;
kf_ATR_MGMT_P(norm)=0.70099;
k_ATR(norm)=0.63648;
K_add(norm)=0.36831;
kd_pATR(norm)=0.33489;
k_Chk1(norm)=0.60927;
C_Chk1(norm)=0.61871;
pChk1_ref12_5_24h(norm)=0.31073;
pChk1_ref100_24h(norm)=0.56175;
pChk1_ref100_48h(norm)=0.45532;
kd_pChk1(norm)=0.96528;
k_cdc25(norm)=0.74918;
K_cdc25(norm)=0.40936;
kf_p53(norm)=0.44318;
k_p53(norm)=0.69419;
K_ATR(norm)=0.59614;
p53ser46_ref50_72h(norm)=0.72708;
kp_ser46(norm)=1.00000;
K_p53(norm)=0.62102;
upAsy(norm)=0.73874;
sness(norm)=0.57982;
k_apop(norm)=0.69782;
tED50(norm)=0.46838;
cell_pop_norm0_Jack_MGMT_P(norm)=0.38465;
k_dis(norm)=0.67015;

%%%%%%%%%

TMZout0_Ka_XTMZ=36.8278907412;
MGMT_P0=1.3426454420;
k_MGMT=48.4615873441;
k_addO=0.0096410593;
k_addN=0.1076721395;
DSB_72h_fac=0.9210179607;
k_DSBO=0.0002665827;
k_DSBN=0.0000417910;
k_CyA=2.0988343340;
fVX=0.0010579475;
kf_ATR_MGMT_P=0.0000119772;
k_ATR=0.0217103942;
K_add=0.0000583514;
kd_pATR=0.0031370370;
k_Chk1=490.1884612705;
C_Chk1=0.7654612084;
pChk1_ref12_5_24h=0.0060385494;
pChk1_ref100_24h=0.0074867483;
pChk1_ref100_48h=0.0077345228;
kd_pChk1=0.1126643435;
k_cdc25=277.1372446724;
K_cdc25=1.1620961303;
kf_p53=0.0006126921;
k_p53=40.7422460087;
K_ATR=0.0004187529;
p53ser46_ref50_72h=0.0006144007;
kp_ser46=5.4643701630;
K_p53=0.5458790329;
upAsy=0.2869700376;
sness=0.0041446359;
k_apop=0.0701917017;
tED50=337.4619809461;
cell_pop_norm0_Jack_MGMT_P=80.2937355144;
k_dis=0.0174225592;

%%%%%%%%%

cost=203.4525717337;

%%%%%%%%%

