TMZout0_Ka_XTMZ(norm)=0.20468;
MGMT_P0(norm)=0.97918;
k_MGMT(norm)=0.56209;
k_addO(norm)=0.66434;
k_addN(norm)=0.64092;
DSB_72h_fac(norm)=0.66317;
k_DSBO(norm)=0.46766;
k_DSBN(norm)=0.64612;
k_CyA(norm)=0.74064;
fVX(norm)=0.50159;
kf_ATR_MGMT_P(norm)=0.62489;
k_ATR(norm)=0.72069;
K_add(norm)=0.65895;
kd_pATR(norm)=0.54331;
k_Chk1(norm)=0.44324;
C_Chk1(norm)=0.58114;
pChk1_ref12_5_24h(norm)=0.54319;
pChk1_ref100_24h(norm)=0.57138;
pChk1_ref100_48h(norm)=0.64158;
kd_pChk1(norm)=0.56067;
k_cdc25(norm)=0.74014;
K_cdc25(norm)=0.57352;
kf_p53(norm)=0.64324;
k_p53(norm)=0.67836;
K_ATR(norm)=0.72162;
p53ser46_ref50_72h(norm)=0.66349;
kp_ser46(norm)=0.59698;
K_p53(norm)=0.71062;
upAsy(norm)=0.18488;
sness(norm)=0.37323;
k_apop(norm)=0.34323;
tED50(norm)=0.48824;
cell_pop_norm0_Jack_MGMT_P(norm)=0.15542;
k_dis(norm)=0.57735;

%%%%%%%%%

TMZout0_Ka_XTMZ=32.4914123387;
MGMT_P0=2.4688271329;
k_MGMT=38.4818302659;
k_addO=0.0108868254;
k_addN=0.1200930567;
DSB_72h_fac=1.0839390180;
k_DSBO=0.0002933203;
k_DSBN=0.0000430864;
k_CyA=2.6725988080;
fVX=0.0011840667;
kf_ATR_MGMT_P=0.0000110624;
k_ATR=0.0276165186;
K_add=0.0000796229;
kd_pATR=0.0032642193;
k_Chk1=358.1069921000;
C_Chk1=0.7563778571;
pChk1_ref12_5_24h=0.0074851008;
pChk1_ref100_24h=0.0076785934;
pChk1_ref100_48h=0.0095002957;
kd_pChk1=0.0745712243;
k_cdc25=290.3669049550;
K_cdc25=1.3055826828;
kf_p53=0.0006205632;
k_p53=39.8379015115;
K_ATR=0.0005287244;
p53ser46_ref50_72h=0.0005010480;
kp_ser46=3.4004509295;
K_p53=0.6853799122;
upAsy=0.1773590945;
sness=0.0031838473;
k_apop=0.0537989368;
tED50=402.1866929101;
cell_pop_norm0_Jack_MGMT_P=73.9898581436;
k_dis=0.0162236653;

%%%%%%%%%

cost=123.6184541360;

%%%%%%%%%

