TMZout0_Ka_XTMZ(norm)=0.51428;
MGMT_P0(norm)=0.83823;
k_MGMT(norm)=1.00000;
k_addO(norm)=0.62037;
k_addN(norm)=0.46491;
DSB_72h_fac(norm)=0.35991;
k_DSBO(norm)=0.46205;
k_DSBN(norm)=0.68162;
k_CyA(norm)=0.78677;
fVX(norm)=0.74664;
kf_ATR_MGMT_P(norm)=0.43859;
k_ATR(norm)=0.81992;
K_add(norm)=0.44414;
kd_pATR(norm)=0.34804;
k_Chk1(norm)=1.00000;
C_Chk1(norm)=0.56371;
pChk1_ref12_5_24h(norm)=0.37437;
pChk1_ref100_24h(norm)=0.62910;
pChk1_ref100_48h(norm)=0.69231;
kd_pChk1(norm)=0.49930;
k_cdc25(norm)=0.11471;
K_cdc25(norm)=0.87422;
kf_p53(norm)=0.13630;
k_p53(norm)=0.93366;
K_ATR(norm)=0.52596;
p53ser46_ref50_72h(norm)=0.26761;
kp_ser46(norm)=0.02531;
K_p53(norm)=0.33343;
upAsy(norm)=0.50635;
sness(norm)=0.68272;
k_apop(norm)=1.00000;
tED50(norm)=0.64651;
cell_pop_norm0_Jack_MGMT_P(norm)=0.19683;
k_dis(norm)=0.23975;

%%%%%%%%%

TMZout0_Ka_XTMZ=34.8848233876;
MGMT_P0=2.2607898530;
k_MGMT=66.6683225466;
k_addO=0.0114078683;
k_addN=0.1368736023;
DSB_72h_fac=0.8787248311;
k_DSBO=0.0002821551;
k_DSBN=0.0000400542;
k_CyA=2.4197625459;
fVX=0.0016170232;
kf_ATR_MGMT_P=0.0000095896;
k_ATR=0.0253611669;
K_add=0.0000622236;
kd_pATR=0.0031721797;
k_Chk1=682.5647593832;
C_Chk1=0.7306114831;
pChk1_ref12_5_24h=0.0063730725;
pChk1_ref100_24h=0.0079264195;
pChk1_ref100_48h=0.0094544983;
kd_pChk1=0.0759129167;
k_cdc25=161.8919957630;
K_cdc25=1.7230563327;
kf_p53=0.0004724061;
k_p53=49.9071374058;
K_ATR=0.0003945783;
p53ser46_ref50_72h=0.0004162726;
kp_ser46=2.3926363292;
K_p53=0.4278294677;
upAsy=0.2356799006;
sness=0.0045222110;
k_apop=0.0906739715;
tED50=392.4414656312;
cell_pop_norm0_Jack_MGMT_P=75.0908819448;
k_dis=0.0120985433;

%%%%%%%%%

cost=395.6387047746;

%%%%%%%%%

