TMZout0_Ka_XTMZ(norm)=0.26439;
MGMT_P0(norm)=0.77716;
k_MGMT(norm)=0.69003;
k_addO(norm)=0.55338;
k_addN(norm)=0.37272;
DSB_72h_fac(norm)=0.68002;
k_DSBO(norm)=0.64934;
k_DSBN(norm)=0.73839;
k_CyA(norm)=0.74892;
fVX(norm)=0.74101;
kf_ATR_MGMT_P(norm)=0.61203;
k_ATR(norm)=0.55237;
K_add(norm)=0.70443;
kd_pATR(norm)=0.32854;
k_Chk1(norm)=0.59780;
C_Chk1(norm)=0.59127;
pChk1_ref12_5_24h(norm)=0.57479;
pChk1_ref100_24h(norm)=0.57326;
pChk1_ref100_48h(norm)=0.59646;
kd_pChk1(norm)=0.62210;
k_cdc25(norm)=0.56137;
K_cdc25(norm)=0.57618;
kf_p53(norm)=0.14015;
k_p53(norm)=0.35788;
K_ATR(norm)=0.41631;
p53ser46_ref50_72h(norm)=0.16877;
kp_ser46(norm)=0.63045;
K_p53(norm)=0.92398;
upAsy(norm)=0.45830;
sness(norm)=0.64829;
k_apop(norm)=0.55125;
tED50(norm)=0.79291;
cell_pop_norm0_Jack_MGMT_P(norm)=0.14906;
k_dis(norm)=0.58948;

%%%%%%%%%

TMZout0_Ka_XTMZ=32.9398658978;
MGMT_P0=2.1765598633;
k_MGMT=51.2693581458;
k_addO=0.0107783122;
k_addN=0.1265889339;
DSB_72h_fac=1.1092037611;
k_DSBO=0.0003306801;
k_DSBN=0.0000420280;
k_CyA=2.3433899907;
fVX=0.0016093265;
kf_ATR_MGMT_P=0.0000111076;
k_ATR=0.0202170406;
K_add=0.0000775780;
kd_pATR=0.0031201973;
k_Chk1=485.4470603084;
C_Chk1=0.7478749932;
pChk1_ref12_5_24h=0.0075526298;
pChk1_ref100_24h=0.0075601095;
pChk1_ref100_48h=0.0087170558;
kd_pChk1=0.0842371758;
k_cdc25=236.3667770539;
K_cdc25=1.3385372078;
kf_p53=0.0004739496;
k_p53=30.6399995851;
K_ATR=0.0003595716;
p53ser46_ref50_72h=0.0003828323;
kp_ser46=3.9953310723;
K_p53=0.7056296554;
upAsy=0.2262770353;
sness=0.0043921640;
k_apop=0.0619945124;
tED50=444.2698934376;
cell_pop_norm0_Jack_MGMT_P=73.8223081348;
k_dis=0.0162714643;

%%%%%%%%%

cost=123.3222233885;

%%%%%%%%%

