TMZout0_Ka_XTMZ(norm)=0.50000;
MGMT_P0(norm)=0.50000;
k_MGMT(norm)=0.25000;
k_addO(norm)=0.25000;
k_addN(norm)=0.75000;
DSB_72h_fac(norm)=0.25000;
k_DSBO(norm)=0.75000;
k_DSBN(norm)=0.75000;
k_CyA(norm)=0.50000;
fVX(norm)=0.50000;
kf_ATR_MGMT_P(norm)=0.25000;
k_ATR(norm)=0.50000;
K_add(norm)=0.75000;
kd_pATR(norm)=0.50000;
k_Chk1(norm)=0.50000;
C_Chk1(norm)=0.25000;
pChk1_ref12_5_24h(norm)=0.50000;
pChk1_ref100_24h(norm)=0.50000;
pChk1_ref100_48h(norm)=0.75000;
kd_pChk1(norm)=0.50000;
k_cdc25(norm)=0.50000;
K_cdc25(norm)=0.75000;
kf_p53(norm)=0.25000;
k_p53(norm)=0.75000;
K_ATR(norm)=0.75000;
p53ser46_ref50_72h(norm)=0.75000;
kp_ser46(norm)=0.25000;
K_p53(norm)=0.25000;
upAsy(norm)=0.50000;
sness(norm)=0.75000;
k_apop(norm)=0.25000;
tED50(norm)=0.75000;
cell_pop_norm0_Jack_MGMT_P(norm)=0.25000;
k_dis(norm)=0.50000;

%%%%%%%%%

TMZout0_Ka_XTMZ=34.7706773014;
MGMT_P0=1.8320493790;
k_MGMT=35.3131890091;
k_addO=0.0083351866;
k_addN=0.1742715221;
DSB_72h_fac=0.8111826310;
k_DSBO=0.0003601206;
k_DSBN=0.0000424436;
k_CyA=1.8977876171;
fVX=0.0013120720;
kf_ATR_MGMT_P=0.0000081734;
k_ATR=0.0193395730;
K_add=0.0000806317;
kd_pATR=0.0036080793;
k_Chk1=446.8435252261;
C_Chk1=0.5600776362;
pChk1_ref12_5_24h=0.0070888949;
pChk1_ref100_24h=0.0071051060;
pChk1_ref100_48h=0.0099281455;
kd_pChk1=0.0759582098;
k_cdc25=224.3896375286;
K_cdc25=1.5509255756;
kf_p53=0.0005201814;
k_p53=42.7151219437;
K_ATR=0.0004770631;
p53ser46_ref50_72h=0.0006264495;
kp_ser46=2.8943931542;
K_p53=0.3986289857;
upAsy=0.2344148982;
sness=0.0047874824;
k_apop=0.0480286135;
tED50=428.4058044437;
cell_pop_norm0_Jack_MGMT_P=76.5285579750;
k_dis=0.0150834313;

%%%%%%%%%

cost=123.3222233885;

%%%%%%%%%

