TMZout0_Ka_XTMZ(norm)=0.33795;
MGMT_P0(norm)=0.63115;
k_MGMT(norm)=0.63405;
k_addO(norm)=0.57694;
k_addN(norm)=0.11872;
DSB_72h_fac(norm)=0.70813;
k_DSBO(norm)=0.56331;
k_DSBN(norm)=0.88974;
k_CyA(norm)=0.59861;
fVX(norm)=0.78163;
kf_ATR_MGMT_P(norm)=0.88467;
k_ATR(norm)=0.28147;
K_add(norm)=0.67475;
kd_pATR(norm)=0.30976;
k_Chk1(norm)=0.59816;
C_Chk1(norm)=0.88116;
pChk1_ref12_5_24h(norm)=0.09938;
pChk1_ref100_24h(norm)=0.30733;
pChk1_ref100_48h(norm)=0.81004;
kd_pChk1(norm)=0.19573;
k_cdc25(norm)=0.53230;
K_cdc25(norm)=0.28990;
kf_p53(norm)=0.44535;
k_p53(norm)=0.49572;
K_ATR(norm)=0.54147;
p53ser46_ref50_72h(norm)=1.00000;
kp_ser46(norm)=0.63648;
K_p53(norm)=0.53303;
upAsy(norm)=0.89259;
sness(norm)=0.81653;
k_apop(norm)=0.56553;
tED50(norm)=0.79555;
cell_pop_norm0_Jack_MGMT_P(norm)=0.53368;
k_dis(norm)=0.09746;

%%%%%%%%%

TMZout0_Ka_XTMZ=33.5008738476;
MGMT_P0=2.0452000269;
k_MGMT=43.6272154096;
k_addO=0.0108377932;
k_addN=0.0941606684;
DSB_72h_fac=1.1244383112;
k_DSBO=0.0003125907;
k_DSBN=0.0000536774;
k_CyA=2.0958039149;
fVX=0.0016227867;
kf_ATR_MGMT_P=0.0000140126;
k_ATR=0.0147037099;
K_add=0.0000782875;
kd_pATR=0.0025159418;
k_Chk1=440.2491142160;
C_Chk1=0.9575875853;
pChk1_ref12_5_24h=0.0047124561;
pChk1_ref100_24h=0.0056277371;
pChk1_ref100_48h=0.0101186164;
kd_pChk1=0.0564180177;
k_cdc25=282.9165292443;
K_cdc25=1.0430095870;
kf_p53=0.0005973922;
k_p53=27.8215490610;
K_ATR=0.0003319278;
p53ser46_ref50_72h=0.0007858052;
kp_ser46=4.4454586557;
K_p53=0.7910214971;
upAsy=0.3599714223;
sness=0.0048045815;
k_apop=0.0624616689;
tED50=489.5469226081;
cell_pop_norm0_Jack_MGMT_P=84.6770865127;
k_dis=0.0107539094;

%%%%%%%%%

cost=417.7428091778;

%%%%%%%%%

