TMZout0_Ka_XTMZ(norm)=0.45757;
MGMT_P0(norm)=0.54983;
k_MGMT(norm)=0.38149;
k_addO(norm)=0.53663;
k_addN(norm)=0.73110;
DSB_72h_fac(norm)=0.76087;
k_DSBO(norm)=0.73644;
k_DSBN(norm)=0.50636;
k_CyA(norm)=0.42722;
fVX(norm)=0.23770;
kf_ATR_MGMT_P(norm)=0.58475;
k_ATR(norm)=0.77958;
K_add(norm)=0.92239;
kd_pATR(norm)=0.41830;
k_Chk1(norm)=0.12253;
C_Chk1(norm)=0.74979;
pChk1_ref12_5_24h(norm)=0.46518;
pChk1_ref100_24h(norm)=0.50070;
pChk1_ref100_48h(norm)=0.88881;
kd_pChk1(norm)=0.28303;
k_cdc25(norm)=0.26126;
K_cdc25(norm)=0.75480;
kf_p53(norm)=0.22090;
k_p53(norm)=1.00000;
K_ATR(norm)=0.43093;
p53ser46_ref50_72h(norm)=0.51060;
kp_ser46(norm)=0.11111;
K_p53(norm)=0.71235;
upAsy(norm)=0.47464;
sness(norm)=0.89117;
k_apop(norm)=0.54218;
tED50(norm)=0.47984;
cell_pop_norm0_Jack_MGMT_P(norm)=0.19485;
k_dis(norm)=0.57436;

%%%%%%%%%

TMZout0_Ka_XTMZ=34.4336134620;
MGMT_P0=1.8896978344;
k_MGMT=39.4750926939;
k_addO=0.0106264750;
k_addN=0.1715032926;
DSB_72h_fac=1.1764122815;
k_DSBO=0.0003560075;
k_DSBN=0.0000345269;
k_CyA=1.7842979808;
fVX=0.0010505987;
kf_ATR_MGMT_P=0.0000108538;
k_ATR=0.0245090531;
K_add=0.0000933130;
kd_pATR=0.0033667573;
k_Chk1=324.5305267725;
C_Chk1=0.8553789075;
pChk1_ref12_5_24h=0.0068828127;
pChk1_ref100_24h=0.0071093077;
pChk1_ref100_48h=0.0111672884;
kd_pChk1=0.0632024491;
k_cdc25=183.2958769188;
K_cdc25=1.5572477234;
kf_p53=0.0005075138;
k_p53=52.7929398346;
K_ATR=0.0003640524;
p53ser46_ref50_72h=0.0005114374;
kp_ser46=2.5730450587;
K_p53=0.5897988433;
upAsy=0.2294313396;
sness=0.0053957921;
k_apop=0.0615200452;
tED50=340.7566743087;
cell_pop_norm0_Jack_MGMT_P=75.0378490370;
k_dis=0.0160643024;

%%%%%%%%%

cost=224.5581146370;

%%%%%%%%%

