TMZout0_Ka_XTMZ(norm)=0.46380;
MGMT_P0(norm)=0.00010;
k_MGMT(norm)=0.41166;
k_addO(norm)=0.61102;
k_addN(norm)=0.62208;
DSB_72h_fac(norm)=0.42245;
k_DSBO(norm)=0.40228;
k_DSBN(norm)=0.38765;
k_CyA(norm)=0.47779;
fVX(norm)=0.31508;
kf_ATR_MGMT_P(norm)=0.84130;
k_ATR(norm)=0.67156;
K_add(norm)=0.61212;
kd_pATR(norm)=0.87803;
k_Chk1(norm)=0.39118;
C_Chk1(norm)=0.11023;
pChk1_ref12_5_24h(norm)=0.33004;
pChk1_ref100_24h(norm)=0.85296;
pChk1_ref100_48h(norm)=0.69587;
kd_pChk1(norm)=0.92229;
k_cdc25(norm)=1.00000;
K_cdc25(norm)=0.40954;
kf_p53(norm)=0.66250;
k_p53(norm)=0.23204;
K_ATR(norm)=0.40243;
p53ser46_ref50_72h(norm)=0.46419;
kp_ser46(norm)=0.28215;
K_p53(norm)=0.04857;
upAsy(norm)=1.00000;
sness(norm)=0.16967;
k_apop(norm)=1.00000;
tED50(norm)=1.00000;
cell_pop_norm0_Jack_MGMT_P(norm)=0.33269;
k_dis(norm)=0.60120;

%%%%%%%%%

TMZout0_Ka_XTMZ=34.4828734690;
MGMT_P0=1.4246312724;
k_MGMT=35.0377823529;
k_addO=0.0106116288;
k_addN=0.1270510224;
DSB_72h_fac=0.9049966835;
k_DSBO=0.0002771855;
k_DSBN=0.0000334985;
k_CyA=2.2368599354;
fVX=0.0011313994;
kf_ATR_MGMT_P=0.0000135048;
k_ATR=0.0283737557;
K_add=0.0000830702;
kd_pATR=0.0034883531;
k_Chk1=284.6444339894;
C_Chk1=0.5026592675;
pChk1_ref12_5_24h=0.0068640421;
pChk1_ref100_24h=0.0107143807;
pChk1_ref100_48h=0.0115770489;
kd_pChk1=0.0839291654;
k_cdc25=328.5382759798;
K_cdc25=1.1991633177;
kf_p53=0.0006154138;
k_p53=24.2349169768;
K_ATR=0.0003959587;
p53ser46_ref50_72h=0.0004331595;
kp_ser46=2.5614083659;
K_p53=0.4094025725;
upAsy=0.2795178953;
sness=0.0026439125;
k_apop=0.0825753055;
tED50=538.9024596346;
cell_pop_norm0_Jack_MGMT_P=78.8191884226;
k_dis=0.0163575585;

%%%%%%%%%

cost=273.4483482269;

%%%%%%%%%

