TMZout0_Ka_XTMZ(norm)=0.45732;
MGMT_P0(norm)=0.77072;
k_MGMT(norm)=0.70955;
k_addO(norm)=0.66120;
k_addN(norm)=0.73250;
DSB_72h_fac(norm)=0.72217;
k_DSBO(norm)=0.64905;
k_DSBN(norm)=0.49185;
k_CyA(norm)=0.22770;
fVX(norm)=0.64769;
kf_ATR_MGMT_P(norm)=0.61852;
k_ATR(norm)=0.95821;
K_add(norm)=0.58387;
kd_pATR(norm)=0.99407;
k_Chk1(norm)=0.40945;
C_Chk1(norm)=0.59568;
pChk1_ref12_5_24h(norm)=0.52981;
pChk1_ref100_24h(norm)=0.52833;
pChk1_ref100_48h(norm)=0.49568;
kd_pChk1(norm)=0.69011;
k_cdc25(norm)=0.52041;
K_cdc25(norm)=0.56236;
kf_p53(norm)=0.62257;
k_p53(norm)=0.60158;
K_ATR(norm)=0.81811;
p53ser46_ref50_72h(norm)=0.58724;
kp_ser46(norm)=0.33370;
K_p53(norm)=0.30581;
upAsy(norm)=0.37820;
sness(norm)=0.56953;
k_apop(norm)=0.61106;
tED50(norm)=0.51819;
cell_pop_norm0_Jack_MGMT_P(norm)=0.13308;
k_dis(norm)=0.60478;

%%%%%%%%%

TMZout0_Ka_XTMZ=34.4316125989;
MGMT_P0=2.1352157719;
k_MGMT=56.4621392538;
k_addO=0.0110368528;
k_addN=0.1633795202;
DSB_72h_fac=1.1175485463;
k_DSBO=0.0003863850;
k_DSBN=0.0000327224;
k_CyA=2.0491827596;
fVX=0.0015331166;
kf_ATR_MGMT_P=0.0000112194;
k_ATR=0.0386706696;
K_add=0.0000903568;
kd_pATR=0.0028063186;
k_Chk1=274.6439576386;
C_Chk1=0.7616235789;
pChk1_ref12_5_24h=0.0084328411;
pChk1_ref100_24h=0.0084718419;
pChk1_ref100_48h=0.0099600138;
kd_pChk1=0.0666049803;
k_cdc25=200.6656285132;
K_cdc25=1.3408869292;
kf_p53=0.0004865188;
k_p53=30.9894925287;
K_ATR=0.0005924867;
p53ser46_ref50_72h=0.0003863553;
kp_ser46=2.4970403357;
K_p53=0.4610961513;
upAsy=0.2361118222;
sness=0.0053012269;
k_apop=0.0630765907;
tED50=390.7233396615;
cell_pop_norm0_Jack_MGMT_P=73.4028395439;
k_dis=0.0159697614;

%%%%%%%%%

cost=124.7878757194;

%%%%%%%%%

