TMZout0_Ka_XTMZ(norm)=0.32222;
MGMT_P0(norm)=0.03346;
k_MGMT(norm)=0.58867;
k_addO(norm)=0.00010;
k_addN(norm)=0.61254;
DSB_72h_fac(norm)=0.00010;
k_DSBO(norm)=0.39544;
k_DSBN(norm)=0.17928;
k_CyA(norm)=0.40839;
fVX(norm)=0.05322;
kf_ATR_MGMT_P(norm)=0.75561;
k_ATR(norm)=0.84803;
K_add(norm)=0.67648;
kd_pATR(norm)=0.09310;
k_Chk1(norm)=0.47169;
C_Chk1(norm)=0.87823;
pChk1_ref12_5_24h(norm)=0.51866;
pChk1_ref100_24h(norm)=0.76788;
pChk1_ref100_48h(norm)=0.98193;
kd_pChk1(norm)=0.72035;
k_cdc25(norm)=0.33045;
K_cdc25(norm)=0.16911;
kf_p53(norm)=0.40480;
k_p53(norm)=0.47324;
K_ATR(norm)=0.11192;
p53ser46_ref50_72h(norm)=0.24246;
kp_ser46(norm)=0.66521;
K_p53(norm)=0.82618;
upAsy(norm)=0.57446;
sness(norm)=0.76728;
k_apop(norm)=0.49703;
tED50(norm)=0.79088;
cell_pop_norm0_Jack_MGMT_P(norm)=0.51180;
k_dis(norm)=0.56167;

%%%%%%%%%

TMZout0_Ka_XTMZ=33.3801459481;
MGMT_P0=1.3964373098;
k_MGMT=39.3582173356;
k_addO=0.0062012245;
k_addN=0.1172395827;
DSB_72h_fac=0.6550158473;
k_DSBO=0.0002759094;
k_DSBN=0.0000290104;
k_CyA=2.0168546254;
fVX=0.0008098192;
kf_ATR_MGMT_P=0.0000123581;
k_ATR=0.0307628469;
K_add=0.0000808148;
kd_pATR=0.0022290225;
k_Chk1=366.8442671939;
C_Chk1=0.9728796749;
pChk1_ref12_5_24h=0.0073311418;
pChk1_ref100_24h=0.0090696614;
pChk1_ref100_48h=0.0126759350;
kd_pChk1=0.0853747663;
k_cdc25=205.2061354843;
K_cdc25=0.9268104248;
kf_p53=0.0005070425;
k_p53=33.4824572638;
K_ATR=0.0003154092;
p53ser46_ref50_72h=0.0003507102;
kp_ser46=3.6028148211;
K_p53=0.7558869357;
upAsy=0.2467231537;
sness=0.0044458349;
k_apop=0.0612869377;
tED50=519.7472243472;
cell_pop_norm0_Jack_MGMT_P=84.0187749209;
k_dis=0.0160094660;

%%%%%%%%%

cost=465.7258531352;

%%%%%%%%%

