TMZout0_Ka_XTMZ(norm)=0.51998;
MGMT_P0(norm)=0.79496;
k_MGMT(norm)=0.70846;
k_addO(norm)=0.09452;
k_addN(norm)=0.38570;
DSB_72h_fac(norm)=0.24955;
k_DSBO(norm)=0.57280;
k_DSBN(norm)=0.73487;
k_CyA(norm)=0.64634;
fVX(norm)=0.46638;
kf_ATR_MGMT_P(norm)=0.83866;
k_ATR(norm)=1.00000;
K_add(norm)=0.50863;
kd_pATR(norm)=0.74392;
k_Chk1(norm)=0.12430;
C_Chk1(norm)=0.80979;
pChk1_ref12_5_24h(norm)=0.19178;
pChk1_ref100_24h(norm)=0.68439;
pChk1_ref100_48h(norm)=0.88318;
kd_pChk1(norm)=0.13666;
k_cdc25(norm)=0.64580;
K_cdc25(norm)=0.66070;
kf_p53(norm)=0.47377;
k_p53(norm)=0.14425;
K_ATR(norm)=0.47874;
p53ser46_ref50_72h(norm)=0.42196;
kp_ser46(norm)=0.94096;
K_p53(norm)=0.68005;
upAsy(norm)=0.46270;
sness(norm)=0.58442;
k_apop(norm)=0.69951;
tED50(norm)=0.36183;
cell_pop_norm0_Jack_MGMT_P(norm)=0.57347;
k_dis(norm)=0.57346;

%%%%%%%%%

TMZout0_Ka_XTMZ=34.9304948800;
MGMT_P0=2.2007926835;
k_MGMT=52.0760971453;
k_addO=0.0073063516;
k_addN=0.1279885124;
DSB_72h_fac=0.8109193125;
k_DSBO=0.0003099137;
k_DSBN=0.0000419028;
k_CyA=2.1483097690;
fVX=0.0012752199;
kf_ATR_MGMT_P=0.0000134591;
k_ATR=0.0295416857;
K_add=0.0000657182;
kd_pATR=0.0044364151;
k_Chk1=325.0171116478;
C_Chk1=0.8999930280;
pChk1_ref12_5_24h=0.0054596172;
pChk1_ref100_24h=0.0083065395;
pChk1_ref100_48h=0.0111140822;
kd_pChk1=0.0558308751;
k_cdc25=253.8957733126;
K_cdc25=1.4379097632;
kf_p53=0.0006287791;
k_p53=25.5670196185;
K_ATR=0.0003791035;
p53ser46_ref50_72h=0.0004744348;
kp_ser46=5.1977236796;
K_p53=0.5738751823;
upAsy=0.2271214028;
sness=0.0041608047;
k_apop=0.0702928108;
tED50=308.3326737303;
cell_pop_norm0_Jack_MGMT_P=85.8874254928;
k_dis=0.0160520677;

%%%%%%%%%

cost=219.7165804409;

%%%%%%%%%

