TMZout0_Ka_XTMZ(norm)=0.54282;
MGMT_P0(norm)=0.50153;
k_MGMT(norm)=0.27007;
k_addO(norm)=0.45204;
k_addN(norm)=0.68724;
DSB_72h_fac(norm)=0.52916;
k_DSBO(norm)=0.67710;
k_DSBN(norm)=0.42881;
k_CyA(norm)=1.00000;
fVX(norm)=0.11652;
kf_ATR_MGMT_P(norm)=0.86835;
k_ATR(norm)=0.65714;
K_add(norm)=0.93698;
kd_pATR(norm)=0.00010;
k_Chk1(norm)=0.23123;
C_Chk1(norm)=0.58555;
pChk1_ref12_5_24h(norm)=0.37699;
pChk1_ref100_24h(norm)=0.49572;
pChk1_ref100_48h(norm)=0.38893;
kd_pChk1(norm)=0.95109;
k_cdc25(norm)=0.49211;
K_cdc25(norm)=0.82049;
kf_p53(norm)=0.36392;
k_p53(norm)=0.11115;
K_ATR(norm)=0.17296;
p53ser46_ref50_72h(norm)=0.55552;
kp_ser46(norm)=0.51775;
K_p53(norm)=0.75534;
upAsy(norm)=0.40570;
sness(norm)=0.00010;
k_apop(norm)=0.77951;
tED50(norm)=0.53365;
cell_pop_norm0_Jack_MGMT_P(norm)=0.00010;
k_dis(norm)=0.29691;

%%%%%%%%%

TMZout0_Ka_XTMZ=35.1141368112;
MGMT_P0=1.8337875115;
k_MGMT=35.9188462241;
k_addO=0.0098914591;
k_addN=0.1652463432;
DSB_72h_fac=0.9938854126;
k_DSBO=0.0003385495;
k_DSBN=0.0000323311;
k_CyA=2.8989184694;
fVX=0.0009480815;
kf_ATR_MGMT_P=0.0000138019;
k_ATR=0.0220937687;
K_add=0.0000944737;
kd_pATR=0.0023622425;
k_Chk1=355.8391497401;
C_Chk1=0.7442589643;
pChk1_ref12_5_24h=0.0063872488;
pChk1_ref100_24h=0.0070793823;
pChk1_ref100_48h=0.0073114439;
kd_pChk1=0.1113184085;
k_cdc25=222.8942774350;
K_cdc25=1.6463725688;
kf_p53=0.0005728929;
k_p53=24.8598472703;
K_ATR=0.0002925760;
p53ser46_ref50_72h=0.0005312800;
kp_ser46=3.6314815653;
K_p53=0.6116793218;
upAsy=0.2164142804;
sness=0.0025360710;
k_apop=0.0752224049;
tED50=356.6518055268;
cell_pop_norm0_Jack_MGMT_P=70.0024967691;
k_dis=0.0126989127;

%%%%%%%%%

cost=257.9918066210;

%%%%%%%%%

