TMZout0_Ka_XTMZ(norm)=0.00010;
MGMT_P0(norm)=0.63316;
k_MGMT(norm)=0.48855;
k_addO(norm)=0.07867;
k_addN(norm)=0.90000;
DSB_72h_fac(norm)=0.20817;
k_DSBO(norm)=0.00010;
k_DSBN(norm)=0.39595;
k_CyA(norm)=0.21849;
fVX(norm)=0.63564;
kf_ATR_MGMT_P(norm)=0.93946;
k_ATR(norm)=0.59594;
K_add(norm)=0.50022;
kd_pATR(norm)=0.00010;
k_Chk1(norm)=0.59604;
C_Chk1(norm)=1.00000;
pChk1_ref12_5_24h(norm)=0.42296;
pChk1_ref100_24h(norm)=0.80367;
pChk1_ref100_48h(norm)=0.92159;
kd_pChk1(norm)=0.13545;
k_cdc25(norm)=0.44060;
K_cdc25(norm)=0.00010;
kf_p53(norm)=0.47551;
k_p53(norm)=0.71298;
K_ATR(norm)=0.46803;
p53ser46_ref50_72h(norm)=0.00010;
kp_ser46(norm)=0.82178;
K_p53(norm)=0.85204;
upAsy(norm)=0.17666;
sness(norm)=0.55562;
k_apop(norm)=0.39812;
tED50(norm)=0.31726;
cell_pop_norm0_Jack_MGMT_P(norm)=0.65721;
k_dis(norm)=0.15205;

%%%%%%%%%

TMZout0_Ka_XTMZ=31.0007116889;
MGMT_P0=1.9901739450;
k_MGMT=43.2232974156;
k_addO=0.0072089299;
k_addN=0.1978892248;
DSB_72h_fac=0.7868621197;
k_DSBO=0.0001907665;
k_DSBN=0.0000314433;
k_CyA=1.4950590776;
fVX=0.0014718760;
kf_ATR_MGMT_P=0.0000146591;
k_ATR=0.0209773572;
K_add=0.0000652518;
kd_pATR=0.0023622425;
k_Chk1=484.7249354307;
C_Chk1=1.0573793404;
pChk1_ref12_5_24h=0.0066409127;
pChk1_ref100_24h=0.0091899369;
pChk1_ref100_48h=0.0114817699;
kd_pChk1=0.0557736412;
k_cdc25=213.3765203497;
K_cdc25=0.8215711239;
kf_p53=0.0006297030;
k_p53=41.3961990104;
K_ATR=0.0003756806;
p53ser46_ref50_72h=0.0003318488;
kp_ser46=4.6985026565;
K_p53=0.6639054947;
upAsy=0.1782389188;
sness=0.0040604926;
k_apop=0.0544510819;
tED50=296.9039774464;
cell_pop_norm0_Jack_MGMT_P=88.4912825800;
k_dis=0.0112321318;

%%%%%%%%%

cost=509.0048594672;

%%%%%%%%%

