TMZout0_Ka_XTMZ(norm)=0.15643;
MGMT_P0(norm)=0.17468;
k_MGMT(norm)=0.00010;
k_addO(norm)=0.39627;
k_addN(norm)=0.27012;
DSB_72h_fac(norm)=0.27178;
k_DSBO(norm)=0.65405;
k_DSBN(norm)=0.85272;
k_CyA(norm)=0.70462;
fVX(norm)=0.42590;
kf_ATR_MGMT_P(norm)=0.33247;
k_ATR(norm)=1.00000;
K_add(norm)=0.34893;
kd_pATR(norm)=0.62052;
k_Chk1(norm)=0.27599;
C_Chk1(norm)=0.87680;
pChk1_ref12_5_24h(norm)=0.00010;
pChk1_ref100_24h(norm)=0.72646;
pChk1_ref100_48h(norm)=0.58160;
kd_pChk1(norm)=0.57020;
k_cdc25(norm)=0.00010;
K_cdc25(norm)=0.68955;
kf_p53(norm)=0.42021;
k_p53(norm)=0.76916;
K_ATR(norm)=0.00608;
p53ser46_ref50_72h(norm)=0.47604;
kp_ser46(norm)=0.18298;
K_p53(norm)=0.27230;
upAsy(norm)=0.88643;
sness(norm)=1.00000;
k_apop(norm)=0.62165;
tED50(norm)=0.45831;
cell_pop_norm0_Jack_MGMT_P(norm)=0.10688;
k_dis(norm)=0.31693;

%%%%%%%%%

TMZout0_Ka_XTMZ=32.1335147813;
MGMT_P0=1.5952112661;
k_MGMT=25.4963091117;
k_addO=0.0092994677;
k_addN=0.1070486808;
DSB_72h_fac=0.8102496711;
k_DSBO=0.0003375702;
k_DSBN=0.0000520198;
k_CyA=2.2927724061;
fVX=0.0012004953;
kf_ATR_MGMT_P=0.0000087765;
k_ATR=0.0270288705;
K_add=0.0000594014;
kd_pATR=0.0032738006;
k_Chk1=335.0807993971;
C_Chk1=0.9540581129;
pChk1_ref12_5_24h=0.0043322609;
pChk1_ref100_24h=0.0080271984;
pChk1_ref100_48h=0.0083380231;
kd_pChk1=0.0774843521;
k_cdc25=180.2280146999;
K_cdc25=1.4633538480;
kf_p53=0.0005847987;
k_p53=35.0752769026;
K_ATR=0.0002108793;
p53ser46_ref50_72h=0.0005040921;
kp_ser46=3.0271661156;
K_p53=0.6342293264;
upAsy=0.3580977484;
sness=0.0056126384;
k_apop=0.0655032366;
tED50=367.8720719542;
cell_pop_norm0_Jack_MGMT_P=72.7200492418;
k_dis=0.0129517188;

%%%%%%%%%

cost=1080.1429641334;

%%%%%%%%%

