TMZout0_Ka_XTMZ(norm)=0.41513;
MGMT_P0(norm)=0.47529;
k_MGMT(norm)=0.00010;
k_addO(norm)=0.52790;
k_addN(norm)=0.57106;
DSB_72h_fac(norm)=0.61282;
k_DSBO(norm)=0.17294;
k_DSBN(norm)=0.51332;
k_CyA(norm)=0.47767;
fVX(norm)=0.21720;
kf_ATR_MGMT_P(norm)=0.63488;
k_ATR(norm)=0.55010;
K_add(norm)=0.48491;
kd_pATR(norm)=0.59289;
k_Chk1(norm)=0.66093;
C_Chk1(norm)=0.02779;
pChk1_ref12_5_24h(norm)=0.11765;
pChk1_ref100_24h(norm)=0.66910;
pChk1_ref100_48h(norm)=0.64905;
kd_pChk1(norm)=0.63739;
k_cdc25(norm)=0.65522;
K_cdc25(norm)=0.00010;
kf_p53(norm)=0.35770;
k_p53(norm)=0.40513;
K_ATR(norm)=0.14584;
p53ser46_ref50_72h(norm)=0.57021;
kp_ser46(norm)=0.46666;
K_p53(norm)=0.52158;
upAsy(norm)=0.49985;
sness(norm)=0.56660;
k_apop(norm)=0.39066;
tED50(norm)=0.88098;
cell_pop_norm0_Jack_MGMT_P(norm)=0.13890;
k_dis(norm)=0.49360;

%%%%%%%%%

TMZout0_Ka_XTMZ=34.0997435881;
MGMT_P0=1.8041167487;
k_MGMT=28.5745592480;
k_addO=0.0105481505;
k_addN=0.1497542646;
DSB_72h_fac=1.0562656208;
k_DSBO=0.0002208533;
k_DSBN=0.0000347311;
k_CyA=1.8622153224;
fVX=0.0010325071;
kf_ATR_MGMT_P=0.0000113247;
k_ATR=0.0201782571;
K_add=0.0000644109;
kd_pATR=0.0039035326;
k_Chk1=512.1240706425;
C_Chk1=0.4639590332;
pChk1_ref12_5_24h=0.0051272438;
pChk1_ref100_24h=0.0081996470;
pChk1_ref100_48h=0.0091142282;
kd_pChk1=0.0853353992;
k_cdc25=255.9303626525;
K_cdc25=0.8215711239;
kf_p53=0.0005698825;
k_p53=31.8915907619;
K_ATR=0.0002859296;
p53ser46_ref50_72h=0.0005379316;
kp_ser46=3.4776305521;
K_p53=0.5017697772;
upAsy=0.2343855754;
sness=0.0040984662;
k_apop=0.0541078706;
tED50=478.6884071033;
cell_pop_norm0_Jack_MGMT_P=73.5552416566;
k_dis=0.0150018286;

%%%%%%%%%

cost=203.7115368326;

%%%%%%%%%

