TMZout0_Ka_XTMZ(norm)=0.72679;
MGMT_P0(norm)=0.89722;
k_MGMT(norm)=0.26592;
k_addO(norm)=0.51410;
k_addN(norm)=0.50699;
DSB_72h_fac(norm)=0.64633;
k_DSBO(norm)=0.54705;
k_DSBN(norm)=0.56574;
k_CyA(norm)=0.93038;
fVX(norm)=0.98080;
kf_ATR_MGMT_P(norm)=0.58419;
k_ATR(norm)=0.80957;
K_add(norm)=0.63026;
kd_pATR(norm)=0.59839;
k_Chk1(norm)=0.53368;
C_Chk1(norm)=0.61707;
pChk1_ref12_5_24h(norm)=0.40351;
pChk1_ref100_24h(norm)=0.41128;
pChk1_ref100_48h(norm)=0.42553;
kd_pChk1(norm)=0.85569;
k_cdc25(norm)=0.71660;
K_cdc25(norm)=0.52508;
kf_p53(norm)=0.61155;
k_p53(norm)=0.64214;
K_ATR(norm)=0.77643;
p53ser46_ref50_72h(norm)=0.61936;
kp_ser46(norm)=0.48984;
K_p53(norm)=0.12478;
upAsy(norm)=0.58017;
sness(norm)=0.50592;
k_apop(norm)=0.69234;
tED50(norm)=0.58967;
cell_pop_norm0_Jack_MGMT_P(norm)=0.18660;
k_dis(norm)=0.62147;

%%%%%%%%%

TMZout0_Ka_XTMZ=36.6290126993;
MGMT_P0=2.3452499136;
k_MGMT=35.7928928192;
k_addO=0.0104255539;
k_addN=0.1418418658;
DSB_72h_fac=1.0823392090;
k_DSBO=0.0003032269;
k_DSBN=0.0000363084;
k_CyA=2.7328520489;
fVX=0.0019718864;
kf_ATR_MGMT_P=0.0000108487;
k_ATR=0.0251397159;
K_add=0.0000728526;
kd_pATR=0.0039217657;
k_Chk1=459.7777102139;
C_Chk1=0.7643983512;
pChk1_ref12_5_24h=0.0065323891;
pChk1_ref100_24h=0.0065905752;
pChk1_ref100_48h=0.0075417442;
kd_pChk1=0.1026739990;
k_cdc25=269.5910910373;
K_cdc25=1.2818140685;
kf_p53=0.0007066384;
k_p53=38.9845728160;
K_ATR=0.0004878687;
p53ser46_ref50_72h=0.0005608049;
kp_ser46=3.5466203271;
K_p53=0.3585019266;
upAsy=0.2508916922;
sness=0.0038930535;
k_apop=0.0698670725;
tED50=373.9865433581;
cell_pop_norm0_Jack_MGMT_P=74.8174746967;
k_dis=0.0167184764;

%%%%%%%%%

cost=123.1989927147;

%%%%%%%%%

