TMZout0_Ka_XTMZ(norm)=0.23128;
MGMT_P0(norm)=0.13239;
k_MGMT(norm)=0.73167;
k_addO(norm)=0.57646;
k_addN(norm)=0.28354;
DSB_72h_fac(norm)=0.52904;
k_DSBO(norm)=0.40038;
k_DSBN(norm)=0.68741;
k_CyA(norm)=0.32273;
fVX(norm)=0.45107;
kf_ATR_MGMT_P(norm)=0.81823;
k_ATR(norm)=0.71459;
K_add(norm)=0.43491;
kd_pATR(norm)=0.38173;
k_Chk1(norm)=0.95892;
C_Chk1(norm)=0.90396;
pChk1_ref12_5_24h(norm)=0.45871;
pChk1_ref100_24h(norm)=0.53871;
pChk1_ref100_48h(norm)=0.67087;
kd_pChk1(norm)=0.98522;
k_cdc25(norm)=0.48977;
K_cdc25(norm)=0.17577;
kf_p53(norm)=0.30247;
k_p53(norm)=0.13186;
K_ATR(norm)=0.37988;
p53ser46_ref50_72h(norm)=0.30189;
kp_ser46(norm)=0.73988;
K_p53(norm)=0.27019;
upAsy(norm)=0.47936;
sness(norm)=0.57085;
k_apop(norm)=0.50321;
tED50(norm)=0.45537;
cell_pop_norm0_Jack_MGMT_P(norm)=0.48475;
k_dis(norm)=0.50743;

%%%%%%%%%

TMZout0_Ka_XTMZ=32.6904360679;
MGMT_P0=1.4577406263;
k_MGMT=53.1104356789;
k_addO=0.0109912234;
k_addN=0.1173762245;
DSB_72h_fac=0.9937980968;
k_DSBO=0.0002677906;
k_DSBN=0.0000402513;
k_CyA=1.6331115035;
fVX=0.0012587921;
kf_ATR_MGMT_P=0.0000132281;
k_ATR=0.0231958540;
K_add=0.0000617393;
kd_pATR=0.0032640262;
k_Chk1=659.2161870320;
C_Chk1=0.9747417601;
pChk1_ref12_5_24h=0.0068451911;
pChk1_ref100_24h=0.0073420271;
pChk1_ref100_48h=0.0092842971;
kd_pChk1=0.1145843358;
k_cdc25=222.4526077718;
K_cdc25=0.9534273320;
kf_p53=0.0005438307;
k_p53=25.2999808886;
K_ATR=0.0003486436;
p53ser46_ref50_72h=0.0004285413;
kp_ser46=4.3835006828;
K_p53=0.4055055843;
upAsy=0.2303508831;
sness=0.0041132514;
k_apop=0.0595219160;
tED50=333.7635436943;
cell_pop_norm0_Jack_MGMT_P=83.2122546680;
k_dis=0.0151787449;

%%%%%%%%%

cost=224.1313391595;

%%%%%%%%%

