TMZout0_Ka_XTMZ(norm)=0.81669;
MGMT_P0(norm)=0.72664;
k_MGMT(norm)=0.67722;
k_addO(norm)=0.19864;
k_addN(norm)=0.64993;
DSB_72h_fac(norm)=0.50834;
k_DSBO(norm)=0.73543;
k_DSBN(norm)=0.27339;
k_CyA(norm)=0.65269;
fVX(norm)=0.60010;
kf_ATR_MGMT_P(norm)=0.61915;
k_ATR(norm)=0.62505;
K_add(norm)=0.79876;
kd_pATR(norm)=0.18767;
k_Chk1(norm)=0.27367;
C_Chk1(norm)=0.81555;
pChk1_ref12_5_24h(norm)=0.41087;
pChk1_ref100_24h(norm)=0.41455;
pChk1_ref100_48h(norm)=0.72501;
kd_pChk1(norm)=0.37782;
k_cdc25(norm)=0.38679;
K_cdc25(norm)=0.39433;
kf_p53(norm)=0.60674;
k_p53(norm)=0.75285;
K_ATR(norm)=0.51307;
p53ser46_ref50_72h(norm)=0.65246;
kp_ser46(norm)=0.59067;
K_p53(norm)=0.91221;
upAsy(norm)=0.00010;
sness(norm)=0.11001;
k_apop(norm)=0.89706;
tED50(norm)=0.23142;
cell_pop_norm0_Jack_MGMT_P(norm)=0.17412;
k_dis(norm)=0.80080;

%%%%%%%%%

TMZout0_Ka_XTMZ=37.3927662369;
MGMT_P0=2.1092652263;
k_MGMT=50.7158928027;
k_addO=0.0079802534;
k_addN=0.1601039477;
DSB_72h_fac=0.9789436417;
k_DSBO=0.0003557032;
k_DSBN=0.0000283420;
k_CyA=2.1599035485;
fVX=0.0014282118;
kf_ATR_MGMT_P=0.0000111748;
k_ATR=0.0215012025;
K_add=0.0000840324;
kd_pATR=0.0027691431;
k_Chk1=368.8696707122;
C_Chk1=0.9043907863;
pChk1_ref12_5_24h=0.0065732744;
pChk1_ref100_24h=0.0066088475;
pChk1_ref100_48h=0.0097200977;
kd_pChk1=0.0684884149;
k_cdc25=203.8654894651;
K_cdc25=1.1473921628;
kf_p53=0.0007037615;
k_p53=42.8184996813;
K_ATR=0.0003902917;
p53ser46_ref50_72h=0.0005767600;
kp_ser46=3.8629296459;
K_p53=0.6986268964;
upAsy=0.1534735768;
sness=0.0027835920;
k_apop=0.0831002901;
tED50=276.0775582683;
cell_pop_norm0_Jack_MGMT_P=74.4851451042;
k_dis=0.0194619429;

%%%%%%%%%

cost=238.3114225841;

%%%%%%%%%

