TMZout0_Ka_XTMZ(norm)=0.90037;
MGMT_P0(norm)=0.39527;
k_MGMT(norm)=0.00010;
k_addO(norm)=0.50467;
k_addN(norm)=0.59035;
DSB_72h_fac(norm)=0.39231;
k_DSBO(norm)=0.41145;
k_DSBN(norm)=0.64914;
k_CyA(norm)=0.59827;
fVX(norm)=0.30492;
kf_ATR_MGMT_P(norm)=0.69932;
k_ATR(norm)=0.86887;
K_add(norm)=0.49369;
kd_pATR(norm)=0.40324;
k_Chk1(norm)=0.68378;
C_Chk1(norm)=0.83085;
pChk1_ref12_5_24h(norm)=0.53485;
pChk1_ref100_24h(norm)=0.55288;
pChk1_ref100_48h(norm)=0.94093;
kd_pChk1(norm)=0.36694;
k_cdc25(norm)=0.22311;
K_cdc25(norm)=0.25266;
kf_p53(norm)=0.35555;
k_p53(norm)=0.76116;
K_ATR(norm)=0.55095;
p53ser46_ref50_72h(norm)=0.76646;
kp_ser46(norm)=1.00000;
K_p53(norm)=0.02321;
upAsy(norm)=0.69847;
sness(norm)=0.48239;
k_apop(norm)=0.32831;
tED50(norm)=0.22834;
cell_pop_norm0_Jack_MGMT_P(norm)=0.09504;
k_dis(norm)=0.80225;

%%%%%%%%%

TMZout0_Ka_XTMZ=38.1181393521;
MGMT_P0=1.7165624739;
k_MGMT=28.5745592480;
k_addO=0.0103425563;
k_addN=0.1522225728;
DSB_72h_fac=0.8996852029;
k_DSBO=0.0002703142;
k_DSBN=0.0000389671;
k_CyA=2.0625708311;
fVX=0.0011121736;
kf_ATR_MGMT_P=0.0000119603;
k_ATR=0.0264352232;
K_add=0.0000648920;
kd_pATR=0.0033240646;
k_Chk1=522.1364741994;
C_Chk1=0.9161932890;
pChk1_ref12_5_24h=0.0073013481;
pChk1_ref100_24h=0.0074306749;
pChk1_ref100_48h=0.0116715022;
kd_pChk1=0.0678595554;
k_cdc25=177.4648986641;
K_cdc25=1.0176116527;
kf_p53=0.0005688467;
k_p53=43.1208556633;
K_ATR=0.0004030238;
p53ser46_ref50_72h=0.0006352465;
kp_ser46=5.4643701630;
K_p53=0.3289379288;
upAsy=0.2773421581;
sness=0.0038162213;
k_apop=0.0513236611;
tED50=275.3568687245;
cell_pop_norm0_Jack_MGMT_P=72.4134965302;
k_dis=0.0194859776;

%%%%%%%%%

cost=322.3090641145;

%%%%%%%%%

