TMZout0_Ka_XTMZ(norm)=0.07813;
MGMT_P0(norm)=0.86474;
k_MGMT(norm)=0.47899;
k_addO(norm)=0.62714;
k_addN(norm)=0.45763;
DSB_72h_fac(norm)=0.65078;
k_DSBO(norm)=0.60565;
k_DSBN(norm)=0.61522;
k_CyA(norm)=0.31930;
fVX(norm)=0.08199;
kf_ATR_MGMT_P(norm)=0.60593;
k_ATR(norm)=0.62499;
K_add(norm)=0.55738;
kd_pATR(norm)=0.70521;
k_Chk1(norm)=0.55893;
C_Chk1(norm)=0.60188;
pChk1_ref12_5_24h(norm)=0.63478;
pChk1_ref100_24h(norm)=0.62841;
pChk1_ref100_48h(norm)=0.58561;
kd_pChk1(norm)=0.60219;
k_cdc25(norm)=0.43536;
K_cdc25(norm)=0.66611;
kf_p53(norm)=0.61704;
k_p53(norm)=0.62817;
K_ATR(norm)=0.59254;
p53ser46_ref50_72h(norm)=0.62131;
kp_ser46(norm)=0.53246;
K_p53(norm)=0.95536;
upAsy(norm)=0.35731;
sness(norm)=0.07950;
k_apop(norm)=0.54112;
tED50(norm)=0.88748;
cell_pop_norm0_Jack_MGMT_P(norm)=0.13545;
k_dis(norm)=0.63100;

%%%%%%%%%

TMZout0_Ka_XTMZ=31.5610881133;
MGMT_P0=2.2778687508;
k_MGMT=46.4425508660;
k_addO=0.0107229443;
k_addN=0.1294351279;
DSB_72h_fac=1.0546804591;
k_DSBO=0.0003724338;
k_DSBN=0.0000363281;
k_CyA=2.2145536477;
fVX=0.0009493185;
kf_ATR_MGMT_P=0.0000111003;
k_ATR=0.0291584304;
K_add=0.0000883516;
kd_pATR=0.0021970651;
k_Chk1=311.7262242002;
C_Chk1=0.7656373520;
pChk1_ref12_5_24h=0.0092172539;
pChk1_ref100_24h=0.0092215313;
pChk1_ref100_48h=0.0107486417;
kd_pChk1=0.0618235320;
k_cdc25=186.7150811336;
K_cdc25=1.4640904338;
kf_p53=0.0004842457;
k_p53=31.6955881294;
K_ATR=0.0004894136;
p53ser46_ref50_72h=0.0003976717;
kp_ser46=2.9550615334;
K_p53=0.7994909707;
upAsy=0.2319692674;
sness=0.0034999164;
k_apop=0.0594471881;
tED50=534.2676874232;
cell_pop_norm0_Jack_MGMT_P=73.4649165785;
k_dis=0.0163283967;

%%%%%%%%%

cost=124.9616784683;

%%%%%%%%%

