TMZout0_Ka_XTMZ(norm)=0.00059;
MGMT_P0(norm)=0.50298;
k_MGMT(norm)=0.28750;
k_addO(norm)=0.69267;
k_addN(norm)=0.49311;
DSB_72h_fac(norm)=0.67923;
k_DSBO(norm)=0.52897;
k_DSBN(norm)=0.51198;
k_CyA(norm)=0.00010;
fVX(norm)=0.15280;
kf_ATR_MGMT_P(norm)=0.61730;
k_ATR(norm)=0.61103;
K_add(norm)=0.75257;
kd_pATR(norm)=0.25573;
k_Chk1(norm)=0.44234;
C_Chk1(norm)=0.56809;
pChk1_ref12_5_24h(norm)=0.59888;
pChk1_ref100_24h(norm)=0.80305;
pChk1_ref100_48h(norm)=0.61638;
kd_pChk1(norm)=0.82776;
k_cdc25(norm)=0.42119;
K_cdc25(norm)=1.00000;
kf_p53(norm)=0.79693;
k_p53(norm)=0.75727;
K_ATR(norm)=0.61613;
p53ser46_ref50_72h(norm)=0.29717;
kp_ser46(norm)=0.36474;
K_p53(norm)=0.26932;
upAsy(norm)=0.44395;
sness(norm)=0.20128;
k_apop(norm)=0.48813;
tED50(norm)=0.75989;
cell_pop_norm0_Jack_MGMT_P(norm)=0.23498;
k_dis(norm)=0.72769;

%%%%%%%%%

TMZout0_Ka_XTMZ=31.0042119142;
MGMT_P0=1.9073668713;
k_MGMT=32.5262766210;
k_addO=0.0119544451;
k_addN=0.1293114039;
DSB_72h_fac=1.1002964844;
k_DSBO=0.0003036255;
k_DSBN=0.0000389748;
k_CyA=1.2621549907;
fVX=0.0009525067;
kf_ATR_MGMT_P=0.0000111720;
k_ATR=0.0194400036;
K_add=0.0000836233;
kd_pATR=0.0024033460;
k_Chk1=385.7998611017;
C_Chk1=0.7344741934;
pChk1_ref12_5_24h=0.0071953172;
pChk1_ref100_24h=0.0085654600;
pChk1_ref100_48h=0.0085874001;
kd_pChk1=0.0963810433;
k_cdc25=257.4981360117;
K_cdc25=1.9036550126;
kf_p53=0.0008046974;
k_p53=34.7236861142;
K_ATR=0.0003536055;
p53ser46_ref50_72h=0.0004332009;
kp_ser46=3.5311962899;
K_p53=0.6326268425;
upAsy=0.2461385665;
sness=0.0028526998;
k_apop=0.0584967833;
tED50=474.9784094240;
cell_pop_norm0_Jack_MGMT_P=76.1195366344;
k_dis=0.0183432698;

%%%%%%%%%

cost=259.0476335576;

%%%%%%%%%

