TMZout0_Ka_XTMZ(norm)=0.35704;
MGMT_P0(norm)=0.73060;
k_MGMT(norm)=0.36229;
k_addO(norm)=0.60669;
k_addN(norm)=0.54882;
DSB_72h_fac(norm)=0.25146;
k_DSBO(norm)=0.60767;
k_DSBN(norm)=0.37104;
k_CyA(norm)=0.51712;
fVX(norm)=0.60513;
kf_ATR_MGMT_P(norm)=1.00000;
k_ATR(norm)=0.05876;
K_add(norm)=0.41185;
kd_pATR(norm)=0.30659;
k_Chk1(norm)=0.97361;
C_Chk1(norm)=0.50475;
pChk1_ref12_5_24h(norm)=0.31105;
pChk1_ref100_24h(norm)=0.46950;
pChk1_ref100_48h(norm)=0.50327;
kd_pChk1(norm)=0.35640;
k_cdc25(norm)=1.00000;
K_cdc25(norm)=0.33461;
kf_p53(norm)=0.60698;
k_p53(norm)=0.54541;
K_ATR(norm)=0.26361;
p53ser46_ref50_72h(norm)=0.36443;
kp_ser46(norm)=0.23852;
K_p53(norm)=0.47586;
upAsy(norm)=0.36900;
sness(norm)=0.61221;
k_apop(norm)=0.72938;
tED50(norm)=0.70727;
cell_pop_norm0_Jack_MGMT_P(norm)=0.24173;
k_dis(norm)=0.39124;

%%%%%%%%%

TMZout0_Ka_XTMZ=33.6480666849;
MGMT_P0=2.1589852937;
k_MGMT=34.6540047707;
k_addO=0.0111144980;
k_addN=0.1355609430;
DSB_72h_fac=0.7979836128;
k_DSBO=0.0003245621;
k_DSBN=0.0000345878;
k_CyA=1.9559706054;
fVX=0.0013973759;
kf_ATR_MGMT_P=0.0000154510;
k_ATR=0.0121750972;
K_add=0.0000626543;
kd_pATR=0.0025091892;
k_Chk1=605.1400646918;
C_Chk1=0.6960977134;
pChk1_ref12_5_24h=0.0056381324;
pChk1_ref100_24h=0.0064566978;
pChk1_ref100_48h=0.0078025882;
kd_pChk1=0.0646459467;
k_cdc25=420.4964042201;
K_cdc25=1.0832768550;
kf_p53=0.0006850702;
k_p53=29.0179064593;
K_ATR=0.0002623010;
p53ser46_ref50_72h=0.0004586050;
kp_ser46=3.1730351611;
K_p53=0.7536178248;
upAsy=0.2309932849;
sness=0.0040408333;
k_apop=0.0717637764;
tED50=454.2653346314;
cell_pop_norm0_Jack_MGMT_P=76.3031139039;
k_dis=0.0137934665;

%%%%%%%%%

cost=232.0046613794;

%%%%%%%%%

