TMZout0_Ka_XTMZ(norm)=0.72900;
MGMT_P0(norm)=0.66447;
k_MGMT(norm)=0.00010;
k_addO(norm)=0.81804;
k_addN(norm)=0.17177;
DSB_72h_fac(norm)=0.38291;
k_DSBO(norm)=0.53539;
k_DSBN(norm)=0.42586;
k_CyA(norm)=0.71663;
fVX(norm)=0.00010;
kf_ATR_MGMT_P(norm)=0.21725;
k_ATR(norm)=0.61167;
K_add(norm)=0.00010;
kd_pATR(norm)=0.71473;
k_Chk1(norm)=0.48452;
C_Chk1(norm)=0.69777;
pChk1_ref12_5_24h(norm)=0.49763;
pChk1_ref100_24h(norm)=0.65445;
pChk1_ref100_48h(norm)=0.20433;
kd_pChk1(norm)=0.27156;
k_cdc25(norm)=0.53689;
K_cdc25(norm)=1.00000;
kf_p53(norm)=0.83192;
k_p53(norm)=0.48257;
K_ATR(norm)=0.79231;
p53ser46_ref50_72h(norm)=0.10028;
kp_ser46(norm)=0.00010;
K_p53(norm)=1.00000;
upAsy(norm)=0.70969;
sness(norm)=0.69572;
k_apop(norm)=0.00010;
tED50(norm)=0.08434;
cell_pop_norm0_Jack_MGMT_P(norm)=0.19013;
k_dis(norm)=0.92211;

%%%%%%%%%

TMZout0_Ka_XTMZ=36.6475368028;
MGMT_P0=2.0826411804;
k_MGMT=25.4963091117;
k_addO=0.0132941874;
k_addN=0.0984895983;
DSB_72h_fac=0.8807737991;
k_DSBO=0.0003052817;
k_DSBN=0.0000362321;
k_CyA=2.3162085580;
fVX=0.0008369071;
kf_ATR_MGMT_P=0.0000079602;
k_ATR=0.0194504782;
K_add=0.0000442015;
kd_pATR=0.0035458300;
k_Chk1=399.8350238847;
C_Chk1=0.8197761221;
pChk1_ref12_5_24h=0.0066038215;
pChk1_ref100_24h=0.0075520746;
pChk1_ref100_48h=0.0060567107;
kd_pChk1=0.0601620005;
k_cdc25=284.0205077098;
K_cdc25=1.9036550126;
kf_p53=0.0008289071;
k_p53=27.5133189793;
K_ATR=0.0004105346;
p53ser46_ref50_72h=0.0003666389;
kp_ser46=2.5926400881;
K_p53=1.1749573564;
upAsy=0.3082939275;
sness=0.0043371138;
k_apop=0.0386854347;
tED50=267.9696571717;
cell_pop_norm0_Jack_MGMT_P=74.9115730615;
k_dis=0.0216282462;

%%%%%%%%%

cost=100000.0000000000;

%%%%%%%%%

