TMZout0_Ka_XTMZ(norm)=0.28391;
MGMT_P0(norm)=0.86160;
k_MGMT(norm)=0.90533;
k_addO(norm)=0.27791;
k_addN(norm)=0.66403;
DSB_72h_fac(norm)=0.41936;
k_DSBO(norm)=0.71456;
k_DSBN(norm)=0.48885;
k_CyA(norm)=0.87958;
fVX(norm)=0.40648;
kf_ATR_MGMT_P(norm)=0.82248;
k_ATR(norm)=0.93232;
K_add(norm)=0.60679;
kd_pATR(norm)=0.23487;
k_Chk1(norm)=0.22961;
C_Chk1(norm)=0.50947;
pChk1_ref12_5_24h(norm)=0.36173;
pChk1_ref100_24h(norm)=0.40150;
pChk1_ref100_48h(norm)=0.58919;
kd_pChk1(norm)=1.00000;
k_cdc25(norm)=0.02586;
K_cdc25(norm)=0.74230;
kf_p53(norm)=0.29460;
k_p53(norm)=0.57332;
K_ATR(norm)=0.50651;
p53ser46_ref50_72h(norm)=0.54906;
kp_ser46(norm)=0.44643;
K_p53(norm)=0.87914;
upAsy(norm)=0.38309;
sness(norm)=0.28124;
k_apop(norm)=0.41151;
tED50(norm)=0.71174;
cell_pop_norm0_Jack_MGMT_P(norm)=0.46512;
k_dis(norm)=0.63979;

%%%%%%%%%

TMZout0_Ka_XTMZ=33.0878530691;
MGMT_P0=2.2938774287;
k_MGMT=61.5297137619;
k_addO=0.0085346507;
k_addN=0.1620287125;
DSB_72h_fac=0.9175676436;
k_DSBO=0.0003494671;
k_DSBN=0.0000340185;
k_CyA=2.6177288292;
fVX=0.0012121212;
kf_ATR_MGMT_P=0.0000132758;
k_ATR=0.0278951544;
K_add=0.0000714182;
kd_pATR=0.0028821287;
k_Chk1=355.3524325940;
C_Chk1=0.6977920928;
pChk1_ref12_5_24h=0.0063051796;
pChk1_ref100_24h=0.0065362055;
pChk1_ref100_48h=0.0086634774;
kd_pChk1=0.1160280820;
k_cdc25=150.1511093986;
K_cdc25=1.5408372650;
kf_p53=0.0005402134;
k_p53=36.7762163982;
K_ATR=0.0003881300;
p53ser46_ref50_72h=0.0005283765;
kp_ser46=3.4185195672;
K_p53=0.6793260446;
upAsy=0.2123079519;
sness=0.0032182192;
k_apop=0.0550719174;
tED50=414.7390772637;
cell_pop_norm0_Jack_MGMT_P=82.6316651389;
k_dis=0.0169801411;

%%%%%%%%%

cost=180.0748265613;

%%%%%%%%%

