TMZout0_Ka_XTMZ(norm)=0.82542;
MGMT_P0(norm)=0.81831;
k_MGMT(norm)=0.52938;
k_addO(norm)=0.56708;
k_addN(norm)=0.92851;
DSB_72h_fac(norm)=0.75027;
k_DSBO(norm)=0.66572;
k_DSBN(norm)=0.28939;
k_CyA(norm)=0.53401;
fVX(norm)=0.86139;
kf_ATR_MGMT_P(norm)=0.61357;
k_ATR(norm)=0.30551;
K_add(norm)=0.54802;
kd_pATR(norm)=0.66757;
k_Chk1(norm)=0.66927;
C_Chk1(norm)=0.60117;
pChk1_ref12_5_24h(norm)=0.61222;
pChk1_ref100_24h(norm)=0.61371;
pChk1_ref100_48h(norm)=0.69954;
kd_pChk1(norm)=0.45092;
k_cdc25(norm)=0.19963;
K_cdc25(norm)=0.63857;
kf_p53(norm)=0.59804;
k_p53(norm)=0.69838;
K_ATR(norm)=0.40691;
p53ser46_ref50_72h(norm)=0.64143;
kp_ser46(norm)=0.86221;
K_p53(norm)=0.72994;
upAsy(norm)=0.57156;
sness(norm)=0.73383;
k_apop(norm)=0.55662;
tED50(norm)=0.46741;
cell_pop_norm0_Jack_MGMT_P(norm)=0.16153;
k_dis(norm)=0.59409;

%%%%%%%%%

TMZout0_Ka_XTMZ=37.4677872968;
MGMT_P0=2.2329690538;
k_MGMT=44.7448806854;
k_addO=0.0109041578;
k_addN=0.2027275387;
DSB_72h_fac=1.1673728965;
k_DSBO=0.0003353024;
k_DSBN=0.0000287289;
k_CyA=1.9532785780;
fVX=0.0017821334;
kf_ATR_MGMT_P=0.0000111221;
k_ATR=0.0164013566;
K_add=0.0000679485;
kd_pATR=0.0041585294;
k_Chk1=515.7564286524;
C_Chk1=0.7541748922;
pChk1_ref12_5_24h=0.0077960185;
pChk1_ref100_24h=0.0078237084;
pChk1_ref100_48h=0.0095125868;
kd_pChk1=0.0728641796;
k_cdc25=173.9702718247;
K_cdc25=1.4111996148;
kf_p53=0.0006985962;
k_p53=40.8872549486;
K_ATR=0.0003567180;
p53ser46_ref50_72h=0.0005713927;
kp_ser46=4.8622450035;
K_p53=0.5986552132;
upAsy=0.2490684705;
sness=0.0047223338;
k_apop=0.0622774552;
tED50=337.1860074315;
cell_pop_norm0_Jack_MGMT_P=74.1514841536;
k_dis=0.0163352154;

%%%%%%%%%

cost=123.2309631316;

%%%%%%%%%

