TMZout0_Ka_XTMZ(norm)=0.39940;
MGMT_P0(norm)=0.82820;
k_MGMT(norm)=0.61656;
k_addO(norm)=0.54711;
k_addN(norm)=0.26503;
DSB_72h_fac(norm)=0.82542;
k_DSBO(norm)=0.52731;
k_DSBN(norm)=0.88692;
k_CyA(norm)=0.72858;
fVX(norm)=0.57683;
kf_ATR_MGMT_P(norm)=0.59358;
k_ATR(norm)=0.35347;
K_add(norm)=0.56866;
kd_pATR(norm)=0.83423;
k_Chk1(norm)=0.62995;
C_Chk1(norm)=0.59230;
pChk1_ref12_5_24h(norm)=0.28347;
pChk1_ref100_24h(norm)=0.28419;
pChk1_ref100_48h(norm)=0.35022;
kd_pChk1(norm)=0.77122;
k_cdc25(norm)=0.93110;
K_cdc25(norm)=0.47859;
kf_p53(norm)=0.50403;
k_p53(norm)=0.51959;
K_ATR(norm)=0.33127;
p53ser46_ref50_72h(norm)=0.54396;
kp_ser46(norm)=0.89963;
K_p53(norm)=0.48134;
upAsy(norm)=0.64127;
sness(norm)=0.71436;
k_apop(norm)=0.69974;
tED50(norm)=0.54276;
cell_pop_norm0_Jack_MGMT_P(norm)=0.14809;
k_dis(norm)=0.61216;

%%%%%%%%%

TMZout0_Ka_XTMZ=33.9768454807;
MGMT_P0=2.2467424555;
k_MGMT=48.1750444116;
k_addO=0.0107212617;
k_addN=0.1155493521;
DSB_72h_fac=1.2329854607;
k_DSBO=0.0002981981;
k_DSBN=0.0000476646;
k_CyA=2.3033570679;
fVX=0.0014003278;
kf_ATR_MGMT_P=0.0000109353;
k_ATR=0.0170816113;
K_add=0.0000691478;
kd_pATR=0.0047892042;
k_Chk1=498.8553642350;
C_Chk1=0.7485239514;
pChk1_ref12_5_24h=0.0059006381;
pChk1_ref100_24h=0.0059177747;
pChk1_ref100_48h=0.0070755375;
kd_pChk1=0.0955819547;
k_cdc25=323.3226272955;
K_cdc25=1.2323099253;
kf_p53=0.0006451052;
k_p53=35.1394885894;
K_ATR=0.0003345743;
p53ser46_ref50_72h=0.0005261003;
kp_ser46=5.0188753808;
K_p53=0.4849475779;
upAsy=0.2642216519;
sness=0.0046450686;
k_apop=0.0703063180;
tED50=359.4140388143;
cell_pop_norm0_Jack_MGMT_P=73.7968043823;
k_dis=0.0165872376;

%%%%%%%%%

cost=123.2562137092;

%%%%%%%%%

