TMZout0_Ka_XTMZ(norm)=1.00000;
MGMT_P0(norm)=0.84595;
k_MGMT(norm)=0.55544;
k_addO(norm)=0.73993;
k_addN(norm)=0.56683;
DSB_72h_fac(norm)=0.00010;
k_DSBO(norm)=0.53490;
k_DSBN(norm)=0.00010;
k_CyA(norm)=0.30497;
fVX(norm)=0.29574;
kf_ATR_MGMT_P(norm)=1.00000;
k_ATR(norm)=0.61193;
K_add(norm)=0.49901;
kd_pATR(norm)=0.66594;
k_Chk1(norm)=0.00010;
C_Chk1(norm)=1.00000;
pChk1_ref12_5_24h(norm)=0.38000;
pChk1_ref100_24h(norm)=0.71662;
pChk1_ref100_48h(norm)=0.59309;
kd_pChk1(norm)=1.00000;
k_cdc25(norm)=0.25802;
K_cdc25(norm)=0.00010;
kf_p53(norm)=0.80375;
k_p53(norm)=0.21472;
K_ATR(norm)=0.33069;
p53ser46_ref50_72h(norm)=0.48045;
kp_ser46(norm)=0.65242;
K_p53(norm)=1.00000;
upAsy(norm)=0.00010;
sness(norm)=0.26914;
k_apop(norm)=0.14211;
tED50(norm)=0.04488;
cell_pop_norm0_Jack_MGMT_P(norm)=0.00128;
k_dis(norm)=0.69876;

%%%%%%%%%

TMZout0_Ka_XTMZ=39.0000000000;
MGMT_P0=2.2716780939;
k_MGMT=45.7438272155;
k_addO=0.0126240378;
k_addN=0.1492186624;
DSB_72h_fac=0.6763120313;
k_DSBO=0.0003001208;
k_DSBN=0.0000224836;
k_CyA=1.6087235465;
fVX=0.0011035610;
kf_ATR_MGMT_P=0.0000154307;
k_ATR=0.0212634882;
K_add=0.0000651849;
kd_pATR=0.0041527744;
k_Chk1=292.5525408855;
C_Chk1=1.0573793404;
pChk1_ref12_5_24h=0.0064035651;
pChk1_ref100_24h=0.0085365295;
pChk1_ref100_48h=0.0086922070;
kd_pChk1=0.1160280820;
k_cdc25=182.7931306058;
K_cdc25=0.8215711239;
kf_p53=0.0008316177;
k_p53=27.1400106083;
K_ATR=0.0003344109;
p53ser46_ref50_72h=0.0004985365;
kp_ser46=4.0704297609;
K_p53=0.7525779048;
upAsy=0.1534735768;
sness=0.0031853714;
k_apop=0.0438326657;
tED50=235.7152518141;
cell_pop_norm0_Jack_MGMT_P=70.0319064788;
k_dis=0.0178500269;

%%%%%%%%%

cost=254.3218851527;

%%%%%%%%%

