TMZout0_Ka_XTMZ(norm)=0.71171;
MGMT_P0(norm)=0.40914;
k_MGMT(norm)=0.92469;
k_addO(norm)=0.45822;
k_addN(norm)=0.42995;
DSB_72h_fac(norm)=0.56226;
k_DSBO(norm)=0.95116;
k_DSBN(norm)=0.55689;
k_CyA(norm)=0.60595;
fVX(norm)=0.51398;
kf_ATR_MGMT_P(norm)=0.85551;
k_ATR(norm)=0.57788;
K_add(norm)=0.63723;
kd_pATR(norm)=0.66596;
k_Chk1(norm)=0.50516;
C_Chk1(norm)=0.51922;
pChk1_ref12_5_24h(norm)=0.00010;
pChk1_ref100_24h(norm)=0.78197;
pChk1_ref100_48h(norm)=0.64706;
kd_pChk1(norm)=0.50797;
k_cdc25(norm)=0.67374;
K_cdc25(norm)=0.79967;
kf_p53(norm)=0.51979;
k_p53(norm)=0.19518;
K_ATR(norm)=0.25946;
p53ser46_ref50_72h(norm)=0.25420;
kp_ser46(norm)=0.30528;
K_p53(norm)=0.57729;
upAsy(norm)=0.29603;
sness(norm)=0.62466;
k_apop(norm)=0.62119;
tED50(norm)=0.46528;
cell_pop_norm0_Jack_MGMT_P(norm)=0.69423;
k_dis(norm)=0.56655;

%%%%%%%%%

TMZout0_Ka_XTMZ=36.5024220647;
MGMT_P0=1.7314274348;
k_MGMT=62.5470608639;
k_addO=0.0099434132;
k_addN=0.1328782043;
DSB_72h_fac=1.0181173301;
k_DSBO=0.0004270426;
k_DSBN=0.0000360371;
k_CyA=2.0760342373;
fVX=0.0013277109;
kf_ATR_MGMT_P=0.0000136526;
k_ATR=0.0206588215;
K_add=0.0000732837;
kd_pATR=0.0041528404;
k_Chk1=448.8022247822;
C_Chk1=0.7035813837;
pChk1_ref12_5_24h=0.0046411643;
pChk1_ref100_24h=0.0090225313;
pChk1_ref100_48h=0.0090989244;
kd_pChk1=0.0764731017;
k_cdc25=259.9761670664;
K_cdc25=1.6175882692;
kf_p53=0.0006537817;
k_p53=26.6944058431;
K_ATR=0.0003148258;
p53ser46_ref50_72h=0.0004115681;
kp_ser46=3.0331973704;
K_p53=0.5260206787;
upAsy=0.1972092449;
sness=0.0043051169;
k_apop=0.0657791333;
tED50=336.5786933069;
cell_pop_norm0_Jack_MGMT_P=89.6675623236;
k_dis=0.0159584545;

%%%%%%%%%

cost=191.2913259414;

%%%%%%%%%

