TMZout0_Ka_XTMZ(norm)=0.00010;
MGMT_P0(norm)=0.38494;
k_MGMT(norm)=0.53039;
k_addO(norm)=0.41815;
k_addN(norm)=0.79682;
DSB_72h_fac(norm)=0.22827;
k_DSBO(norm)=0.00010;
k_DSBN(norm)=0.00010;
k_CyA(norm)=0.68986;
fVX(norm)=1.00000;
kf_ATR_MGMT_P(norm)=0.43087;
k_ATR(norm)=0.88607;
K_add(norm)=0.22179;
kd_pATR(norm)=0.00010;
k_Chk1(norm)=0.20701;
C_Chk1(norm)=0.21159;
pChk1_ref12_5_24h(norm)=0.56164;
pChk1_ref100_24h(norm)=0.76565;
pChk1_ref100_48h(norm)=0.55461;
kd_pChk1(norm)=0.16437;
k_cdc25(norm)=0.22448;
K_cdc25(norm)=0.29601;
kf_p53(norm)=0.08702;
k_p53(norm)=0.99896;
K_ATR(norm)=0.44908;
p53ser46_ref50_72h(norm)=0.43160;
kp_ser46(norm)=0.91886;
K_p53(norm)=1.00000;
upAsy(norm)=0.67122;
sness(norm)=0.51039;
k_apop(norm)=0.66480;
tED50(norm)=0.48697;
cell_pop_norm0_Jack_MGMT_P(norm)=0.12363;
k_dis(norm)=0.26134;

%%%%%%%%%

TMZout0_Ka_XTMZ=31.0007116889;
MGMT_P0=1.6375175593;
k_MGMT=48.5097118773;
k_addO=0.0089828061;
k_addN=0.1725304857;
DSB_72h_fac=0.7486853433;
k_DSBO=0.0002229574;
k_DSBN=0.0000215721;
k_CyA=3.0314099298;
fVX=0.0020664155;
kf_ATR_MGMT_P=0.0000095701;
k_ATR=0.0363775542;
K_add=0.0000664853;
kd_pATR=0.0012088706;
k_Chk1=231.3529060078;
C_Chk1=0.5500557593;
pChk1_ref12_5_24h=0.0086633722;
pChk1_ref100_24h=0.0103586705;
pChk1_ref100_48h=0.0104699490;
kd_pChk1=0.0426627946;
k_cdc25=156.1635603016;
K_cdc25=1.0699897717;
kf_p53=0.0003090500;
k_p53=43.3951278549;
K_ATR=0.0004333944;
p53ser46_ref50_72h=0.0003386206;
kp_ser46=4.0997041662;
K_p53=0.8303069421;
upAsy=0.3026496398;
sness=0.0050421646;
k_apop=0.0660146693;
tED50=380.5220239492;
cell_pop_norm0_Jack_MGMT_P=73.1557499221;
k_dis=0.0119376274;

%%%%%%%%%

cost=870.7603476997;

%%%%%%%%%

