TMZout0_Ka_XTMZ(norm)=0.43525;
MGMT_P0(norm)=0.78232;
k_MGMT(norm)=0.86143;
k_addO(norm)=0.37948;
k_addN(norm)=0.36524;
DSB_72h_fac(norm)=0.51505;
k_DSBO(norm)=0.86042;
k_DSBN(norm)=0.65882;
k_CyA(norm)=0.70313;
fVX(norm)=0.30247;
kf_ATR_MGMT_P(norm)=0.46395;
k_ATR(norm)=0.59306;
K_add(norm)=0.74599;
kd_pATR(norm)=0.21683;
k_Chk1(norm)=0.82185;
C_Chk1(norm)=0.25672;
pChk1_ref12_5_24h(norm)=0.27866;
pChk1_ref100_24h(norm)=0.76296;
pChk1_ref100_48h(norm)=0.79818;
kd_pChk1(norm)=0.90446;
k_cdc25(norm)=0.39645;
K_cdc25(norm)=0.60569;
kf_p53(norm)=0.86758;
k_p53(norm)=0.79583;
K_ATR(norm)=0.56997;
p53ser46_ref50_72h(norm)=0.12554;
kp_ser46(norm)=0.92029;
K_p53(norm)=0.07245;
upAsy(norm)=0.79904;
sness(norm)=0.75563;
k_apop(norm)=0.24717;
tED50(norm)=0.65126;
cell_pop_norm0_Jack_MGMT_P(norm)=0.08370;
k_dis(norm)=0.85633;

%%%%%%%%%

TMZout0_Ka_XTMZ=34.2576181692;
MGMT_P0=2.1835565296;
k_MGMT=59.2827024316;
k_addO=0.0093016817;
k_addN=0.1257892805;
DSB_72h_fac=0.9837359668;
k_DSBO=0.0003954394;
k_DSBN=0.0000392881;
k_CyA=2.2542051542;
fVX=0.0011098663;
kf_ATR_MGMT_P=0.0000097979;
k_ATR=0.0209262553;
K_add=0.0000803580;
kd_pATR=0.0028384088;
k_Chk1=586.9322303138;
C_Chk1=0.5632747480;
pChk1_ref12_5_24h=0.0058766835;
pChk1_ref100_24h=0.0088783619;
pChk1_ref100_48h=0.0103418442;
kd_pChk1=0.1070059674;
k_cdc25=205.5405790170;
K_cdc25=1.3724264496;
kf_p53=0.0008778281;
k_p53=44.4062599705;
K_ATR=0.0004095714;
p53ser46_ref50_72h=0.0003690618;
kp_ser46=5.1074939002;
K_p53=0.3429520040;
upAsy=0.3020133767;
sness=0.0048103595;
k_apop=0.0479134939;
tED50=394.0213685133;
cell_pop_norm0_Jack_MGMT_P=72.1213312703;
k_dis=0.0203996283;

%%%%%%%%%

cost=966.6459150085;

%%%%%%%%%

