TMZout0_Ka_XTMZ(norm)=0.42348;
MGMT_P0(norm)=0.99569;
k_MGMT(norm)=0.39648;
k_addO(norm)=0.53576;
k_addN(norm)=0.26267;
DSB_72h_fac(norm)=0.64116;
k_DSBO(norm)=0.70285;
k_DSBN(norm)=0.80947;
k_CyA(norm)=0.60846;
fVX(norm)=0.45627;
kf_ATR_MGMT_P(norm)=0.59460;
k_ATR(norm)=0.62905;
K_add(norm)=0.68902;
kd_pATR(norm)=0.45024;
k_Chk1(norm)=0.64458;
C_Chk1(norm)=0.61484;
pChk1_ref12_5_24h(norm)=0.85482;
pChk1_ref100_24h(norm)=0.86865;
pChk1_ref100_48h(norm)=0.89733;
kd_pChk1(norm)=0.30838;
k_cdc25(norm)=0.57334;
K_cdc25(norm)=0.56072;
kf_p53(norm)=0.37764;
k_p53(norm)=0.06445;
K_ATR(norm)=0.29331;
p53ser46_ref50_72h(norm)=0.36875;
kp_ser46(norm)=0.59705;
K_p53(norm)=0.57727;
upAsy(norm)=0.17818;
sness(norm)=0.41237;
k_apop(norm)=0.64828;
tED50(norm)=0.54131;
cell_pop_norm0_Jack_MGMT_P(norm)=0.13600;
k_dis(norm)=0.61776;

%%%%%%%%%

TMZout0_Ka_XTMZ=34.1651578445;
MGMT_P0=2.4933091338;
k_MGMT=39.9795308793;
k_addO=0.0106186001;
k_addN=0.1153191650;
DSB_72h_fac=1.0782781416;
k_DSBO=0.0003460181;
k_DSBN=0.0000446369;
k_CyA=2.0804503052;
fVX=0.0012643432;
kf_ATR_MGMT_P=0.0000109448;
k_ATR=0.0215741082;
K_add=0.0000765713;
kd_pATR=0.0034591277;
k_Chk1=505.0757971998;
C_Chk1=0.7629613857;
pChk1_ref12_5_24h=0.0095750886;
pChk1_ref100_24h=0.0097101023;
pChk1_ref100_48h=0.0112481846;
kd_pChk1=0.0645749478;
k_cdc25=238.7758134752;
K_cdc25=1.3211091165;
kf_p53=0.0005795929;
k_p53=23.8955147709;
K_ATR=0.0003239860;
p53ser46_ref50_72h=0.0004535196;
kp_ser46=3.8838494445;
K_p53=0.5260141463;
upAsy=0.1784688826;
sness=0.0035963852;
k_apop=0.0673065370;
tED50=358.9748450313;
cell_pop_norm0_Jack_MGMT_P=73.4791363073;
k_dis=0.0166660600;

%%%%%%%%%

cost=123.8406377970;

%%%%%%%%%

