TMZout0_Ka_XTMZ(norm)=0.38799;
MGMT_P0(norm)=1.00000;
k_MGMT(norm)=0.57477;
k_addO(norm)=0.65979;
k_addN(norm)=0.54878;
DSB_72h_fac(norm)=0.73353;
k_DSBO(norm)=0.35029;
k_DSBN(norm)=0.52781;
k_CyA(norm)=0.53922;
fVX(norm)=0.20320;
kf_ATR_MGMT_P(norm)=0.99223;
k_ATR(norm)=0.81453;
K_add(norm)=0.79707;
kd_pATR(norm)=0.47443;
k_Chk1(norm)=0.81844;
C_Chk1(norm)=0.90039;
pChk1_ref12_5_24h(norm)=0.34092;
pChk1_ref100_24h(norm)=0.35192;
pChk1_ref100_48h(norm)=0.67330;
kd_pChk1(norm)=0.87493;
k_cdc25(norm)=0.23163;
K_cdc25(norm)=0.74421;
kf_p53(norm)=0.40817;
k_p53(norm)=0.68645;
K_ATR(norm)=0.54105;
p53ser46_ref50_72h(norm)=0.52276;
kp_ser46(norm)=0.37463;
K_p53(norm)=0.70755;
upAsy(norm)=0.65602;
sness(norm)=0.77068;
k_apop(norm)=0.10162;
tED50(norm)=0.70406;
cell_pop_norm0_Jack_MGMT_P(norm)=0.23367;
k_dis(norm)=0.46002;

%%%%%%%%%

TMZout0_Ka_XTMZ=33.8879668255;
MGMT_P0=2.5000000000;
k_MGMT=46.4992670741;
k_addO=0.0117953351;
k_addN=0.1469548115;
DSB_72h_fac=1.1532433573;
k_DSBO=0.0002566627;
k_DSBN=0.0000351602;
k_CyA=1.9619129854;
fVX=0.0010203340;
kf_ATR_MGMT_P=0.0000153293;
k_ATR=0.0252455608;
K_add=0.0000839122;
kd_pATR=0.0035307484;
k_Chk1=585.2421422008;
C_Chk1=0.9718026183;
pChk1_ref12_5_24h=0.0061950125;
pChk1_ref100_24h=0.0062673272;
pChk1_ref100_48h=0.0093034182;
kd_pChk1=0.1043615275;
k_cdc25=178.7507638316;
K_cdc25=1.5433318088;
kf_p53=0.0005947816;
k_p53=40.4759674914;
K_ATR=0.0003996555;
p53ser46_ref50_72h=0.0005167345;
kp_ser46=3.2167591938;
K_p53=0.5874031258;
upAsy=0.2675453836;
sness=0.0048720955;
k_apop=0.0423544233;
tED50=412.0489372596;
cell_pop_norm0_Jack_MGMT_P=76.0840006392;
k_dis=0.0145810523;

%%%%%%%%%

cost=198.4692705880;

%%%%%%%%%

