TMZout0_Ka_XTMZ(norm)=0.78378;
MGMT_P0(norm)=0.73578;
k_MGMT(norm)=0.38600;
k_addO(norm)=0.56549;
k_addN(norm)=0.83403;
DSB_72h_fac(norm)=0.34782;
k_DSBO(norm)=0.32476;
k_DSBN(norm)=0.42204;
k_CyA(norm)=0.29506;
fVX(norm)=0.25462;
kf_ATR_MGMT_P(norm)=0.44122;
k_ATR(norm)=0.38524;
K_add(norm)=0.35334;
kd_pATR(norm)=1.00000;
k_Chk1(norm)=0.86970;
C_Chk1(norm)=0.39504;
pChk1_ref12_5_24h(norm)=0.00010;
pChk1_ref100_24h(norm)=0.27163;
pChk1_ref100_48h(norm)=0.17842;
kd_pChk1(norm)=0.28185;
k_cdc25(norm)=0.13922;
K_cdc25(norm)=0.32882;
kf_p53(norm)=1.00000;
k_p53(norm)=0.29114;
K_ATR(norm)=0.00010;
p53ser46_ref50_72h(norm)=0.91911;
kp_ser46(norm)=0.94323;
K_p53(norm)=0.34666;
upAsy(norm)=0.28387;
sness(norm)=0.15338;
k_apop(norm)=0.76288;
tED50(norm)=0.00010;
cell_pop_norm0_Jack_MGMT_P(norm)=0.00010;
k_dis(norm)=0.20886;

%%%%%%%%%

TMZout0_Ka_XTMZ=37.1113193177;
MGMT_P0=2.1320706956;
k_MGMT=33.1482615484;
k_addO=0.0100121633;
k_addN=0.1414412095;
DSB_72h_fac=0.8530401055;
k_DSBO=0.0002598704;
k_DSBN=0.0000356357;
k_CyA=1.8321943137;
fVX=0.0009605040;
kf_ATR_MGMT_P=0.0000094681;
k_ATR=0.0207840315;
K_add=0.0000614584;
kd_pATR=0.0048065363;
k_Chk1=513.9766097759;
C_Chk1=0.6460379198;
pChk1_ref12_5_24h=0.0047244711;
pChk1_ref100_24h=0.0059563863;
pChk1_ref100_48h=0.0064166282;
kd_pChk1=0.0588806878;
k_cdc25=174.5114326235;
K_cdc25=1.0611089872;
kf_p53=0.0008395845;
k_p53=28.6952689368;
K_ATR=0.0002868983;
p53ser46_ref50_72h=0.0006222186;
kp_ser46=4.5598157066;
K_p53=0.5035045171;
upAsy=0.1928761589;
sness=0.0026427302;
k_apop=0.0767702686;
tED50=265.9516780049;
cell_pop_norm0_Jack_MGMT_P=70.0024967691;
k_dis=0.0118728279;

%%%%%%%%%

cost=309.2480272333;

%%%%%%%%%

