TMZout0_Ka_XTMZ(norm)=0.28908;
MGMT_P0(norm)=0.77843;
k_MGMT(norm)=0.85327;
k_addO(norm)=0.58462;
k_addN(norm)=0.67626;
DSB_72h_fac(norm)=0.74121;
k_DSBO(norm)=0.68627;
k_DSBN(norm)=0.68464;
k_CyA(norm)=0.51390;
fVX(norm)=0.76106;
kf_ATR_MGMT_P(norm)=0.61139;
k_ATR(norm)=0.52911;
K_add(norm)=0.65436;
kd_pATR(norm)=0.48246;
k_Chk1(norm)=0.44502;
C_Chk1(norm)=0.60366;
pChk1_ref12_5_24h(norm)=0.38215;
pChk1_ref100_24h(norm)=0.38554;
pChk1_ref100_48h(norm)=0.39556;
kd_pChk1(norm)=0.73407;
k_cdc25(norm)=0.39448;
K_cdc25(norm)=0.62761;
kf_p53(norm)=0.67693;
k_p53(norm)=0.65179;
K_ATR(norm)=0.55626;
p53ser46_ref50_72h(norm)=0.71992;
kp_ser46(norm)=0.65928;
K_p53(norm)=0.43907;
upAsy(norm)=0.06399;
sness(norm)=0.48169;
k_apop(norm)=0.45532;
tED50(norm)=0.07518;
cell_pop_norm0_Jack_MGMT_P(norm)=0.16225;
k_dis(norm)=0.59561;

%%%%%%%%%

TMZout0_Ka_XTMZ=33.1271242823;
MGMT_P0=2.2159323541;
k_MGMT=52.5321338233;
k_addO=0.0109086188;
k_addN=0.1510184728;
DSB_72h_fac=1.1527169537;
k_DSBO=0.0003469139;
k_DSBN=0.0000451147;
k_CyA=1.9506487036;
fVX=0.0015947504;
kf_ATR_MGMT_P=0.0000111162;
k_ATR=0.0181364707;
K_add=0.0000769463;
kd_pATR=0.0029123952;
k_Chk1=386.6750663009;
C_Chk1=0.7569461879;
pChk1_ref12_5_24h=0.0059882539;
pChk1_ref100_24h=0.0060133377;
pChk1_ref100_48h=0.0071220202;
kd_pChk1=0.0890256512;
k_cdc25=251.7368428492;
K_cdc25=1.3885409758;
kf_p53=0.0007268994;
k_p53=31.7547938131;
K_ATR=0.0003361152;
p53ser46_ref50_72h=0.0006198009;
kp_ser46=4.5321721007;
K_p53=0.7304881110;
upAsy=0.1783872193;
sness=0.0036177655;
k_apop=0.0568931047;
tED50=265.8991854440;
cell_pop_norm0_Jack_MGMT_P=74.1703802625;
k_dis=0.0164011657;

%%%%%%%%%

cost=123.7049256416;

%%%%%%%%%

