TMZout0_Ka_XTMZ(norm)=0.73408;
MGMT_P0(norm)=0.19916;
k_MGMT(norm)=0.05391;
k_addO(norm)=0.30887;
k_addN(norm)=0.54789;
DSB_72h_fac(norm)=0.00010;
k_DSBO(norm)=0.37827;
k_DSBN(norm)=0.25943;
k_CyA(norm)=0.15630;
fVX(norm)=0.55781;
kf_ATR_MGMT_P(norm)=0.50645;
k_ATR(norm)=1.00000;
K_add(norm)=0.40592;
kd_pATR(norm)=0.75069;
k_Chk1(norm)=0.20824;
C_Chk1(norm)=1.00000;
pChk1_ref12_5_24h(norm)=0.56683;
pChk1_ref100_24h(norm)=0.60561;
pChk1_ref100_48h(norm)=0.47563;
kd_pChk1(norm)=0.09858;
k_cdc25(norm)=0.34381;
K_cdc25(norm)=0.72841;
kf_p53(norm)=0.76782;
k_p53(norm)=0.79798;
K_ATR(norm)=0.55025;
p53ser46_ref50_72h(norm)=0.63856;
kp_ser46(norm)=0.47642;
K_p53(norm)=1.00000;
upAsy(norm)=0.27912;
sness(norm)=0.62538;
k_apop(norm)=0.51753;
tED50(norm)=0.61126;
cell_pop_norm0_Jack_MGMT_P(norm)=0.38167;
k_dis(norm)=0.35396;

%%%%%%%%%

TMZout0_Ka_XTMZ=36.6903616151;
MGMT_P0=1.4410619639;
k_MGMT=32.3962079578;
k_addO=0.0081883976;
k_addN=0.1397220541;
DSB_72h_fac=0.6222027163;
k_DSBO=0.0003071707;
k_DSBN=0.0000268732;
k_CyA=1.9288806852;
fVX=0.0014206999;
kf_ATR_MGMT_P=0.0000102030;
k_ATR=0.0400643967;
K_add=0.0000777109;
kd_pATR=0.0022833806;
k_Chk1=231.5946786417;
C_Chk1=1.0728079097;
pChk1_ref12_5_24h=0.0087015475;
pChk1_ref100_24h=0.0090451531;
pChk1_ref100_48h=0.0097922575;
kd_pChk1=0.0403496498;
k_cdc25=172.7782010188;
K_cdc25=1.5434601671;
kf_p53=0.0005502339;
k_p53=36.6004458632;
K_ATR=0.0004721875;
p53ser46_ref50_72h=0.0004035267;
kp_ser46=2.8180292434;
K_p53=0.8303069421;
upAsy=0.2170996799;
sness=0.0055581500;
k_apop=0.0582704833;
tED50=422.7802515086;
cell_pop_norm0_Jack_MGMT_P=80.2082139547;
k_dis=0.0129121897;

%%%%%%%%%

cost=373.1070384568;

%%%%%%%%%

