TMZout0_Ka_XTMZ(norm)=0.57978;
MGMT_P0(norm)=0.39215;
k_MGMT(norm)=0.44259;
k_addO(norm)=0.65285;
k_addN(norm)=0.56943;
DSB_72h_fac(norm)=0.87451;
k_DSBO(norm)=0.51354;
k_DSBN(norm)=0.39624;
k_CyA(norm)=0.19866;
fVX(norm)=0.00010;
kf_ATR_MGMT_P(norm)=0.00010;
k_ATR(norm)=0.72173;
K_add(norm)=0.28839;
kd_pATR(norm)=0.54957;
k_Chk1(norm)=0.00010;
C_Chk1(norm)=0.73825;
pChk1_ref12_5_24h(norm)=0.61294;
pChk1_ref100_24h(norm)=0.22602;
pChk1_ref100_48h(norm)=0.40008;
kd_pChk1(norm)=1.00000;
k_cdc25(norm)=0.22486;
K_cdc25(norm)=0.13501;
kf_p53(norm)=0.05001;
k_p53(norm)=0.29716;
K_ATR(norm)=0.38279;
p53ser46_ref50_72h(norm)=1.00000;
kp_ser46(norm)=0.72613;
K_p53(norm)=0.20219;
upAsy(norm)=1.00000;
sness(norm)=0.88202;
k_apop(norm)=0.44581;
tED50(norm)=0.35402;
cell_pop_norm0_Jack_MGMT_P(norm)=0.48501;
k_dis(norm)=0.55784;

%%%%%%%%%

TMZout0_Ka_XTMZ=35.4134179697;
MGMT_P0=1.7132313329;
k_MGMT=41.5724899098;
k_addO=0.0117261262;
k_addN=0.1495475910;
DSB_72h_fac=1.2778223588;
k_DSBO=0.0002947378;
k_DSBN=0.0000314511;
k_CyA=1.4701452547;
fVX=0.0008590255;
kf_ATR_MGMT_P=0.0000066137;
k_ATR=0.0233366818;
K_add=0.0000545312;
kd_pATR=0.0037628430;
k_Chk1=292.5525408855;
C_Chk1=0.8470601763;
pChk1_ref12_5_24h=0.0078007668;
pChk1_ref100_24h=0.0056331470;
pChk1_ref100_48h=0.0073808230;
kd_pChk1=0.1160280820;
k_cdc25=177.7292770792;
K_cdc25=0.9210654756;
kf_p53=0.0004391007;
k_p53=29.1035413537;
K_ATR=0.0003495032;
p53ser46_ref50_72h=0.0007742483;
kp_ser46=4.3327335893;
K_p53=0.3828040957;
upAsy=0.3580746716;
sness=0.0053541247;
k_apop=0.0566963565;
tED50=306.2966647098;
cell_pop_norm0_Jack_MGMT_P=83.2199414606;
k_dis=0.0158410322;

%%%%%%%%%

cost=100000.0000000000;

%%%%%%%%%

