TMZout0_Ka_XTMZ(norm)=0.42183;
MGMT_P0(norm)=0.30339;
k_MGMT(norm)=0.70186;
k_addO(norm)=1.00000;
k_addN(norm)=0.72949;
DSB_72h_fac(norm)=0.45871;
k_DSBO(norm)=0.22351;
k_DSBN(norm)=0.27207;
k_CyA(norm)=0.00010;
fVX(norm)=0.66907;
kf_ATR_MGMT_P(norm)=0.61614;
k_ATR(norm)=0.62840;
K_add(norm)=0.78099;
kd_pATR(norm)=0.07914;
k_Chk1(norm)=0.56586;
C_Chk1(norm)=0.31850;
pChk1_ref12_5_24h(norm)=0.00010;
pChk1_ref100_24h(norm)=0.24853;
pChk1_ref100_48h(norm)=0.89725;
kd_pChk1(norm)=0.99064;
k_cdc25(norm)=0.56792;
K_cdc25(norm)=0.01763;
kf_p53(norm)=0.43052;
k_p53(norm)=0.45392;
K_ATR(norm)=0.66150;
p53ser46_ref50_72h(norm)=0.59772;
kp_ser46(norm)=0.88201;
K_p53(norm)=0.82475;
upAsy(norm)=0.42774;
sness(norm)=0.73263;
k_apop(norm)=0.60134;
tED50(norm)=0.43418;
cell_pop_norm0_Jack_MGMT_P(norm)=0.23916;
k_dis(norm)=0.44711;

%%%%%%%%%

TMZout0_Ka_XTMZ=34.1522485642;
MGMT_P0=1.6212526971;
k_MGMT=51.7856904404;
k_addO=0.0157361294;
k_addN=0.1712686231;
DSB_72h_fac=0.9442192056;
k_DSBO=0.0002305224;
k_DSBN=0.0000283104;
k_CyA=1.2424989020;
fVX=0.0015141608;
kf_ATR_MGMT_P=0.0000111464;
k_ATR=0.0215623707;
K_add=0.0000827768;
kd_pATR=0.0025258595;
k_Chk1=472.4887623438;
C_Chk1=0.5935486574;
pChk1_ref12_5_24h=0.0046411643;
pChk1_ref100_24h=0.0057416338;
pChk1_ref100_48h=0.0112474620;
kd_pChk1=0.1151114830;
k_cdc25=237.6809926455;
K_cdc25=0.8338667658;
kf_p53=0.0006061549;
k_p53=33.2375881441;
K_ATR=0.0004425971;
p53ser46_ref50_72h=0.0005506175;
kp_ser46=4.9445135577;
K_p53=0.6487282905;
upAsy=0.2204931125;
sness=0.0047175436;
k_apop=0.0646822831;
tED50=327.8252884217;
cell_pop_norm0_Jack_MGMT_P=76.2332729489;
k_dis=0.0144223725;

%%%%%%%%%

cost=229.0728511896;

%%%%%%%%%

