TMZout0_Ka_XTMZ(norm)=0.19120;
MGMT_P0(norm)=0.33829;
k_MGMT(norm)=0.66856;
k_addO(norm)=0.48329;
k_addN(norm)=0.91205;
DSB_72h_fac(norm)=0.65732;
k_DSBO(norm)=0.86616;
k_DSBN(norm)=0.74197;
k_CyA(norm)=0.34908;
fVX(norm)=0.40058;
kf_ATR_MGMT_P(norm)=0.62682;
k_ATR(norm)=0.68566;
K_add(norm)=0.84241;
kd_pATR(norm)=0.11656;
k_Chk1(norm)=0.31193;
C_Chk1(norm)=0.40277;
pChk1_ref12_5_24h(norm)=0.26851;
pChk1_ref100_24h(norm)=0.40125;
pChk1_ref100_48h(norm)=1.00000;
kd_pChk1(norm)=0.20309;
k_cdc25(norm)=0.79181;
K_cdc25(norm)=0.26020;
kf_p53(norm)=0.27340;
k_p53(norm)=0.80472;
K_ATR(norm)=0.40266;
p53ser46_ref50_72h(norm)=0.32588;
kp_ser46(norm)=0.42743;
K_p53(norm)=0.53671;
upAsy(norm)=0.27658;
sness(norm)=0.32491;
k_apop(norm)=0.40315;
tED50(norm)=0.62656;
cell_pop_norm0_Jack_MGMT_P(norm)=0.11794;
k_dis(norm)=0.61491;

%%%%%%%%%

TMZout0_Ka_XTMZ=32.3910432303;
MGMT_P0=1.6779876113;
k_MGMT=42.1149478642;
k_addO=0.0093385444;
k_addN=0.1511079975;
DSB_72h_fac=1.0791313967;
k_DSBO=0.0004111309;
k_DSBN=0.0000467316;
k_CyA=1.9180044235;
fVX=0.0010869437;
kf_ATR_MGMT_P=0.0000110805;
k_ATR=0.0268088409;
K_add=0.0000930142;
kd_pATR=0.0022737755;
k_Chk1=320.4031433058;
C_Chk1=0.6502821434;
pChk1_ref12_5_24h=0.0059308976;
pChk1_ref100_24h=0.0066478014;
pChk1_ref100_48h=0.0128714905;
kd_pChk1=0.0550793445;
k_cdc25=303.3609895760;
K_cdc25=1.0011743636;
kf_p53=0.0004536188;
k_p53=44.3398462373;
K_ATR=0.0004035173;
p53ser46_ref50_72h=0.0003763969;
kp_ser46=2.9454133289;
K_p53=0.5914742839;
upAsy=0.1916878864;
sness=0.0030561415;
k_apop=0.0566008037;
tED50=452.1957706303;
cell_pop_norm0_Jack_MGMT_P=73.0074085036;
k_dis=0.0167482527;

%%%%%%%%%

cost=215.0543345714;

%%%%%%%%%

