TMZout0_Ka_XTMZ(norm)=0.59216;
MGMT_P0(norm)=0.66717;
k_MGMT(norm)=0.54615;
k_addO(norm)=0.31506;
k_addN(norm)=0.59710;
DSB_72h_fac(norm)=0.54398;
k_DSBO(norm)=0.49870;
k_DSBN(norm)=0.49019;
k_CyA(norm)=0.27477;
fVX(norm)=0.12018;
kf_ATR_MGMT_P(norm)=0.64528;
k_ATR(norm)=0.63730;
K_add(norm)=0.67614;
kd_pATR(norm)=0.24676;
k_Chk1(norm)=0.42127;
C_Chk1(norm)=0.47077;
pChk1_ref12_5_24h(norm)=0.46125;
pChk1_ref100_24h(norm)=0.52711;
pChk1_ref100_48h(norm)=0.39527;
kd_pChk1(norm)=0.04837;
k_cdc25(norm)=0.72551;
K_cdc25(norm)=0.69478;
kf_p53(norm)=0.47080;
k_p53(norm)=0.55770;
K_ATR(norm)=0.15781;
p53ser46_ref50_72h(norm)=0.30322;
kp_ser46(norm)=0.47990;
K_p53(norm)=0.50543;
upAsy(norm)=0.23042;
sness(norm)=0.75881;
k_apop(norm)=0.11874;
tED50(norm)=0.62592;
cell_pop_norm0_Jack_MGMT_P(norm)=0.69596;
k_dis(norm)=0.08196;

%%%%%%%%%

TMZout0_Ka_XTMZ=35.5141796309;
MGMT_P0=2.0327070227;
k_MGMT=45.3851593537;
k_addO=0.0088075553;
k_addN=0.1530955000;
DSB_72h_fac=1.0046586367;
k_DSBO=0.0002910562;
k_DSBN=0.0000340572;
k_CyA=1.5680752269;
fVX=0.0009510283;
kf_ATR_MGMT_P=0.0000114250;
k_ATR=0.0217254536;
K_add=0.0000757404;
kd_pATR=0.0029113124;
k_Chk1=418.0087042160;
C_Chk1=0.6752865240;
pChk1_ref12_5_24h=0.0068599008;
pChk1_ref100_24h=0.0072701766;
pChk1_ref100_48h=0.0073508056;
kd_pChk1=0.0518064420;
k_cdc25=271.6346203032;
K_cdc25=1.4800268318;
kf_p53=0.0006271954;
k_p53=36.2926420771;
K_ATR=0.0002888431;
p53ser46_ref50_72h=0.0004290233;
kp_ser46=3.5168653316;
K_p53=0.4949501841;
upAsy=0.1865462488;
sness=0.0048233661;
k_apop=0.0429731955;
tED50=385.6536224843;
cell_pop_norm0_Jack_MGMT_P=89.7230917873;
k_dis=0.0105845193;

%%%%%%%%%

cost=389.7799755519;

%%%%%%%%%

