TMZout0_Ka_XTMZ(norm)=0.63856;
MGMT_P0(norm)=0.65689;
k_MGMT(norm)=0.90836;
k_addO(norm)=0.59498;
k_addN(norm)=0.51187;
DSB_72h_fac(norm)=0.61791;
k_DSBO(norm)=0.52531;
k_DSBN(norm)=0.93874;
k_CyA(norm)=0.59635;
fVX(norm)=0.28507;
kf_ATR_MGMT_P(norm)=0.60664;
k_ATR(norm)=0.83887;
K_add(norm)=0.56962;
kd_pATR(norm)=0.61161;
k_Chk1(norm)=0.36030;
C_Chk1(norm)=0.58871;
pChk1_ref12_5_24h(norm)=0.60953;
pChk1_ref100_24h(norm)=0.61680;
pChk1_ref100_48h(norm)=0.61959;
kd_pChk1(norm)=0.57693;
k_cdc25(norm)=0.66174;
K_cdc25(norm)=0.60596;
kf_p53(norm)=0.54450;
k_p53(norm)=0.51192;
K_ATR(norm)=0.73508;
p53ser46_ref50_72h(norm)=0.55519;
kp_ser46(norm)=0.48509;
K_p53(norm)=0.82048;
upAsy(norm)=0.57635;
sness(norm)=0.35545;
k_apop(norm)=0.61711;
tED50(norm)=0.80019;
cell_pop_norm0_Jack_MGMT_P(norm)=0.15680;
k_dis(norm)=0.61327;

%%%%%%%%%

TMZout0_Ka_XTMZ=35.8944843902;
MGMT_P0=2.0330960218;
k_MGMT=51.6033052086;
k_addO=0.0102655110;
k_addN=0.1076541856;
DSB_72h_fac=1.0473060667;
k_DSBO=0.0003080036;
k_DSBN=0.0000552101;
k_CyA=2.3650386387;
fVX=0.0009856036;
kf_ATR_MGMT_P=0.0000108926;
k_ATR=0.0305249901;
K_add=0.0000738189;
kd_pATR=0.0034587156;
k_Chk1=333.8056214841;
C_Chk1=0.7612414764;
pChk1_ref12_5_24h=0.0079178867;
pChk1_ref100_24h=0.0079798847;
pChk1_ref100_48h=0.0093249891;
kd_pChk1=0.0756057017;
k_cdc25=271.7043707972;
K_cdc25=1.3419645986;
kf_p53=0.0005707571;
k_p53=34.5982235696;
K_ATR=0.0005347907;
p53ser46_ref50_72h=0.0004571150;
kp_ser46=3.0928737128;
K_p53=0.7522434143;
upAsy=0.2471183167;
sness=0.0031362409;
k_apop=0.0678507010;
tED50=523.8617891104;
cell_pop_norm0_Jack_MGMT_P=74.0263702403;
k_dis=0.0167250403;

%%%%%%%%%

cost=124.5792674002;

%%%%%%%%%

