TMZout0_Ka_XTMZ(norm)=0.67119;
MGMT_P0(norm)=0.00010;
k_MGMT(norm)=0.60671;
k_addO(norm)=0.29734;
k_addN(norm)=0.35645;
DSB_72h_fac(norm)=0.17569;
k_DSBO(norm)=0.35290;
k_DSBN(norm)=0.40153;
k_CyA(norm)=0.64658;
fVX(norm)=0.49342;
kf_ATR_MGMT_P(norm)=0.49307;
k_ATR(norm)=0.48945;
K_add(norm)=0.20985;
kd_pATR(norm)=0.27836;
k_Chk1(norm)=0.98056;
C_Chk1(norm)=0.63998;
pChk1_ref12_5_24h(norm)=0.33548;
pChk1_ref100_24h(norm)=0.33458;
pChk1_ref100_48h(norm)=0.20067;
kd_pChk1(norm)=0.00010;
k_cdc25(norm)=0.58043;
K_cdc25(norm)=0.86244;
kf_p53(norm)=0.54330;
k_p53(norm)=0.39619;
K_ATR(norm)=0.28002;
p53ser46_ref50_72h(norm)=0.00010;
kp_ser46(norm)=0.82015;
K_p53(norm)=0.37791;
upAsy(norm)=0.50515;
sness(norm)=0.76488;
k_apop(norm)=1.00000;
tED50(norm)=0.00010;
cell_pop_norm0_Jack_MGMT_P(norm)=0.10951;
k_dis(norm)=0.45111;

%%%%%%%%%

TMZout0_Ka_XTMZ=36.1643726142;
MGMT_P0=1.3426454420;
k_MGMT=47.7747703046;
k_addO=0.0086762821;
k_addN=0.1248556443;
DSB_72h_fac=0.7684882732;
k_DSBO=0.0002572324;
k_DSBN=0.0000315925;
k_CyA=2.1487519423;
fVX=0.0013047752;
kf_ATR_MGMT_P=0.0000100426;
k_ATR=0.0191674074;
K_add=0.0000510204;
kd_pATR=0.0029903229;
k_Chk1=671.4117973623;
C_Chk1=0.7793854360;
pChk1_ref12_5_24h=0.0061665041;
pChk1_ref100_24h=0.0061759055;
pChk1_ref100_48h=0.0062334462;
kd_pChk1=0.0497305343;
k_cdc25=240.2142160258;
K_cdc25=1.7059492960;
kf_p53=0.0006669341;
k_p53=31.6510554867;
K_ATR=0.0003203577;
p53ser46_ref50_72h=0.0003318488;
kp_ser46=4.6920107059;
K_p53=0.4442596607;
upAsy=0.2354398373;
sness=0.0048482094;
k_apop=0.0906739715;
tED50=226.9392185870;
cell_pop_norm0_Jack_MGMT_P=72.7882521137;
k_dis=0.0144713856;

%%%%%%%%%

cost=814.0052602579;

%%%%%%%%%

