TMZout0_Ka_XTMZ(norm)=0.06376;
MGMT_P0(norm)=0.50735;
k_MGMT(norm)=0.76683;
k_addO(norm)=0.29128;
k_addN(norm)=0.48420;
DSB_72h_fac(norm)=0.21994;
k_DSBO(norm)=0.84457;
k_DSBN(norm)=0.40158;
k_CyA(norm)=0.49780;
fVX(norm)=0.85975;
kf_ATR_MGMT_P(norm)=0.65703;
k_ATR(norm)=0.62754;
K_add(norm)=0.43321;
kd_pATR(norm)=0.42299;
k_Chk1(norm)=0.62972;
C_Chk1(norm)=0.08344;
pChk1_ref12_5_24h(norm)=0.54655;
pChk1_ref100_24h(norm)=0.75308;
pChk1_ref100_48h(norm)=0.72894;
kd_pChk1(norm)=0.76066;
k_cdc25(norm)=0.36954;
K_cdc25(norm)=0.67558;
kf_p53(norm)=0.50986;
k_p53(norm)=0.29125;
K_ATR(norm)=0.43854;
p53ser46_ref50_72h(norm)=0.62768;
kp_ser46(norm)=0.76859;
K_p53(norm)=0.72500;
upAsy(norm)=0.50866;
sness(norm)=0.60261;
k_apop(norm)=0.47555;
tED50(norm)=0.71041;
cell_pop_norm0_Jack_MGMT_P(norm)=0.62692;
k_dis(norm)=0.47310;

%%%%%%%%%

TMZout0_Ka_XTMZ=31.4571255027;
MGMT_P0=1.8579141502;
k_MGMT=45.7714483055;
k_addO=0.0079364278;
k_addN=0.1051597110;
DSB_72h_fac=0.7740656861;
k_DSBO=0.0004036786;
k_DSBN=0.0000350233;
k_CyA=2.1755863016;
fVX=0.0016038779;
kf_ATR_MGMT_P=0.0000113678;
k_ATR=0.0255205447;
K_add=0.0000657614;
kd_pATR=0.0029478580;
k_Chk1=419.4062754926;
C_Chk1=0.4961290268;
pChk1_ref12_5_24h=0.0075064366;
pChk1_ref100_24h=0.0089566503;
pChk1_ref100_48h=0.0102302231;
kd_pChk1=0.0883411982;
k_cdc25=212.1165057813;
K_cdc25=1.4235133467;
kf_p53=0.0005542464;
k_p53=28.6979463090;
K_ATR=0.0004159708;
p53ser46_ref50_72h=0.0004860727;
kp_ser46=3.9326395525;
K_p53=0.6937820258;
upAsy=0.2333441287;
sness=0.0038668695;
k_apop=0.0601818478;
tED50=485.4901000910;
cell_pop_norm0_Jack_MGMT_P=87.5405803246;
k_dis=0.0148520439;

%%%%%%%%%

cost=198.4031464630;

%%%%%%%%%

