TMZout0_Ka_XTMZ(norm)=0.89581;
MGMT_P0(norm)=0.58125;
k_MGMT(norm)=0.76739;
k_addO(norm)=0.62957;
k_addN(norm)=0.81771;
DSB_72h_fac(norm)=0.77660;
k_DSBO(norm)=0.02176;
k_DSBN(norm)=0.38553;
k_CyA(norm)=0.66148;
fVX(norm)=0.52683;
kf_ATR_MGMT_P(norm)=0.83716;
k_ATR(norm)=1.00000;
K_add(norm)=0.77926;
kd_pATR(norm)=0.33599;
k_Chk1(norm)=0.60170;
C_Chk1(norm)=0.50896;
pChk1_ref12_5_24h(norm)=0.72487;
pChk1_ref100_24h(norm)=0.90537;
pChk1_ref100_48h(norm)=0.81335;
kd_pChk1(norm)=0.40160;
k_cdc25(norm)=0.88069;
K_cdc25(norm)=0.46418;
kf_p53(norm)=0.01447;
k_p53(norm)=0.46799;
K_ATR(norm)=0.85441;
p53ser46_ref50_72h(norm)=0.49782;
kp_ser46(norm)=0.67935;
K_p53(norm)=0.84093;
upAsy(norm)=0.89670;
sness(norm)=0.61982;
k_apop(norm)=0.71535;
tED50(norm)=0.78645;
cell_pop_norm0_Jack_MGMT_P(norm)=0.09074;
k_dis(norm)=0.82125;

%%%%%%%%%

TMZout0_Ka_XTMZ=38.0782215758;
MGMT_P0=1.9269724086;
k_MGMT=54.7424344293;
k_addO=0.0114970910;
k_addN=0.1845623761;
DSB_72h_fac=1.1899537900;
k_DSBO=0.0001943006;
k_DSBN=0.0000311671;
k_CyA=2.1760438148;
fVX=0.0013422366;
kf_ATR_MGMT_P=0.0000134420;
k_ATR=0.0295416857;
K_add=0.0000826554;
kd_pATR=0.0031399545;
k_Chk1=487.0543290690;
C_Chk1=0.6974915073;
pChk1_ref12_5_24h=0.0085768198;
pChk1_ref100_24h=0.0100170148;
pChk1_ref100_48h=0.0104756104;
kd_pChk1=0.0698819025;
k_cdc25=309.8049281263;
K_cdc25=1.2173536783;
kf_p53=0.0004260745;
k_p53=33.6364348214;
K_ATR=0.0005211913;
p53ser46_ref50_72h=0.0005059307;
kp_ser46=4.1643615021;
K_p53=0.6576849685;
upAsy=0.3280665667;
sness=0.0042874910;
k_apop=0.0712424774;
tED50=441.8438491890;
cell_pop_norm0_Jack_MGMT_P=72.3025344818;
k_dis=0.0198021412;

%%%%%%%%%

cost=276.3035819820;

%%%%%%%%%

