TMZout0_Ka_XTMZ(norm)=0.66688;
MGMT_P0(norm)=0.65692;
k_MGMT(norm)=0.89223;
k_addO(norm)=0.50650;
k_addN(norm)=0.53113;
DSB_72h_fac(norm)=0.70336;
k_DSBO(norm)=0.58139;
k_DSBN(norm)=0.68153;
k_CyA(norm)=0.89936;
fVX(norm)=0.35432;
kf_ATR_MGMT_P(norm)=0.59993;
k_ATR(norm)=0.79060;
K_add(norm)=0.68072;
kd_pATR(norm)=0.69241;
k_Chk1(norm)=0.36502;
C_Chk1(norm)=0.62034;
pChk1_ref12_5_24h(norm)=0.52957;
pChk1_ref100_24h(norm)=0.53050;
pChk1_ref100_48h(norm)=0.65065;
kd_pChk1(norm)=0.47710;
k_cdc25(norm)=0.04322;
K_cdc25(norm)=0.34224;
kf_p53(norm)=0.73716;
k_p53(norm)=0.36331;
K_ATR(norm)=0.60339;
p53ser46_ref50_72h(norm)=0.73616;
kp_ser46(norm)=0.56173;
K_p53(norm)=0.25232;
upAsy(norm)=0.58411;
sness(norm)=0.70566;
k_apop(norm)=0.67952;
tED50(norm)=0.33617;
cell_pop_norm0_Jack_MGMT_P(norm)=0.16295;
k_dis(norm)=0.61207;

%%%%%%%%%

TMZout0_Ka_XTMZ=36.1286551214;
MGMT_P0=2.0197930300;
k_MGMT=60.8503448196;
k_addO=0.0103586266;
k_addN=0.1447723919;
DSB_72h_fac=1.1281959981;
k_DSBO=0.0003121779;
k_DSBN=0.0000400514;
k_CyA=2.6619781968;
fVX=0.0011597117;
kf_ATR_MGMT_P=0.0000109943;
k_ATR=0.0247389692;
K_add=0.0000760348;
kd_pATR=0.0042469782;
k_Chk1=398.5540031799;
C_Chk1=0.7665234697;
pChk1_ref12_5_24h=0.0072687707;
pChk1_ref100_24h=0.0072911189;
pChk1_ref100_48h=0.0091266383;
kd_pChk1=0.0744987511;
k_cdc25=152.3764145367;
K_cdc25=1.0978548463;
kf_p53=0.0007859950;
k_p53=30.7814175383;
K_ATR=0.0004213349;
p53ser46_ref50_72h=0.0006191439;
kp_ser46=3.7693550152;
K_p53=0.3994140963;
upAsy=0.2517311442;
sness=0.0046109473;
k_apop=0.0691121518;
tED50=301.7013189802;
cell_pop_norm0_Jack_MGMT_P=74.1888476706;
k_dis=0.0165859501;

%%%%%%%%%

cost=124.8964438220;

%%%%%%%%%

