TMZout0_Ka_XTMZ(norm)=0.42696;
MGMT_P0(norm)=0.83785;
k_MGMT(norm)=0.79654;
k_addO(norm)=0.52006;
k_addN(norm)=0.28611;
DSB_72h_fac(norm)=0.73698;
k_DSBO(norm)=0.66412;
k_DSBN(norm)=0.72028;
k_CyA(norm)=0.68979;
fVX(norm)=0.46139;
kf_ATR_MGMT_P(norm)=0.59543;
k_ATR(norm)=0.55222;
K_add(norm)=0.68977;
kd_pATR(norm)=0.69024;
k_Chk1(norm)=0.81521;
C_Chk1(norm)=0.61780;
pChk1_ref12_5_24h(norm)=0.69625;
pChk1_ref100_24h(norm)=0.70346;
pChk1_ref100_48h(norm)=0.69119;
kd_pChk1(norm)=0.53882;
k_cdc25(norm)=0.25160;
K_cdc25(norm)=0.55168;
kf_p53(norm)=0.40525;
k_p53(norm)=0.24977;
K_ATR(norm)=0.30136;
p53ser46_ref50_72h(norm)=0.37669;
kp_ser46(norm)=0.67499;
K_p53(norm)=0.78553;
upAsy(norm)=0.29913;
sness(norm)=0.21114;
k_apop(norm)=0.54198;
tED50(norm)=0.89113;
cell_pop_norm0_Jack_MGMT_P(norm)=0.14286;
k_dis(norm)=0.59943;

%%%%%%%%%

TMZout0_Ka_XTMZ=34.1925125613;
MGMT_P0=2.2887880053;
k_MGMT=50.0664808782;
k_addO=0.0103279283;
k_addN=0.1085086361;
DSB_72h_fac=1.1490660437;
k_DSBO=0.0003404629;
k_DSBN=0.0000464978;
k_CyA=2.2641426823;
fVX=0.0012371456;
kf_ATR_MGMT_P=0.0000109669;
k_ATR=0.0184950314;
K_add=0.0000792900;
kd_pATR=0.0034730243;
k_Chk1=529.1367250279;
C_Chk1=0.7660725409;
pChk1_ref12_5_24h=0.0078141380;
pChk1_ref100_24h=0.0078723040;
pChk1_ref100_48h=0.0091493368;
kd_pChk1=0.0754510519;
k_cdc25=223.0325721860;
K_cdc25=1.3020161173;
kf_p53=0.0005774333;
k_p53=22.5879510613;
K_ATR=0.0002708254;
p53ser46_ref50_72h=0.0004633963;
kp_ser46=4.5928884517;
K_p53=0.9797205906;
upAsy=0.2177151147;
sness=0.0028766402;
k_apop=0.0612274192;
tED50=530.8439986255;
cell_pop_norm0_Jack_MGMT_P=73.6592026057;
k_dis=0.0164543421;

%%%%%%%%%

cost=124.0741482944;

%%%%%%%%%

