TMZout0_Ka_XTMZ(norm)=0.23899;
MGMT_P0(norm)=0.50332;
k_MGMT(norm)=1.00000;
k_addO(norm)=0.56825;
k_addN(norm)=0.82124;
DSB_72h_fac(norm)=0.36670;
k_DSBO(norm)=0.74006;
k_DSBN(norm)=0.00010;
k_CyA(norm)=0.75268;
fVX(norm)=0.33021;
kf_ATR_MGMT_P(norm)=0.77171;
k_ATR(norm)=0.63718;
K_add(norm)=0.36781;
kd_pATR(norm)=0.66748;
k_Chk1(norm)=0.35341;
C_Chk1(norm)=0.10267;
pChk1_ref12_5_24h(norm)=0.16302;
pChk1_ref100_24h(norm)=0.22663;
pChk1_ref100_48h(norm)=0.11467;
kd_pChk1(norm)=0.80337;
k_cdc25(norm)=0.19619;
K_cdc25(norm)=0.50422;
kf_p53(norm)=0.81262;
k_p53(norm)=0.80061;
K_ATR(norm)=0.62116;
p53ser46_ref50_72h(norm)=0.91888;
kp_ser46(norm)=0.67023;
K_p53(norm)=0.62757;
upAsy(norm)=0.86580;
sness(norm)=0.64920;
k_apop(norm)=0.67946;
tED50(norm)=0.21781;
cell_pop_norm0_Jack_MGMT_P(norm)=0.49697;
k_dis(norm)=0.38854;

%%%%%%%%%

TMZout0_Ka_XTMZ=32.7483496345;
MGMT_P0=1.8358399656;
k_MGMT=66.6683225466;
k_addO=0.0109150282;
k_addN=0.1851155583;
DSB_72h_fac=0.8830759204;
k_DSBO=0.0003571002;
k_DSBN=0.0000224836;
k_CyA=2.3508717315;
fVX=0.0011362636;
kf_ATR_MGMT_P=0.0000127169;
k_ATR=0.0217233965;
K_add=0.0000583270;
kd_pATR=0.0041582070;
k_Chk1=394.6505284961;
C_Chk1=0.4943490430;
pChk1_ref12_5_24h=0.0053281815;
pChk1_ref100_24h=0.0056360584;
pChk1_ref100_48h=0.0057953952;
kd_pChk1=0.0982220838;
k_cdc25=173.4631258528;
K_cdc25=1.2593573843;
kf_p53=0.0008378909;
k_p53=44.5866703796;
K_ATR=0.0004277252;
p53ser46_ref50_72h=0.0007228215;
kp_ser46=4.1323012679;
K_p53=0.5489145678;
upAsy=0.3195882073;
sness=0.0043955877;
k_apop=0.0691086590;
tED50=272.9108657626;
cell_pop_norm0_Jack_MGMT_P=83.5755551257;
k_dis=0.0137241725;

%%%%%%%%%

cost=217.3412833366;

%%%%%%%%%

