TMZout0_Ka_XTMZ(norm)=1.00000;
MGMT_P0(norm)=0.00010;
k_MGMT(norm)=0.68712;
k_addO(norm)=0.53076;
k_addN(norm)=0.88107;
DSB_72h_fac(norm)=0.55640;
k_DSBO(norm)=0.76619;
k_DSBN(norm)=0.18872;
k_CyA(norm)=0.32961;
fVX(norm)=0.84964;
kf_ATR_MGMT_P(norm)=0.92798;
k_ATR(norm)=0.73221;
K_add(norm)=0.22613;
kd_pATR(norm)=0.64034;
k_Chk1(norm)=0.66551;
C_Chk1(norm)=0.10979;
pChk1_ref12_5_24h(norm)=0.54132;
pChk1_ref100_24h(norm)=0.62645;
pChk1_ref100_48h(norm)=0.89921;
kd_pChk1(norm)=0.55122;
k_cdc25(norm)=0.36906;
K_cdc25(norm)=0.99405;
kf_p53(norm)=0.42261;
k_p53(norm)=0.79180;
K_ATR(norm)=0.67979;
p53ser46_ref50_72h(norm)=0.25864;
kp_ser46(norm)=0.58513;
K_p53(norm)=0.74277;
upAsy(norm)=0.51800;
sness(norm)=0.53966;
k_apop(norm)=1.00000;
tED50(norm)=0.51105;
cell_pop_norm0_Jack_MGMT_P(norm)=0.71323;
k_dis(norm)=0.37680;

%%%%%%%%%

TMZout0_Ka_XTMZ=39.0000000000;
MGMT_P0=1.3426454420;
k_MGMT=51.1430527286;
k_addO=0.0105737538;
k_addN=0.1947409913;
DSB_72h_fac=1.0137840957;
k_DSBO=0.0003650957;
k_DSBN=0.0000263798;
k_CyA=1.6426610337;
fVX=0.0017644791;
kf_ATR_MGMT_P=0.0000145172;
k_ATR=0.0235447353;
K_add=0.0000517289;
kd_pATR=0.0040636642;
k_Chk1=514.1130017423;
C_Chk1=0.4973398642;
pChk1_ref12_5_24h=0.0073414666;
pChk1_ref100_24h=0.0079086196;
pChk1_ref100_48h=0.0112661405;
kd_pChk1=0.0793273004;
k_cdc25=200.8265273015;
K_cdc25=1.9071954600;
kf_p53=0.0006021061;
k_p53=44.2550051539;
K_ATR=0.0004495121;
p53ser46_ref50_72h=0.0004131212;
kp_ser46=3.8448490396;
K_p53=0.6051963165;
upAsy=0.2380177586;
sness=0.0040059641;
k_apop=0.0906739715;
tED50=349.8867332143;
cell_pop_norm0_Jack_MGMT_P=90.2773303617;
k_dis=0.0135883057;

%%%%%%%%%

cost=700.2770354018;

%%%%%%%%%

