TMZout0_Ka_XTMZ(norm)=0.53421;
MGMT_P0(norm)=0.04482;
k_MGMT(norm)=0.49231;
k_addO(norm)=0.57736;
k_addN(norm)=0.23518;
DSB_72h_fac(norm)=0.24488;
k_DSBO(norm)=0.55682;
k_DSBN(norm)=0.11291;
k_CyA(norm)=0.34331;
fVX(norm)=0.00010;
kf_ATR_MGMT_P(norm)=0.99323;
k_ATR(norm)=0.47316;
K_add(norm)=0.36411;
kd_pATR(norm)=0.59873;
k_Chk1(norm)=0.35575;
C_Chk1(norm)=0.00010;
pChk1_ref12_5_24h(norm)=0.69569;
pChk1_ref100_24h(norm)=1.00000;
pChk1_ref100_48h(norm)=0.38437;
kd_pChk1(norm)=0.70337;
k_cdc25(norm)=0.00010;
K_cdc25(norm)=0.48728;
kf_p53(norm)=0.78916;
k_p53(norm)=0.14363;
K_ATR(norm)=0.70780;
p53ser46_ref50_72h(norm)=0.57653;
kp_ser46(norm)=0.43873;
K_p53(norm)=0.32669;
upAsy(norm)=0.00010;
sness(norm)=0.38667;
k_apop(norm)=0.21288;
tED50(norm)=0.78245;
cell_pop_norm0_Jack_MGMT_P(norm)=0.28949;
k_dis(norm)=0.49416;

%%%%%%%%%

TMZout0_Ka_XTMZ=35.0448613197;
MGMT_P0=1.4863386081;
k_MGMT=38.6901471625;
k_addO=0.0108416932;
k_addN=0.1039258587;
DSB_72h_fac=0.7940490838;
k_DSBO=0.0003108758;
k_DSBN=0.0000277929;
k_CyA=1.6881283667;
fVX=0.0008369071;
kf_ATR_MGMT_P=0.0000153626;
k_ATR=0.0172966525;
K_add=0.0000601704;
kd_pATR=0.0032139169;
k_Chk1=358.5070589798;
C_Chk1=0.4539091817;
pChk1_ref12_5_24h=0.0078104560;
pChk1_ref100_24h=0.0101209671;
pChk1_ref100_48h=0.0070548495;
kd_pChk1=0.0867392600;
k_cdc25=180.2280146999;
K_cdc25=1.2328785045;
kf_p53=0.0007994121;
k_p53=20.6451327204;
K_ATR=0.0003821638;
p53ser46_ref50_72h=0.0005488918;
kp_ser46=3.7596411840;
K_p53=0.6641424766;
upAsy=0.1689873208;
sness=0.0033379251;
k_apop=0.0463281983;
tED50=484.1452906077;
cell_pop_norm0_Jack_MGMT_P=77.6142161907;
k_dis=0.0150502898;

%%%%%%%%%

cost=100000.0000000000;

%%%%%%%%%

