TMZout0_Ka_XTMZ(norm)=0.20372;
MGMT_P0(norm)=0.71744;
k_MGMT(norm)=0.88044;
k_addO(norm)=0.59456;
k_addN(norm)=0.79920;
DSB_72h_fac(norm)=0.78302;
k_DSBO(norm)=0.75804;
k_DSBN(norm)=0.46307;
k_CyA(norm)=0.21002;
fVX(norm)=0.64841;
kf_ATR_MGMT_P(norm)=0.59393;
k_ATR(norm)=0.80512;
K_add(norm)=0.57445;
kd_pATR(norm)=0.99365;
k_Chk1(norm)=0.56276;
C_Chk1(norm)=0.64385;
pChk1_ref12_5_24h(norm)=0.59505;
pChk1_ref100_24h(norm)=0.60372;
pChk1_ref100_48h(norm)=0.57983;
kd_pChk1(norm)=0.65439;
k_cdc25(norm)=0.10473;
K_cdc25(norm)=0.55659;
kf_p53(norm)=0.59377;
k_p53(norm)=0.46837;
K_ATR(norm)=0.62849;
p53ser46_ref50_72h(norm)=0.57959;
kp_ser46(norm)=0.47198;
K_p53(norm)=0.70011;
upAsy(norm)=0.25297;
sness(norm)=0.41434;
k_apop(norm)=0.72802;
tED50(norm)=0.36229;
cell_pop_norm0_Jack_MGMT_P(norm)=0.13932;
k_dis(norm)=0.63139;

%%%%%%%%%

TMZout0_Ka_XTMZ=32.4842828408;
MGMT_P0=2.1435658416;
k_MGMT=53.7551911009;
k_addO=0.0110008297;
k_addN=0.1675980330;
DSB_72h_fac=1.1894913987;
k_DSBO=0.0003686656;
k_DSBN=0.0000373926;
k_CyA=1.5078532966;
fVX=0.0014495710;
kf_ATR_MGMT_P=0.0000109529;
k_ATR=0.0229147711;
K_add=0.0000719095;
kd_pATR=0.0044911443;
k_Chk1=427.2427099950;
C_Chk1=0.7831657936;
pChk1_ref12_5_24h=0.0071720053;
pChk1_ref100_24h=0.0072343332;
pChk1_ref100_48h=0.0083255286;
kd_pChk1=0.0832132650;
k_cdc25=196.9348675577;
K_cdc25=1.3074441484;
kf_p53=0.0006774454;
k_p53=27.1841292902;
K_ATR=0.0003573265;
p53ser46_ref50_72h=0.0005503160;
kp_ser46=3.8670715990;
K_p53=0.9113206722;
upAsy=0.2093642745;
sness=0.0034170877;
k_apop=0.0716808777;
tED50=339.1304301357;
cell_pop_norm0_Jack_MGMT_P=73.5663053153;
k_dis=0.0169060797;

%%%%%%%%%

cost=124.1625495248;

%%%%%%%%%

