TMZout0_Ka_XTMZ(norm)=0.00010;
MGMT_P0(norm)=1.00000;
k_MGMT(norm)=1.00000;
k_addO(norm)=0.53843;
k_addN(norm)=0.22222;
DSB_72h_fac(norm)=0.16493;
k_DSBO(norm)=0.90964;
k_DSBN(norm)=0.43908;
k_CyA(norm)=0.50964;
fVX(norm)=1.00000;
kf_ATR_MGMT_P(norm)=0.71797;
k_ATR(norm)=0.45024;
K_add(norm)=0.37048;
kd_pATR(norm)=0.74401;
k_Chk1(norm)=0.07539;
C_Chk1(norm)=0.34898;
pChk1_ref12_5_24h(norm)=0.00010;
pChk1_ref100_24h(norm)=0.93631;
pChk1_ref100_48h(norm)=1.00000;
kd_pChk1(norm)=0.19368;
k_cdc25(norm)=0.86746;
K_cdc25(norm)=0.69384;
kf_p53(norm)=0.61818;
k_p53(norm)=0.31589;
K_ATR(norm)=0.35319;
p53ser46_ref50_72h(norm)=0.55070;
kp_ser46(norm)=0.65465;
K_p53(norm)=0.51329;
upAsy(norm)=0.99177;
sness(norm)=0.98814;
k_apop(norm)=0.75022;
tED50(norm)=0.69352;
cell_pop_norm0_Jack_MGMT_P(norm)=0.94156;
k_dis(norm)=0.36143;

%%%%%%%%%

TMZout0_Ka_XTMZ=31.0007116889;
MGMT_P0=2.5000000000;
k_MGMT=66.6683225466;
k_addO=0.0106426963;
k_addN=0.1114336536;
DSB_72h_fac=0.7624915854;
k_DSBO=0.0004122805;
k_DSBN=0.0000326136;
k_CyA=1.9133571481;
fVX=0.0020042231;
kf_ATR_MGMT_P=0.0000121508;
k_ATR=0.0185411278;
K_add=0.0000584588;
kd_pATR=0.0044367494;
k_Chk1=311.8228199268;
C_Chk1=0.6090728918;
pChk1_ref12_5_24h=0.0046411643;
pChk1_ref100_24h=0.0102831064;
pChk1_ref100_48h=0.0122705020;
kd_pChk1=0.0585942803;
k_cdc25=306.3501286421;
K_cdc25=1.4788496955;
kf_p53=0.0007106203;
k_p53=29.5692928663;
K_ATR=0.0003408458;
p53ser46_ref50_72h=0.0005291122;
kp_ser46=4.0781105527;
K_p53=0.4982585605;
upAsy=0.3555855366;
sness=0.0058578128;
k_apop=0.0733783131;
tED50=408.3871364014;
cell_pop_norm0_Jack_MGMT_P=97.9372424500;
k_dis=0.0134124620;

%%%%%%%%%

cost=316.3636050174;

%%%%%%%%%

