TMZout0_Ka_XTMZ(norm)=0.16983;
MGMT_P0(norm)=0.64103;
k_MGMT(norm)=0.61632;
k_addO(norm)=0.26086;
k_addN(norm)=0.35447;
DSB_72h_fac(norm)=0.00261;
k_DSBO(norm)=0.10103;
k_DSBN(norm)=0.10253;
k_CyA(norm)=0.92404;
fVX(norm)=0.29518;
kf_ATR_MGMT_P(norm)=0.50411;
k_ATR(norm)=0.62198;
K_add(norm)=0.30743;
kd_pATR(norm)=0.17070;
k_Chk1(norm)=0.00010;
C_Chk1(norm)=0.53972;
pChk1_ref12_5_24h(norm)=0.64421;
pChk1_ref100_24h(norm)=0.67859;
pChk1_ref100_48h(norm)=0.93055;
kd_pChk1(norm)=0.61598;
k_cdc25(norm)=0.61781;
K_cdc25(norm)=0.58472;
kf_p53(norm)=0.63532;
k_p53(norm)=0.80499;
K_ATR(norm)=0.64806;
p53ser46_ref50_72h(norm)=0.58988;
kp_ser46(norm)=0.82559;
K_p53(norm)=0.76674;
upAsy(norm)=0.49390;
sness(norm)=0.71697;
k_apop(norm)=0.62629;
tED50(norm)=0.31240;
cell_pop_norm0_Jack_MGMT_P(norm)=0.17877;
k_dis(norm)=0.67577;

%%%%%%%%%

TMZout0_Ka_XTMZ=32.2325450392;
MGMT_P0=1.9999331520;
k_MGMT=48.1654819481;
k_addO=0.0084122529;
k_addN=0.1246470428;
DSB_72h_fac=0.6775496491;
k_DSBO=0.0002077976;
k_DSBN=0.0000245220;
k_CyA=2.7182094560;
fVX=0.0011030330;
kf_ATR_MGMT_P=0.0000101369;
k_ATR=0.0214453743;
K_add=0.0000554181;
kd_pATR=0.0027296259;
k_Chk1=292.5525408855;
C_Chk1=0.7159070985;
pChk1_ref12_5_24h=0.0080102360;
pChk1_ref100_24h=0.0082658188;
pChk1_ref100_48h=0.0115693124;
kd_pChk1=0.0838013950;
k_cdc25=247.9437676103;
K_cdc25=1.3482577156;
kf_p53=0.0007210137;
k_p53=44.7523799487;
K_ATR=0.0004375887;
p53ser46_ref50_72h=0.0005469746;
kp_ser46=4.7137104248;
K_p53=0.6176120980;
upAsy=0.2332068352;
sness=0.0046553544;
k_apop=0.0660642142;
tED50=295.6839406358;
cell_pop_norm0_Jack_MGMT_P=74.6087861604;
k_dis=0.0175056995;

%%%%%%%%%

cost=203.1654066145;

%%%%%%%%%

