TMZout0_Ka_XTMZ(norm)=0.19089;
MGMT_P0(norm)=0.38361;
k_MGMT(norm)=0.00010;
k_addO(norm)=1.00000;
k_addN(norm)=0.42361;
DSB_72h_fac(norm)=0.33919;
k_DSBO(norm)=0.20089;
k_DSBN(norm)=0.52339;
k_CyA(norm)=0.39668;
fVX(norm)=0.55633;
kf_ATR_MGMT_P(norm)=0.43457;
k_ATR(norm)=0.92610;
K_add(norm)=0.24429;
kd_pATR(norm)=0.86472;
k_Chk1(norm)=0.22813;
C_Chk1(norm)=0.81860;
pChk1_ref12_5_24h(norm)=0.60981;
pChk1_ref100_24h(norm)=1.00000;
pChk1_ref100_48h(norm)=0.86496;
kd_pChk1(norm)=0.88458;
k_cdc25(norm)=0.40893;
K_cdc25(norm)=0.37001;
kf_p53(norm)=0.97897;
k_p53(norm)=0.27746;
K_ATR(norm)=0.15919;
p53ser46_ref50_72h(norm)=0.55074;
kp_ser46(norm)=0.30202;
K_p53(norm)=0.25252;
upAsy(norm)=0.37395;
sness(norm)=0.71506;
k_apop(norm)=0.17920;
tED50(norm)=0.65519;
cell_pop_norm0_Jack_MGMT_P(norm)=0.29002;
k_dis(norm)=0.00010;

%%%%%%%%%

TMZout0_Ka_XTMZ=32.3887000426;
MGMT_P0=1.7041647766;
k_MGMT=28.5745592480;
k_addO=0.0157361294;
k_addN=0.1321670492;
DSB_72h_fac=0.8655718267;
k_DSBO=0.0002261462;
k_DSBN=0.0000350286;
k_CyA=1.7387079134;
fVX=0.0013762134;
kf_ATR_MGMT_P=0.0000095569;
k_ATR=0.0277485855;
K_add=0.0000525310;
kd_pATR=0.0049145395;
k_Chk1=354.9058187703;
C_Chk1=0.9067320426;
pChk1_ref12_5_24h=0.0077801370;
pChk1_ref100_24h=0.0108532287;
pChk1_ref100_48h=0.0109438938;
kd_pChk1=0.1052178712;
k_cdc25=207.7264394064;
K_cdc25=1.1239879297;
kf_p53=0.0009647184;
k_p53=28.6219527815;
K_ATR=0.0002891811;
p53ser46_ref50_72h=0.0005291305;
kp_ser46=3.0248178619;
K_p53=0.3994816587;
upAsy=0.2106695719;
sness=0.0046478314;
k_apop=0.0452323008;
tED50=395.3358477198;
cell_pop_norm0_Jack_MGMT_P=77.6287184189;
k_dis=0.0098752604;

%%%%%%%%%

cost=1567.8146571667;

%%%%%%%%%

