TMZout0_Ka_XTMZ(norm)=0.52248;
MGMT_P0(norm)=0.49612;
k_MGMT(norm)=0.43058;
k_addO(norm)=0.33370;
k_addN(norm)=0.65397;
DSB_72h_fac(norm)=0.47035;
k_DSBO(norm)=0.66462;
k_DSBN(norm)=0.44393;
k_CyA(norm)=0.39729;
fVX(norm)=0.69531;
kf_ATR_MGMT_P(norm)=0.86479;
k_ATR(norm)=0.60976;
K_add(norm)=0.33936;
kd_pATR(norm)=0.55046;
k_Chk1(norm)=0.38959;
C_Chk1(norm)=0.80391;
pChk1_ref12_5_24h(norm)=0.41817;
pChk1_ref100_24h(norm)=0.54212;
pChk1_ref100_48h(norm)=0.65165;
kd_pChk1(norm)=0.46392;
k_cdc25(norm)=0.68323;
K_cdc25(norm)=0.77264;
kf_p53(norm)=0.82803;
k_p53(norm)=0.63138;
K_ATR(norm)=0.52847;
p53ser46_ref50_72h(norm)=0.92851;
kp_ser46(norm)=0.36835;
K_p53(norm)=0.59468;
upAsy(norm)=0.57013;
sness(norm)=0.24820;
k_apop(norm)=0.72788;
tED50(norm)=0.05075;
cell_pop_norm0_Jack_MGMT_P(norm)=0.00010;
k_dis(norm)=0.01314;

%%%%%%%%%

TMZout0_Ka_XTMZ=34.9505718094;
MGMT_P0=1.8276349749;
k_MGMT=41.1515291793;
k_addO=0.0089478093;
k_addN=0.1606536281;
DSB_72h_fac=0.9522499027;
k_DSBO=0.0003349878;
k_DSBN=0.0000327479;
k_CyA=1.7396112373;
fVX=0.0015481958;
kf_ATR_MGMT_P=0.0000137604;
k_ATR=0.0212243530;
K_add=0.0000569375;
kd_pATR=0.0037656762;
k_Chk1=406.9355911677;
C_Chk1=0.8955147675;
pChk1_ref12_5_24h=0.0066140541;
pChk1_ref100_24h=0.0073632228;
pChk1_ref100_48h=0.0091343735;
kd_pChk1=0.0736714499;
k_cdc25=262.0757142855;
K_cdc25=1.5809651077;
kf_p53=0.0008488966;
k_p53=38.6307177278;
K_ATR=0.0003954194;
p53ser46_ref50_72h=0.0007287403;
kp_ser46=3.1996994700;
K_p53=0.5338314734;
upAsy=0.2487659660;
sness=0.0031293609;
k_apop=0.0720027895;
tED50=236.8902306791;
cell_pop_norm0_Jack_MGMT_P=70.0024967691;
k_dis=0.0099849628;

%%%%%%%%%

cost=288.8612094930;

%%%%%%%%%

