TMZout0_Ka_XTMZ(norm)=0.59817;
MGMT_P0(norm)=0.00010;
k_MGMT(norm)=0.57268;
k_addO(norm)=0.33916;
k_addN(norm)=0.63189;
DSB_72h_fac(norm)=0.60468;
k_DSBO(norm)=0.60663;
k_DSBN(norm)=0.45881;
k_CyA(norm)=0.09814;
fVX(norm)=0.50879;
kf_ATR_MGMT_P(norm)=0.85821;
k_ATR(norm)=0.57018;
K_add(norm)=0.70638;
kd_pATR(norm)=0.93368;
k_Chk1(norm)=1.00000;
C_Chk1(norm)=0.76936;
pChk1_ref12_5_24h(norm)=0.11055;
pChk1_ref100_24h(norm)=0.19590;
pChk1_ref100_48h(norm)=0.45834;
kd_pChk1(norm)=0.55117;
k_cdc25(norm)=0.63299;
K_cdc25(norm)=1.00000;
kf_p53(norm)=0.43945;
k_p53(norm)=0.56314;
K_ATR(norm)=0.27961;
p53ser46_ref50_72h(norm)=0.39344;
kp_ser46(norm)=0.90510;
K_p53(norm)=0.34239;
upAsy(norm)=0.26015;
sness(norm)=0.83092;
k_apop(norm)=0.41249;
tED50(norm)=0.26182;
cell_pop_norm0_Jack_MGMT_P(norm)=0.54718;
k_dis(norm)=0.40623;

%%%%%%%%%

TMZout0_Ka_XTMZ=35.5631845607;
MGMT_P0=1.3426454420;
k_MGMT=46.4168768588;
k_addO=0.0089892479;
k_addN=0.1576762032;
DSB_72h_fac=1.0500288517;
k_DSBO=0.0003189271;
k_DSBN=0.0000331636;
k_CyA=1.3501209298;
fVX=0.0013218819;
kf_ATR_MGMT_P=0.0000136839;
k_ATR=0.0205244702;
K_add=0.0000777062;
kd_pATR=0.0052102494;
k_Chk1=682.5647593832;
C_Chk1=0.8696793295;
pChk1_ref12_5_24h=0.0050964612;
pChk1_ref100_24h=0.0054912326;
pChk1_ref100_48h=0.0077543118;
kd_pChk1=0.0793237645;
k_cdc25=251.1549347573;
K_cdc25=1.9168368689;
kf_p53=0.0006107540;
k_p53=36.4605243382;
K_ATR=0.0003202464;
p53ser46_ref50_72h=0.0004631049;
kp_ser46=5.0422047233;
K_p53=0.4310899325;
upAsy=0.1913046867;
sness=0.0051272229;
k_apop=0.0551178819;
tED50=283.2811621957;
cell_pop_norm0_Jack_MGMT_P=85.0859107171;
k_dis=0.0139314021;

%%%%%%%%%

cost=261.7701963198;

%%%%%%%%%

