TMZout0_Ka_XTMZ(norm)=0.84317;
MGMT_P0(norm)=0.60092;
k_MGMT(norm)=0.33273;
k_addO(norm)=0.69494;
k_addN(norm)=0.41645;
DSB_72h_fac(norm)=0.28792;
k_DSBO(norm)=0.30686;
k_DSBN(norm)=0.32014;
k_CyA(norm)=0.88694;
fVX(norm)=0.60231;
kf_ATR_MGMT_P(norm)=0.84647;
k_ATR(norm)=0.45972;
K_add(norm)=0.69752;
kd_pATR(norm)=0.78652;
k_Chk1(norm)=0.06530;
C_Chk1(norm)=0.76323;
pChk1_ref12_5_24h(norm)=0.17482;
pChk1_ref100_24h(norm)=0.32335;
pChk1_ref100_48h(norm)=0.80031;
kd_pChk1(norm)=0.50975;
k_cdc25(norm)=0.24722;
K_cdc25(norm)=0.00010;
kf_p53(norm)=0.71464;
k_p53(norm)=0.70546;
K_ATR(norm)=0.54451;
p53ser46_ref50_72h(norm)=0.77095;
kp_ser46(norm)=0.58870;
K_p53(norm)=0.04593;
upAsy(norm)=0.80818;
sness(norm)=0.47739;
k_apop(norm)=0.33128;
tED50(norm)=1.00000;
cell_pop_norm0_Jack_MGMT_P(norm)=0.30674;
k_dis(norm)=0.31632;

%%%%%%%%%

TMZout0_Ka_XTMZ=37.6208508022;
MGMT_P0=2.0118177390;
k_MGMT=33.7970254085;
k_addO=0.0119774120;
k_addN=0.1211787315;
DSB_72h_fac=0.8201336901;
k_DSBO=0.0002515408;
k_DSBN=0.0000331276;
k_CyA=2.6757837037;
fVX=0.0013940460;
kf_ATR_MGMT_P=0.0000135662;
k_ATR=0.0171008876;
K_add=0.0000798124;
kd_pATR=0.0037682068;
k_Chk1=280.2965564629;
C_Chk1=0.8665307457;
pChk1_ref12_5_24h=0.0050234938;
pChk1_ref100_24h=0.0057046906;
pChk1_ref100_48h=0.0100356204;
kd_pChk1=0.0736157565;
k_cdc25=222.2063721583;
K_cdc25=0.8159212781;
kf_p53=0.0007505026;
k_p53=33.2322722598;
K_ATR=0.0003327836;
p53ser46_ref50_72h=0.0006471863;
kp_ser46=4.2690683296;
K_p53=0.5235343449;
upAsy=0.3351274579;
sness=0.0036046207;
k_apop=0.0512169333;
tED50=582.1404884586;
cell_pop_norm0_Jack_MGMT_P=78.0931061898;
k_dis=0.0129450196;

%%%%%%%%%

cost=247.6066801549;

%%%%%%%%%

