TMZout0_Ka_XTMZ(norm)=0.49250;
MGMT_P0(norm)=0.85460;
k_MGMT(norm)=0.73291;
k_addO(norm)=0.61971;
k_addN(norm)=0.87587;
DSB_72h_fac(norm)=0.60090;
k_DSBO(norm)=0.51825;
k_DSBN(norm)=0.27638;
k_CyA(norm)=0.96897;
fVX(norm)=0.24621;
kf_ATR_MGMT_P(norm)=0.62696;
k_ATR(norm)=0.51449;
K_add(norm)=0.62647;
kd_pATR(norm)=0.36245;
k_Chk1(norm)=0.51463;
C_Chk1(norm)=0.58168;
pChk1_ref12_5_24h(norm)=0.54992;
pChk1_ref100_24h(norm)=0.56331;
pChk1_ref100_48h(norm)=0.58196;
kd_pChk1(norm)=0.54477;
k_cdc25(norm)=0.63328;
K_cdc25(norm)=0.48571;
kf_p53(norm)=0.13117;
k_p53(norm)=0.55566;
K_ATR(norm)=0.54404;
p53ser46_ref50_72h(norm)=0.14886;
kp_ser46(norm)=0.68739;
K_p53(norm)=0.57708;
upAsy(norm)=0.86957;
sness(norm)=0.81908;
k_apop(norm)=0.57121;
tED50(norm)=0.87642;
cell_pop_norm0_Jack_MGMT_P(norm)=0.15970;
k_dis(norm)=0.58429;

%%%%%%%%%

TMZout0_Ka_XTMZ=34.7108829474;
MGMT_P0=2.2839248306;
k_MGMT=53.1664748947;
k_addO=0.0114014318;
k_addN=0.1938855590;
DSB_72h_fac=1.0471433468;
k_DSBO=0.0002959160;
k_DSBN=0.0000284139;
k_CyA=2.8236918026;
fVX=0.0010582038;
kf_ATR_MGMT_P=0.0000112490;
k_ATR=0.0195784567;
K_add=0.0000726186;
kd_pATR=0.0032111505;
k_Chk1=452.4178555268;
C_Chk1=0.7418206392;
pChk1_ref12_5_24h=0.0073951904;
pChk1_ref100_24h=0.0074966749;
pChk1_ref100_48h=0.0086105913;
kd_pChk1=0.0788950157;
k_cdc25=251.2163816866;
K_cdc25=1.2397590342;
kf_p53=0.0004703572;
k_p53=36.2300769872;
K_ATR=0.0004006715;
p53ser46_ref50_72h=0.0003764276;
kp_ser46=4.1928087641;
K_p53=0.5259300443;
upAsy=0.3206097427;
sness=0.0050760756;
k_apop=0.0630519712;
tED50=476.8444364085;
cell_pop_norm0_Jack_MGMT_P=74.1030975209;
k_dis=0.0162000426;

%%%%%%%%%

cost=124.4711887096;

%%%%%%%%%

