TMZout0_Ka_XTMZ(norm)=1.00000;
MGMT_P0(norm)=0.00100;
k_MGMT(norm)=0.31038;
k_addO(norm)=0.70019;
k_addN(norm)=0.55506;
DSB_72h_fac(norm)=0.56300;
k_DSBO(norm)=0.01016;
k_DSBN(norm)=0.45357;
k_CyA(norm)=0.52386;
fVX(norm)=0.54059;
kf_ATR_MGMT_P(norm)=0.60905;
k_ATR(norm)=0.27410;
K_add(norm)=0.55052;
kd_pATR(norm)=0.74409;
k_Chk1(norm)=0.27154;
C_Chk1(norm)=0.75799;
pChk1_ref12_5_24h(norm)=0.20630;
pChk1_ref100_24h(norm)=0.27076;
pChk1_ref100_48h(norm)=0.72319;
kd_pChk1(norm)=0.69906;
k_cdc25(norm)=0.58658;
K_cdc25(norm)=0.38195;
kf_p53(norm)=0.07959;
k_p53(norm)=0.90869;
K_ATR(norm)=0.10715;
p53ser46_ref50_72h(norm)=0.36839;
kp_ser46(norm)=0.77273;
K_p53(norm)=0.32936;
upAsy(norm)=0.38859;
sness(norm)=0.80254;
k_apop(norm)=0.45089;
tED50(norm)=0.74182;
cell_pop_norm0_Jack_MGMT_P(norm)=0.23434;
k_dis(norm)=0.61843;

%%%%%%%%%

TMZout0_Ka_XTMZ=39.0000000000;
MGMT_P0=1.3433984818;
k_MGMT=37.1666771719;
k_addO=0.0122059898;
k_addN=0.1477381215;
DSB_72h_fac=1.0186636764;
k_DSBO=0.0001923988;
k_DSBN=0.0000330165;
k_CyA=1.9365482095;
fVX=0.0013579849;
kf_ATR_MGMT_P=0.0000110796;
k_ATR=0.0159706018;
K_add=0.0000680929;
kd_pATR=0.0044370586;
k_Chk1=368.2020328529;
C_Chk1=0.8613446811;
pChk1_ref12_5_24h=0.0055271978;
pChk1_ref100_24h=0.0058507885;
pChk1_ref100_48h=0.0097051502;
kd_pChk1=0.0899131774;
k_cdc25=241.4689507327;
K_cdc25=1.1354187334;
kf_p53=0.0004502458;
k_p53=48.8625715630;
K_ATR=0.0002767079;
p53ser46_ref50_72h=0.0004533796;
kp_ser46=4.5072142016;
K_p53=0.4263553143;
upAsy=0.2132997817;
sness=0.0050054260;
k_apop=0.0569406989;
tED50=425.4456870970;
cell_pop_norm0_Jack_MGMT_P=76.1021762645;
k_dis=0.0166754630;

%%%%%%%%%

cost=240.2652206167;

%%%%%%%%%

