TMZout0_Ka_XTMZ(norm)=0.81198;
MGMT_P0(norm)=0.84378;
k_MGMT(norm)=0.67327;
k_addO(norm)=0.72399;
k_addN(norm)=0.17262;
DSB_72h_fac(norm)=0.00010;
k_DSBO(norm)=0.25827;
k_DSBN(norm)=0.36668;
k_CyA(norm)=0.29772;
fVX(norm)=1.00000;
kf_ATR_MGMT_P(norm)=0.92415;
k_ATR(norm)=0.27347;
K_add(norm)=0.60934;
kd_pATR(norm)=0.48551;
k_Chk1(norm)=1.00000;
C_Chk1(norm)=0.37389;
pChk1_ref12_5_24h(norm)=0.47193;
pChk1_ref100_24h(norm)=0.49470;
pChk1_ref100_48h(norm)=0.84724;
kd_pChk1(norm)=0.89698;
k_cdc25(norm)=0.59026;
K_cdc25(norm)=0.12372;
kf_p53(norm)=0.52760;
k_p53(norm)=1.00000;
K_ATR(norm)=0.32656;
p53ser46_ref50_72h(norm)=0.63345;
kp_ser46(norm)=0.60490;
K_p53(norm)=0.33838;
upAsy(norm)=0.70204;
sness(norm)=0.69906;
k_apop(norm)=1.00000;
tED50(norm)=0.25127;
cell_pop_norm0_Jack_MGMT_P(norm)=0.15100;
k_dis(norm)=0.00010;

%%%%%%%%%

TMZout0_Ka_XTMZ=37.3524125806;
MGMT_P0=2.2754124330;
k_MGMT=42.2832348579;
k_addO=0.0114512736;
k_addN=0.0807595471;
DSB_72h_fac=0.6550158473;
k_DSBO=0.0002456361;
k_DSBN=0.0000340027;
k_CyA=1.8363249874;
fVX=0.0018062589;
kf_ATR_MGMT_P=0.0000142551;
k_ATR=0.0189060456;
K_add=0.0000763454;
kd_pATR=0.0031082251;
k_Chk1=573.9700930324;
C_Chk1=0.6345639789;
pChk1_ref12_5_24h=0.0070465480;
pChk1_ref100_24h=0.0071955821;
pChk1_ref100_48h=0.0113087729;
kd_pChk1=0.0991573588;
k_cdc25=255.7365652338;
K_cdc25=0.8918445449;
kf_p53=0.0005626419;
k_p53=52.3183656414;
K_ATR=0.0003783195;
p53ser46_ref50_72h=0.0004884576;
kp_ser46=3.4233563369;
K_p53=0.4999826030;
upAsy=0.2748886005;
sness=0.0041961565;
k_apop=0.0938532913;
tED50=329.0247890125;
cell_pop_norm0_Jack_MGMT_P=73.8734463569;
k_dis=0.0099479497;

%%%%%%%%%

cost=380.4465741530;

%%%%%%%%%

