TMZout0_Ka_XTMZ(norm)=0.23013;
MGMT_P0(norm)=0.88379;
k_MGMT(norm)=0.48380;
k_addO(norm)=0.55986;
k_addN(norm)=0.46467;
DSB_72h_fac(norm)=0.67483;
k_DSBO(norm)=0.65631;
k_DSBN(norm)=0.57181;
k_CyA(norm)=0.78790;
fVX(norm)=0.37010;
kf_ATR_MGMT_P(norm)=0.60367;
k_ATR(norm)=0.51354;
K_add(norm)=0.72362;
kd_pATR(norm)=0.22474;
k_Chk1(norm)=0.36931;
C_Chk1(norm)=0.57647;
pChk1_ref12_5_24h(norm)=0.38846;
pChk1_ref100_24h(norm)=0.38792;
pChk1_ref100_48h(norm)=0.50164;
kd_pChk1(norm)=0.58856;
k_cdc25(norm)=0.49701;
K_cdc25(norm)=0.59995;
kf_p53(norm)=0.49957;
k_p53(norm)=0.39011;
K_ATR(norm)=0.41769;
p53ser46_ref50_72h(norm)=0.54373;
kp_ser46(norm)=0.69656;
K_p53(norm)=0.86345;
upAsy(norm)=0.44702;
sness(norm)=0.59068;
k_apop(norm)=0.50567;
tED50(norm)=0.57068;
cell_pop_norm0_Jack_MGMT_P(norm)=0.15255;
k_dis(norm)=0.59049;

%%%%%%%%%

TMZout0_Ka_XTMZ=32.6818395638;
MGMT_P0=2.3257549761;
k_MGMT=43.0497331402;
k_addO=0.0108376703;
k_addN=0.1368462665;
DSB_72h_fac=1.1050227405;
k_DSBO=0.0003326396;
k_DSBN=0.0000364956;
k_CyA=2.4220812947;
fVX=0.0011753225;
kf_ATR_MGMT_P=0.0000110292;
k_ATR=0.0195627234;
K_add=0.0000788495;
kd_pATR=0.0028575111;
k_Chk1=400.0051853325;
C_Chk1=0.7385498940;
pChk1_ref12_5_24h=0.0064496471;
pChk1_ref100_24h=0.0064613981;
pChk1_ref100_48h=0.0080440867;
kd_pChk1=0.0818771152;
k_cdc25=223.8210490636;
K_cdc25=1.3657679160;
kf_p53=0.0006426759;
k_p53=31.4883037215;
K_ATR=0.0003599920;
p53ser46_ref50_72h=0.0005259960;
kp_ser46=4.2255348563;
K_p53=0.6703529372;
upAsy=0.2241246115;
sness=0.0041829206;
k_apop=0.0596461217;
tED50=368.0190631398;
cell_pop_norm0_Jack_MGMT_P=73.9141983889;
k_dis=0.0162853298;

%%%%%%%%%

cost=123.8582351186;

%%%%%%%%%

