TMZout0_Ka_XTMZ(norm)=0.37308;
MGMT_P0(norm)=0.85452;
k_MGMT(norm)=0.65693;
k_addO(norm)=0.40053;
k_addN(norm)=0.18677;
DSB_72h_fac(norm)=0.10357;
k_DSBO(norm)=0.57217;
k_DSBN(norm)=0.00010;
k_CyA(norm)=0.40338;
fVX(norm)=0.67638;
kf_ATR_MGMT_P(norm)=0.27877;
k_ATR(norm)=0.25124;
K_add(norm)=0.00010;
kd_pATR(norm)=0.16185;
k_Chk1(norm)=0.69393;
C_Chk1(norm)=0.09758;
pChk1_ref12_5_24h(norm)=0.84259;
pChk1_ref100_24h(norm)=0.66913;
pChk1_ref100_48h(norm)=1.00000;
kd_pChk1(norm)=0.62605;
k_cdc25(norm)=0.97506;
K_cdc25(norm)=0.81539;
kf_p53(norm)=0.51122;
k_p53(norm)=0.49026;
K_ATR(norm)=1.00000;
p53ser46_ref50_72h(norm)=0.00010;
kp_ser46(norm)=0.54578;
K_p53(norm)=0.52626;
upAsy(norm)=0.63286;
sness(norm)=1.00000;
k_apop(norm)=0.94594;
tED50(norm)=0.94802;
cell_pop_norm0_Jack_MGMT_P(norm)=0.76601;
k_dis(norm)=0.31310;

%%%%%%%%%

TMZout0_Ka_XTMZ=33.7721379990;
MGMT_P0=2.2838036542;
k_MGMT=49.8515053541;
k_addO=0.0094690432;
k_addN=0.1081356955;
DSB_72h_fac=0.7291963703;
k_DSBO=0.0003097501;
k_DSBN=0.0000224836;
k_CyA=1.7486181389;
fVX=0.0015235634;
kf_ATR_MGMT_P=0.0000083751;
k_ATR=0.0156642800;
K_add=0.0000427130;
kd_pATR=0.0027092262;
k_Chk1=526.6436458915;
C_Chk1=0.4922236701;
pChk1_ref12_5_24h=0.0094764224;
pChk1_ref100_24h=0.0081998801;
pChk1_ref100_48h=0.0122705020;
kd_pChk1=0.0845197872;
k_cdc25=335.5934295452;
K_cdc25=1.6392735764;
kf_p53=0.0006490466;
k_p53=34.2771484742;
K_ATR=0.0005896170;
p53ser46_ref50_72h=0.0003318488;
kp_ser46=3.7187588145;
K_p53=0.5037633579;
upAsy=0.2623451573;
sness=0.0059169975;
k_apop=0.0866143375;
tED50=506.6671532556;
cell_pop_norm0_Jack_MGMT_P=91.9929242682;
k_dis=0.0128743451;

%%%%%%%%%

cost=100000.0000000000;

%%%%%%%%%

