TMZout0_Ka_XTMZ(norm)=0.54264;
MGMT_P0(norm)=0.90041;
k_MGMT(norm)=0.54151;
k_addO(norm)=0.96872;
k_addN(norm)=0.95607;
DSB_72h_fac(norm)=0.37633;
k_DSBO(norm)=0.20518;
k_DSBN(norm)=0.46636;
k_CyA(norm)=0.75037;
fVX(norm)=1.00000;
kf_ATR_MGMT_P(norm)=0.62952;
k_ATR(norm)=0.76937;
K_add(norm)=0.83766;
kd_pATR(norm)=0.37154;
k_Chk1(norm)=0.34862;
C_Chk1(norm)=1.00000;
pChk1_ref12_5_24h(norm)=0.23129;
pChk1_ref100_24h(norm)=0.72143;
pChk1_ref100_48h(norm)=0.75113;
kd_pChk1(norm)=0.22309;
k_cdc25(norm)=0.00010;
K_cdc25(norm)=0.29078;
kf_p53(norm)=0.20129;
k_p53(norm)=0.65731;
K_ATR(norm)=0.40505;
p53ser46_ref50_72h(norm)=0.37966;
kp_ser46(norm)=0.67055;
K_p53(norm)=0.79669;
upAsy(norm)=0.19946;
sness(norm)=0.52369;
k_apop(norm)=1.00000;
tED50(norm)=0.65924;
cell_pop_norm0_Jack_MGMT_P(norm)=0.55604;
k_dis(norm)=0.50887;

%%%%%%%%%

TMZout0_Ka_XTMZ=35.1127115514;
MGMT_P0=2.3498991933;
k_MGMT=45.2069628743;
k_addO=0.0153245892;
k_addN=0.2075185075;
DSB_72h_fac=0.8892862413;
k_DSBO=0.0002269694;
k_DSBN=0.0000333764;
k_CyA=2.3462778999;
fVX=0.0020042231;
kf_ATR_MGMT_P=0.0000112734;
k_ATR=0.0242979429;
K_add=0.0000868487;
kd_pATR=0.0032359878;
k_Chk1=393.0520842510;
C_Chk1=1.0573793404;
pChk1_ref12_5_24h=0.0056454699;
pChk1_ref100_24h=0.0085714337;
pChk1_ref100_48h=0.0099376711;
kd_pChk1=0.0600726787;
k_cdc25=146.9099469980;
K_cdc25=1.0510126460;
kf_p53=0.0004991513;
k_p53=39.4888677983;
K_ATR=0.0003561577;
p53ser46_ref50_72h=0.0004577320;
kp_ser46=4.1334227653;
K_p53=0.6334896358;
upAsy=0.1817154781;
sness=0.0039521107;
k_apop=0.0906739715;
tED50=396.6966502708;
cell_pop_norm0_Jack_MGMT_P=85.3552441711;
k_dis=0.0151972699;

%%%%%%%%%

cost=332.2715284694;

%%%%%%%%%

