TMZout0_Ka_XTMZ(norm)=0.54764;
MGMT_P0(norm)=0.08704;
k_MGMT(norm)=0.52993;
k_addO(norm)=0.70525;
k_addN(norm)=0.51784;
DSB_72h_fac(norm)=0.78869;
k_DSBO(norm)=0.33838;
k_DSBN(norm)=0.98686;
k_CyA(norm)=0.76985;
fVX(norm)=0.83723;
kf_ATR_MGMT_P(norm)=0.85931;
k_ATR(norm)=0.69303;
K_add(norm)=1.00000;
kd_pATR(norm)=0.59877;
k_Chk1(norm)=0.30706;
C_Chk1(norm)=1.00000;
pChk1_ref12_5_24h(norm)=0.36581;
pChk1_ref100_24h(norm)=0.55255;
pChk1_ref100_48h(norm)=0.53806;
kd_pChk1(norm)=0.42490;
k_cdc25(norm)=0.76071;
K_cdc25(norm)=0.54838;
kf_p53(norm)=0.33401;
k_p53(norm)=0.71022;
K_ATR(norm)=0.13452;
p53ser46_ref50_72h(norm)=0.41617;
kp_ser46(norm)=0.05401;
K_p53(norm)=0.72112;
upAsy(norm)=0.68271;
sness(norm)=0.71978;
k_apop(norm)=0.95333;
tED50(norm)=0.31444;
cell_pop_norm0_Jack_MGMT_P(norm)=0.61125;
k_dis(norm)=0.37911;

%%%%%%%%%

TMZout0_Ka_XTMZ=35.1530638436;
MGMT_P0=1.4422569547;
k_MGMT=37.4474915661;
k_addO=0.0112708482;
k_addN=0.1081993823;
DSB_72h_fac=1.1923806075;
k_DSBO=0.0002628864;
k_DSBN=0.0000575077;
k_CyA=2.7395828376;
fVX=0.0015735638;
kf_ATR_MGMT_P=0.0000134931;
k_ATR=0.0269768066;
K_add=0.0001063010;
kd_pATR=0.0034212803;
k_Chk1=319.0840122505;
C_Chk1=1.0786220036;
pChk1_ref12_5_24h=0.0064406029;
pChk1_ref100_24h=0.0075570565;
pChk1_ref100_48h=0.0087025285;
kd_pChk1=0.0664678062;
k_cdc25=295.4711567468;
K_cdc25=1.2780603433;
kf_p53=0.0004775234;
k_p53=40.9282098024;
K_ATR=0.0003215072;
p53ser46_ref50_72h=0.0004063225;
kp_ser46=2.1465213840;
K_p53=0.6915081322;
upAsy=0.2704234130;
sness=0.0042704563;
k_apop=0.0902148120;
tED50=347.1140008414;
cell_pop_norm0_Jack_MGMT_P=87.0526294532;
k_dis=0.0137151832;

%%%%%%%%%

cost=325.0333995675;

%%%%%%%%%

