TMZout0_Ka_XTMZ(norm)=0.08210;
MGMT_P0(norm)=0.10368;
k_MGMT(norm)=0.92284;
k_addO(norm)=0.57177;
k_addN(norm)=0.33058;
DSB_72h_fac(norm)=0.62100;
k_DSBO(norm)=0.60518;
k_DSBN(norm)=0.78306;
k_CyA(norm)=0.20307;
fVX(norm)=0.41177;
kf_ATR_MGMT_P(norm)=0.79416;
k_ATR(norm)=0.63617;
K_add(norm)=0.62260;
kd_pATR(norm)=1.00000;
k_Chk1(norm)=0.62870;
C_Chk1(norm)=0.73278;
pChk1_ref12_5_24h(norm)=0.23280;
pChk1_ref100_24h(norm)=0.33423;
pChk1_ref100_48h(norm)=0.78089;
kd_pChk1(norm)=0.38487;
k_cdc25(norm)=0.25354;
K_cdc25(norm)=0.11586;
kf_p53(norm)=0.26985;
k_p53(norm)=0.93790;
K_ATR(norm)=0.55784;
p53ser46_ref50_72h(norm)=0.37137;
kp_ser46(norm)=0.77250;
K_p53(norm)=0.49782;
upAsy(norm)=0.23859;
sness(norm)=0.30115;
k_apop(norm)=0.71055;
tED50(norm)=0.58735;
cell_pop_norm0_Jack_MGMT_P(norm)=0.36284;
k_dis(norm)=0.72214;

%%%%%%%%%

TMZout0_Ka_XTMZ=31.5898347049;
MGMT_P0=1.4319490918;
k_MGMT=62.4492316416;
k_addO=0.0109476102;
k_addN=0.1221489858;
DSB_72h_fac=1.0625754485;
k_DSBO=0.0003185362;
k_DSBN=0.0000436493;
k_CyA=1.4756571819;
fVX=0.0012175638;
kf_ATR_MGMT_P=0.0000129611;
k_ATR=0.0217048094;
K_add=0.0000723812;
kd_pATR=0.0055114322;
k_Chk1=498.3280179134;
C_Chk1=0.8431425947;
pChk1_ref12_5_24h=0.0056527088;
pChk1_ref100_24h=0.0061740750;
pChk1_ref100_48h=0.0101914167;
kd_pChk1=0.0688986080;
k_cdc25=182.1007333665;
K_cdc25=0.9062365424;
kf_p53=0.0005290046;
k_p53=50.0870649255;
K_ATR=0.0004053826;
p53ser46_ref50_72h=0.0004545265;
kp_ser46=4.5063641166;
K_p53=0.4917683110;
upAsy=0.1878417017;
sness=0.0032729572;
k_apop=0.0709531252;
tED50=373.2529637115;
cell_pop_norm0_Jack_MGMT_P=79.6714288758;
k_dis=0.0182072097;

%%%%%%%%%

cost=207.8234859350;

%%%%%%%%%

