TMZout0_Ka_XTMZ(norm)=0.59536;
MGMT_P0(norm)=0.94811;
k_MGMT(norm)=0.28175;
k_addO(norm)=0.34473;
k_addN(norm)=0.36579;
DSB_72h_fac(norm)=0.42075;
k_DSBO(norm)=0.82948;
k_DSBN(norm)=0.57553;
k_CyA(norm)=0.30623;
fVX(norm)=0.50431;
kf_ATR_MGMT_P(norm)=0.62004;
k_ATR(norm)=0.65973;
K_add(norm)=0.37205;
kd_pATR(norm)=0.58130;
k_Chk1(norm)=0.26897;
C_Chk1(norm)=0.61303;
pChk1_ref12_5_24h(norm)=0.41769;
pChk1_ref100_24h(norm)=0.42204;
pChk1_ref100_48h(norm)=0.73679;
kd_pChk1(norm)=0.19512;
k_cdc25(norm)=0.38373;
K_cdc25(norm)=0.98196;
kf_p53(norm)=0.56562;
k_p53(norm)=0.34564;
K_ATR(norm)=0.47100;
p53ser46_ref50_72h(norm)=0.84948;
kp_ser46(norm)=0.95978;
K_p53(norm)=0.73916;
upAsy(norm)=0.72591;
sness(norm)=0.57560;
k_apop(norm)=1.00000;
tED50(norm)=0.43973;
cell_pop_norm0_Jack_MGMT_P(norm)=0.68430;
k_dis(norm)=0.86794;

%%%%%%%%%

TMZout0_Ka_XTMZ=35.5402425264;
MGMT_P0=2.4206409935;
k_MGMT=36.2762121942;
k_addO=0.0090318196;
k_addN=0.1258482921;
DSB_72h_fac=0.9184955768;
k_DSBO=0.0003852082;
k_DSBN=0.0000366111;
k_CyA=1.6104348625;
fVX=0.0013168671;
kf_ATR_MGMT_P=0.0000111832;
k_ATR=0.0221422931;
K_add=0.0000585369;
kd_pATR=0.0038653790;
k_Chk1=367.4012136540;
C_Chk1=0.7617899167;
pChk1_ref12_5_24h=0.0066113327;
pChk1_ref100_24h=0.0066509578;
pChk1_ref100_48h=0.0098176513;
kd_pChk1=0.0586660727;
k_cdc25=203.3370130828;
K_cdc25=1.8877617406;
kf_p53=0.0006796638;
k_p53=30.3241192261;
K_ATR=0.0003766271;
p53ser46_ref50_72h=0.0006815434;
kp_ser46=5.2812912031;
K_p53=0.6033507332;
upAsy=0.2838658334;
sness=0.0041298439;
k_apop=0.0906739715;
tED50=329.3683046190;
cell_pop_norm0_Jack_MGMT_P=89.3507389474;
k_dis=0.0206012088;

%%%%%%%%%

cost=249.7542561259;

%%%%%%%%%

