TMZout0_Ka_XTMZ(norm)=0.47964;
MGMT_P0(norm)=0.41258;
k_MGMT(norm)=0.17436;
k_addO(norm)=0.00010;
k_addN(norm)=0.43378;
DSB_72h_fac(norm)=0.29384;
k_DSBO(norm)=0.43050;
k_DSBN(norm)=0.54605;
k_CyA(norm)=0.50097;
fVX(norm)=0.53564;
kf_ATR_MGMT_P(norm)=0.76724;
k_ATR(norm)=0.48049;
K_add(norm)=0.25121;
kd_pATR(norm)=0.09688;
k_Chk1(norm)=0.25435;
C_Chk1(norm)=0.11470;
pChk1_ref12_5_24h(norm)=0.22351;
pChk1_ref100_24h(norm)=0.32640;
pChk1_ref100_48h(norm)=0.36451;
kd_pChk1(norm)=0.44966;
k_cdc25(norm)=0.58003;
K_cdc25(norm)=0.31284;
kf_p53(norm)=0.12625;
k_p53(norm)=0.29048;
K_ATR(norm)=0.30768;
p53ser46_ref50_72h(norm)=0.84935;
kp_ser46(norm)=0.65503;
K_p53(norm)=0.24773;
upAsy(norm)=0.27727;
sness(norm)=0.48193;
k_apop(norm)=0.21395;
tED50(norm)=1.00000;
cell_pop_norm0_Jack_MGMT_P(norm)=1.00000;
k_dis(norm)=0.25889;

%%%%%%%%%

TMZout0_Ka_XTMZ=34.6084966474;
MGMT_P0=1.7351327399;
k_MGMT=33.1210337230;
k_addO=0.0067446269;
k_addN=0.1333111279;
DSB_72h_fac=0.8374772586;
k_DSBO=0.0002747126;
k_DSBN=0.0000357078;
k_CyA=1.8993543147;
fVX=0.0013522965;
kf_ATR_MGMT_P=0.0000126687;
k_ATR=0.0190225496;
K_add=0.0000528399;
kd_pATR=0.0025641202;
k_Chk1=362.8777979278;
C_Chk1=0.4994123779;
pChk1_ref12_5_24h=0.0056083590;
pChk1_ref100_24h=0.0061332297;
pChk1_ref100_48h=0.0071617347;
kd_pChk1=0.0727864337;
k_cdc25=240.1332471617;
K_cdc25=1.0708422389;
kf_p53=0.0004683992;
k_p53=28.9394323208;
K_ATR=0.0003279529;
p53ser46_ref50_72h=0.0006814682;
kp_ser46=4.0794432433;
K_p53=0.3978632236;
upAsy=0.1940995579;
sness=0.0038147278;
k_apop=0.0465836656;
tED50=529.4799787438;
cell_pop_norm0_Jack_MGMT_P=100.0000000000;
k_dis=0.0122964059;

%%%%%%%%%

cost=374.7211951515;

%%%%%%%%%

