TMZout0_Ka_XTMZ(norm)=0.86134;
MGMT_P0(norm)=0.51678;
k_MGMT(norm)=0.05590;
k_addO(norm)=0.79982;
k_addN(norm)=0.53829;
DSB_72h_fac(norm)=0.56846;
k_DSBO(norm)=0.33742;
k_DSBN(norm)=0.54030;
k_CyA(norm)=0.44998;
fVX(norm)=0.50951;
kf_ATR_MGMT_P(norm)=0.61851;
k_ATR(norm)=0.76588;
K_add(norm)=0.84610;
kd_pATR(norm)=0.03112;
k_Chk1(norm)=0.68286;
C_Chk1(norm)=0.46326;
pChk1_ref12_5_24h(norm)=0.60647;
pChk1_ref100_24h(norm)=0.60618;
pChk1_ref100_48h(norm)=0.74117;
kd_pChk1(norm)=0.68708;
k_cdc25(norm)=0.21701;
K_cdc25(norm)=0.33303;
kf_p53(norm)=0.33592;
k_p53(norm)=0.52474;
K_ATR(norm)=0.40616;
p53ser46_ref50_72h(norm)=0.40725;
kp_ser46(norm)=0.79548;
K_p53(norm)=0.09462;
upAsy(norm)=0.49839;
sness(norm)=0.23098;
k_apop(norm)=0.56214;
tED50(norm)=0.35908;
cell_pop_norm0_Jack_MGMT_P(norm)=0.31386;
k_dis(norm)=0.62155;

%%%%%%%%%

TMZout0_Ka_XTMZ=37.7780502758;
MGMT_P0=1.8512601613;
k_MGMT=29.9579135133;
k_addO=0.0132812149;
k_addN=0.1456541680;
DSB_72h_fac=1.0227173632;
k_DSBO=0.0002538807;
k_DSBN=0.0000355341;
k_CyA=1.8190421306;
fVX=0.0013226858;
kf_ATR_MGMT_P=0.0000111688;
k_ATR=0.0242260589;
K_add=0.0000874717;
kd_pATR=0.0024251433;
k_Chk1=521.7290709885;
C_Chk1=0.6710002885;
pChk1_ref12_5_24h=0.0077581388;
pChk1_ref100_24h=0.0077739568;
pChk1_ref100_48h=0.0098541288;
kd_pChk1=0.0890051585;
k_cdc25=176.5502100963;
K_cdc25=1.0893225239;
kf_p53=0.0005594651;
k_p53=35.2931721090;
K_ATR=0.0003564928;
p53ser46_ref50_72h=0.0004685575;
kp_ser46=4.5949415778;
K_p53=0.3494575172;
upAsy=0.2340960335;
sness=0.0030840359;
k_apop=0.0625689236;
tED50=307.6141424123;
cell_pop_norm0_Jack_MGMT_P=78.2915692589;
k_dis=0.0167197134;

%%%%%%%%%

cost=214.7083994267;

%%%%%%%%%

