TMZout0_Ka_XTMZ(norm)=0.19152;
MGMT_P0(norm)=0.83981;
k_MGMT(norm)=0.82320;
k_addO(norm)=0.67864;
k_addN(norm)=0.73844;
DSB_72h_fac(norm)=0.68961;
k_DSBO(norm)=0.59088;
k_DSBN(norm)=0.78824;
k_CyA(norm)=0.62995;
fVX(norm)=0.32476;
kf_ATR_MGMT_P(norm)=0.61640;
k_ATR(norm)=0.35038;
K_add(norm)=0.63115;
kd_pATR(norm)=0.37226;
k_Chk1(norm)=0.62274;
C_Chk1(norm)=0.59401;
pChk1_ref12_5_24h(norm)=0.46476;
pChk1_ref100_24h(norm)=0.46746;
pChk1_ref100_48h(norm)=0.42932;
kd_pChk1(norm)=0.74214;
k_cdc25(norm)=0.84390;
K_cdc25(norm)=0.65211;
kf_p53(norm)=0.38254;
k_p53(norm)=0.65740;
K_ATR(norm)=0.46752;
p53ser46_ref50_72h(norm)=0.43195;
kp_ser46(norm)=0.82196;
K_p53(norm)=0.69779;
upAsy(norm)=0.27469;
sness(norm)=0.34600;
k_apop(norm)=0.48279;
tED50(norm)=0.72760;
cell_pop_norm0_Jack_MGMT_P(norm)=0.17548;
k_dis(norm)=0.60750;

%%%%%%%%%

TMZout0_Ka_XTMZ=32.3934314626;
MGMT_P0=2.2699888025;
k_MGMT=48.0109572505;
k_addO=0.0110195890;
k_addN=0.1304378888;
DSB_72h_fac=1.1059331777;
k_DSBO=0.0003255999;
k_DSBN=0.0000486003;
k_CyA=2.4333357451;
fVX=0.0010193091;
kf_ATR_MGMT_P=0.0000109831;
k_ATR=0.0201791134;
K_add=0.0000777698;
kd_pATR=0.0028238368;
k_Chk1=416.9324170175;
C_Chk1=0.7646696433;
pChk1_ref12_5_24h=0.0070038493;
pChk1_ref100_24h=0.0070314220;
pChk1_ref100_48h=0.0079365696;
kd_pChk1=0.0869658333;
k_cdc25=317.0509942430;
K_cdc25=1.3954796732;
kf_p53=0.0004975683;
k_p53=39.1368095252;
K_ATR=0.0004263114;
p53ser46_ref50_72h=0.0004117918;
kp_ser46=4.1145619521;
K_p53=0.6779683762;
upAsy=0.1913821509;
sness=0.0031112378;
k_apop=0.0605520112;
tED50=492.6111155220;
cell_pop_norm0_Jack_MGMT_P=74.5211679278;
k_dis=0.0166434188;

%%%%%%%%%

cost=123.8397767806;

%%%%%%%%%

