TMZout0_Ka_XTMZ(norm)=0.69598;
MGMT_P0(norm)=0.39325;
k_MGMT(norm)=0.11272;
k_addO(norm)=0.22346;
k_addN(norm)=0.34217;
DSB_72h_fac(norm)=0.50537;
k_DSBO(norm)=0.51320;
k_DSBN(norm)=0.55001;
k_CyA(norm)=0.51865;
fVX(norm)=0.55021;
kf_ATR_MGMT_P(norm)=0.53404;
k_ATR(norm)=0.65396;
K_add(norm)=0.63893;
kd_pATR(norm)=0.68963;
k_Chk1(norm)=0.02264;
C_Chk1(norm)=0.34944;
pChk1_ref12_5_24h(norm)=0.46277;
pChk1_ref100_24h(norm)=0.48505;
pChk1_ref100_48h(norm)=0.70465;
kd_pChk1(norm)=0.29562;
k_cdc25(norm)=0.64548;
K_cdc25(norm)=0.23779;
kf_p53(norm)=0.45279;
k_p53(norm)=0.20628;
K_ATR(norm)=0.32277;
p53ser46_ref50_72h(norm)=0.19829;
kp_ser46(norm)=0.35627;
K_p53(norm)=0.62005;
upAsy(norm)=0.77744;
sness(norm)=0.85114;
k_apop(norm)=0.69097;
tED50(norm)=0.90845;
cell_pop_norm0_Jack_MGMT_P(norm)=0.71226;
k_dis(norm)=0.63027;

%%%%%%%%%

TMZout0_Ka_XTMZ=36.3707891893;
MGMT_P0=1.7144048677;
k_MGMT=31.4355892587;
k_addO=0.0081498439;
k_addN=0.1233548413;
DSB_72h_fac=0.9768328443;
k_DSBO=0.0002946532;
k_DSBN=0.0000358277;
k_CyA=1.9280136694;
fVX=0.0013690914;
kf_ATR_MGMT_P=0.0000103974;
k_ATR=0.0220343083;
K_add=0.0000733897;
kd_pATR=0.0042369632;
k_Chk1=298.1944521109;
C_Chk1=0.6093147130;
pChk1_ref12_5_24h=0.0068687537;
pChk1_ref100_24h=0.0070156899;
pChk1_ref100_48h=0.0095539085;
kd_pChk1=0.0638806168;
k_cdc25=253.8264856972;
K_cdc25=1.0048715813;
kf_p53=0.0006176989;
k_p53=26.9467823511;
K_ATR=0.0003321748;
p53ser46_ref50_72h=0.0003925283;
kp_ser46=3.1671076150;
K_p53=0.5454303189;
upAsy=0.2965357049;
sness=0.0052158399;
k_apop=0.0697859780;
tED50=489.9623916529;
cell_pop_norm0_Jack_MGMT_P=90.2461737817;
k_dis=0.0168436065;

%%%%%%%%%

cost=241.0310307560;

%%%%%%%%%

