TMZout0_Ka_XTMZ(norm)=0.74599;
MGMT_P0(norm)=0.13215;
k_MGMT(norm)=0.40178;
k_addO(norm)=0.57191;
k_addN(norm)=0.65100;
DSB_72h_fac(norm)=0.55807;
k_DSBO(norm)=0.44392;
k_DSBN(norm)=0.53488;
k_CyA(norm)=0.50336;
fVX(norm)=0.85686;
kf_ATR_MGMT_P(norm)=0.64273;
k_ATR(norm)=0.63750;
K_add(norm)=0.58624;
kd_pATR(norm)=0.70220;
k_Chk1(norm)=0.23161;
C_Chk1(norm)=0.42918;
pChk1_ref12_5_24h(norm)=0.34090;
pChk1_ref100_24h(norm)=0.36648;
pChk1_ref100_48h(norm)=0.72713;
kd_pChk1(norm)=0.69414;
k_cdc25(norm)=0.40646;
K_cdc25(norm)=0.58093;
kf_p53(norm)=0.53882;
k_p53(norm)=0.49863;
K_ATR(norm)=0.48510;
p53ser46_ref50_72h(norm)=0.55717;
kp_ser46(norm)=0.17291;
K_p53(norm)=0.44701;
upAsy(norm)=0.00010;
sness(norm)=0.90423;
k_apop(norm)=0.53913;
tED50(norm)=0.24075;
cell_pop_norm0_Jack_MGMT_P(norm)=0.13539;
k_dis(norm)=0.37088;

%%%%%%%%%

TMZout0_Ka_XTMZ=36.7907499969;
MGMT_P0=1.4819963198;
k_MGMT=33.5942665655;
k_addO=0.0100667856;
k_addN=0.1211233397;
DSB_72h_fac=1.0007645238;
k_DSBO=0.0002874777;
k_DSBN=0.0000392108;
k_CyA=2.1858557181;
fVX=0.0015999618;
kf_ATR_MGMT_P=0.0000112309;
k_ATR=0.0257367799;
K_add=0.0000748656;
kd_pATR=0.0037346503;
k_Chk1=299.3233858836;
C_Chk1=0.6650009572;
pChk1_ref12_5_24h=0.0063061044;
pChk1_ref100_24h=0.0064548345;
pChk1_ref100_48h=0.0102145395;
kd_pChk1=0.0834999126;
k_cdc25=218.8568926209;
K_cdc25=1.3138033966;
kf_p53=0.0005680175;
k_p53=34.2107063385;
K_ATR=0.0004327088;
p53ser46_ref50_72h=0.0004578841;
kp_ser46=2.3740358380;
K_p53=0.5481898688;
upAsy=0.1516554193;
sness=0.0049928565;
k_apop=0.0635126101;
tED50=326.1037173085;
cell_pop_norm0_Jack_MGMT_P=73.4632946280;
k_dis=0.0136198845;

%%%%%%%%%

cost=184.7905394963;

%%%%%%%%%

