TMZout0_Ka_XTMZ(norm)=0.69676;
MGMT_P0(norm)=0.27343;
k_MGMT(norm)=0.35540;
k_addO(norm)=0.14997;
k_addN(norm)=0.20712;
DSB_72h_fac(norm)=0.35742;
k_DSBO(norm)=0.12996;
k_DSBN(norm)=0.50904;
k_CyA(norm)=0.57282;
fVX(norm)=0.20629;
kf_ATR_MGMT_P(norm)=0.82517;
k_ATR(norm)=0.28131;
K_add(norm)=0.53666;
kd_pATR(norm)=0.72438;
k_Chk1(norm)=0.35402;
C_Chk1(norm)=0.83931;
pChk1_ref12_5_24h(norm)=0.60165;
pChk1_ref100_24h(norm)=0.70812;
pChk1_ref100_48h(norm)=0.64092;
kd_pChk1(norm)=0.01666;
k_cdc25(norm)=0.80704;
K_cdc25(norm)=0.41752;
kf_p53(norm)=0.69488;
k_p53(norm)=0.39719;
K_ATR(norm)=0.08964;
p53ser46_ref50_72h(norm)=0.60550;
kp_ser46(norm)=0.57861;
K_p53(norm)=0.74236;
upAsy(norm)=0.00010;
sness(norm)=0.52149;
k_apop(norm)=0.36013;
tED50(norm)=0.45248;
cell_pop_norm0_Jack_MGMT_P(norm)=0.11126;
k_dis(norm)=0.65548;

%%%%%%%%%

TMZout0_Ka_XTMZ=36.3773216601;
MGMT_P0=1.5913352522;
k_MGMT=38.6119429121;
k_addO=0.0076578472;
k_addN=0.1100165875;
DSB_72h_fac=0.8771298924;
k_DSBO=0.0002129541;
k_DSBN=0.0000346053;
k_CyA=2.0185674863;
fVX=0.0010230121;
kf_ATR_MGMT_P=0.0000133061;
k_ATR=0.0160684700;
K_add=0.0000672980;
kd_pATR=0.0043635859;
k_Chk1=394.8564345799;
C_Chk1=0.9227846778;
pChk1_ref12_5_24h=0.0077265140;
pChk1_ref100_24h=0.0084752996;
pChk1_ref100_48h=0.0090516615;
kd_pChk1=0.0504331590;
k_cdc25=291.0628130944;
K_cdc25=1.1701652480;
kf_p53=0.0007583364;
k_p53=31.6779395011;
K_ATR=0.0002726342;
p53ser46_ref50_72h=0.0005542616;
kp_ser46=3.8236564393;
K_p53=0.6049848046;
upAsy=0.1534735768;
sness=0.0039447457;
k_apop=0.0527260047;
tED50=332.9473136750;
cell_pop_norm0_Jack_MGMT_P=72.8336996085;
k_dis=0.0172073874;

%%%%%%%%%

cost=256.1677423510;

%%%%%%%%%

