TMZout0_Ka_XTMZ(norm)=0.44931;
MGMT_P0(norm)=0.08508;
k_MGMT(norm)=0.69041;
k_addO(norm)=0.47159;
k_addN(norm)=0.03604;
DSB_72h_fac(norm)=0.15954;
k_DSBO(norm)=0.02432;
k_DSBN(norm)=0.65149;
k_CyA(norm)=0.59187;
fVX(norm)=0.34242;
kf_ATR_MGMT_P(norm)=0.63289;
k_ATR(norm)=0.81857;
K_add(norm)=0.74379;
kd_pATR(norm)=0.87180;
k_Chk1(norm)=0.72894;
C_Chk1(norm)=0.27250;
pChk1_ref12_5_24h(norm)=0.50858;
pChk1_ref100_24h(norm)=0.59133;
pChk1_ref100_48h(norm)=0.72294;
kd_pChk1(norm)=0.90296;
k_cdc25(norm)=0.48468;
K_cdc25(norm)=0.05974;
kf_p53(norm)=0.66974;
k_p53(norm)=0.45694;
K_ATR(norm)=0.61561;
p53ser46_ref50_72h(norm)=0.04743;
kp_ser46(norm)=0.55590;
K_p53(norm)=0.41408;
upAsy(norm)=0.28050;
sness(norm)=0.43773;
k_apop(norm)=0.63223;
tED50(norm)=0.60454;
cell_pop_norm0_Jack_MGMT_P(norm)=0.20263;
k_dis(norm)=0.00010;

%%%%%%%%%

TMZout0_Ka_XTMZ=34.3684198613;
MGMT_P0=1.4405536681;
k_MGMT=42.9018243281;
k_addO=0.0092464552;
k_addN=0.0719343670;
DSB_72h_fac=0.7393522737;
k_DSBO=0.0002014667;
k_DSBN=0.0000432828;
k_CyA=2.3560776680;
fVX=0.0010346831;
kf_ATR_MGMT_P=0.0000111376;
k_ATR=0.0300043471;
K_add=0.0000855576;
kd_pATR=0.0043117721;
k_Chk1=456.1882913835;
C_Chk1=0.5823251909;
pChk1_ref12_5_24h=0.0072687939;
pChk1_ref100_24h=0.0078094967;
pChk1_ref100_48h=0.0101783049;
kd_pChk1=0.0996610339;
k_cdc25=233.8527304560;
K_cdc25=0.8447798026;
kf_p53=0.0006346519;
k_p53=33.0232242327;
K_ATR=0.0004833066;
p53ser46_ref50_72h=0.0002972925;
kp_ser46=3.2841338864;
K_p53=0.5331059603;
upAsy=0.1923255981;
sness=0.0033627109;
k_apop=0.0687254154;
tED50=443.8370711772;
cell_pop_norm0_Jack_MGMT_P=75.2464928735;
k_dis=0.0099479497;

%%%%%%%%%

cost=368.0796499361;

%%%%%%%%%

