TMZout0_Ka_XTMZ(norm)=0.04970;
MGMT_P0(norm)=0.11635;
k_MGMT(norm)=0.24167;
k_addO(norm)=0.53913;
k_addN(norm)=0.77389;
DSB_72h_fac(norm)=0.51778;
k_DSBO(norm)=0.28010;
k_DSBN(norm)=0.31603;
k_CyA(norm)=1.00000;
fVX(norm)=0.54354;
kf_ATR_MGMT_P(norm)=0.84324;
k_ATR(norm)=0.65185;
K_add(norm)=0.58673;
kd_pATR(norm)=0.63733;
k_Chk1(norm)=0.60252;
C_Chk1(norm)=0.74181;
pChk1_ref12_5_24h(norm)=0.00010;
pChk1_ref100_24h(norm)=0.60756;
pChk1_ref100_48h(norm)=0.96322;
kd_pChk1(norm)=0.69215;
k_cdc25(norm)=0.52283;
K_cdc25(norm)=0.46501;
kf_p53(norm)=0.55110;
k_p53(norm)=0.80045;
K_ATR(norm)=0.58948;
p53ser46_ref50_72h(norm)=0.34173;
kp_ser46(norm)=0.06921;
K_p53(norm)=0.62123;
upAsy(norm)=0.37551;
sness(norm)=0.17571;
k_apop(norm)=0.82837;
tED50(norm)=0.36978;
cell_pop_norm0_Jack_MGMT_P(norm)=0.00010;
k_dis(norm)=0.33824;

%%%%%%%%%

TMZout0_Ka_XTMZ=31.3556988935;
MGMT_P0=1.4432723056;
k_MGMT=35.0647131838;
k_addO=0.0106489712;
k_addN=0.1778354466;
DSB_72h_fac=0.9856916658;
k_DSBO=0.0002418438;
k_DSBN=0.0000293847;
k_CyA=2.8989184694;
fVX=0.0013613807;
kf_ATR_MGMT_P=0.0000135114;
k_ATR=0.0219949791;
K_add=0.0000702142;
kd_pATR=0.0040533083;
k_Chk1=487.3949878598;
C_Chk1=0.8496151175;
pChk1_ref12_5_24h=0.0046411643;
pChk1_ref100_24h=0.0077830472;
pChk1_ref100_48h=0.0118940516;
kd_pChk1=0.0893886018;
k_cdc25=228.7718339084;
K_cdc25=1.2182029031;
kf_p53=0.0006713551;
k_p53=44.5806817243;
K_ATR=0.0004163989;
p53ser46_ref50_72h=0.0004432548;
kp_ser46=2.4833046239;
K_p53=0.5459735142;
upAsy=0.2109489437;
sness=0.0029429501;
k_apop=0.0784020764;
tED50=310.4165272018;
cell_pop_norm0_Jack_MGMT_P=70.0024967691;
k_dis=0.0131515699;

%%%%%%%%%

cost=231.9219947377;

%%%%%%%%%

