TMZout0_Ka_XTMZ(norm)=1.00000;
MGMT_P0(norm)=0.54489;
k_MGMT(norm)=0.86120;
k_addO(norm)=0.60942;
k_addN(norm)=0.49735;
DSB_72h_fac(norm)=0.37702;
k_DSBO(norm)=0.27180;
k_DSBN(norm)=0.60945;
k_CyA(norm)=0.75206;
fVX(norm)=0.31865;
kf_ATR_MGMT_P(norm)=0.95729;
k_ATR(norm)=0.70304;
K_add(norm)=0.83094;
kd_pATR(norm)=0.31185;
k_Chk1(norm)=0.73673;
C_Chk1(norm)=0.56321;
pChk1_ref12_5_24h(norm)=0.32306;
pChk1_ref100_24h(norm)=0.57342;
pChk1_ref100_48h(norm)=0.63734;
kd_pChk1(norm)=0.02454;
k_cdc25(norm)=0.67583;
K_cdc25(norm)=0.08900;
kf_p53(norm)=0.61338;
k_p53(norm)=0.45643;
K_ATR(norm)=0.59496;
p53ser46_ref50_72h(norm)=0.50494;
kp_ser46(norm)=0.92824;
K_p53(norm)=0.56176;
upAsy(norm)=0.43898;
sness(norm)=0.15528;
k_apop(norm)=0.28086;
tED50(norm)=0.01792;
cell_pop_norm0_Jack_MGMT_P(norm)=0.35889;
k_dis(norm)=0.43687;

%%%%%%%%%

TMZout0_Ka_XTMZ=39.0000000000;
MGMT_P0=1.8838951267;
k_MGMT=59.2713310273;
k_addO=0.0113025032;
k_addN=0.1406878917;
DSB_72h_fac=0.8897315551;
k_DSBO=0.0002401503;
k_DSBN=0.0000376784;
k_CyA=2.3496276389;
fVX=0.0011251896;
kf_ATR_MGMT_P=0.0000148822;
k_ATR=0.0229699612;
K_add=0.0000863557;
kd_pATR=0.0030764020;
k_Chk1=546.0935714659;
C_Chk1=0.7302987625;
pChk1_ref12_5_24h=0.0061019518;
pChk1_ref100_24h=0.0075611718;
pChk1_ref100_48h=0.0090242736;
kd_pChk1=0.0507711508;
k_cdc25=260.4380414063;
K_cdc25=0.8858458529;
kf_p53=0.0007077336;
k_p53=33.3084473638;
K_ATR=0.0004183365;
p53ser46_ref50_72h=0.0005089926;
kp_ser46=5.1420260818;
K_p53=0.5191457467;
upAsy=0.2226025914;
sness=0.0028924312;
k_apop=0.0493008259;
tED50=230.3921119769;
cell_pop_norm0_Jack_MGMT_P=79.5593225995;
k_dis=0.0142978291;

%%%%%%%%%

cost=271.7978317089;

%%%%%%%%%

