TMZout0_Ka_XTMZ(norm)=0.67798;
MGMT_P0(norm)=0.96359;
k_MGMT(norm)=0.79420;
k_addO(norm)=1.00000;
k_addN(norm)=0.60969;
DSB_72h_fac(norm)=0.69174;
k_DSBO(norm)=0.25057;
k_DSBN(norm)=0.72031;
k_CyA(norm)=0.41301;
fVX(norm)=0.32695;
kf_ATR_MGMT_P(norm)=0.67600;
k_ATR(norm)=0.82334;
K_add(norm)=1.00000;
kd_pATR(norm)=0.12551;
k_Chk1(norm)=0.52858;
C_Chk1(norm)=0.76820;
pChk1_ref12_5_24h(norm)=0.01820;
pChk1_ref100_24h(norm)=0.07675;
pChk1_ref100_48h(norm)=0.41431;
kd_pChk1(norm)=0.79668;
k_cdc25(norm)=0.29326;
K_cdc25(norm)=0.13270;
kf_p53(norm)=0.69507;
k_p53(norm)=0.39592;
K_ATR(norm)=0.46687;
p53ser46_ref50_72h(norm)=0.32774;
kp_ser46(norm)=0.25452;
K_p53(norm)=0.55021;
upAsy(norm)=0.49486;
sness(norm)=0.80492;
k_apop(norm)=0.72250;
tED50(norm)=0.36703;
cell_pop_norm0_Jack_MGMT_P(norm)=0.03437;
k_dis(norm)=0.67147;

%%%%%%%%%

TMZout0_Ka_XTMZ=36.2208214892;
MGMT_P0=2.4440437552;
k_MGMT=56.0000938775;
k_addO=0.0157361294;
k_addN=0.1547371313;
DSB_72h_fac=1.1187021232;
k_DSBO=0.0002358681;
k_DSBN=0.0000413893;
k_CyA=1.7629420444;
fVX=0.0011331330;
kf_ATR_MGMT_P=0.0000117262;
k_ATR=0.0254348743;
K_add=0.0000996552;
kd_pATR=0.0026270741;
k_Chk1=457.7966239363;
C_Chk1=0.8688264262;
pChk1_ref12_5_24h=0.0047129094;
pChk1_ref100_24h=0.0049639221;
pChk1_ref100_48h=0.0074703445;
kd_pChk1=0.0976666741;
k_cdc25=188.3332731103;
K_cdc25=0.9192649076;
kf_p53=0.0007584548;
k_p53=31.6438426904;
K_ATR=0.0003753090;
p53ser46_ref50_72h=0.0004380307;
kp_ser46=2.9055053370;
K_p53=0.5140918562;
upAsy=0.2333959361;
sness=0.0050155124;
k_apop=0.0716750719;
tED50=309.6932354245;
cell_pop_norm0_Jack_MGMT_P=70.8632933506;
k_dis=0.0174419991;

%%%%%%%%%

cost=234.1594253037;

%%%%%%%%%

