TMZout0_Ka_XTMZ(norm)=0.74230;
MGMT_P0(norm)=0.72772;
k_MGMT(norm)=0.84434;
k_addO(norm)=0.60693;
k_addN(norm)=0.17370;
DSB_72h_fac(norm)=0.15238;
k_DSBO(norm)=0.19456;
k_DSBN(norm)=0.78109;
k_CyA(norm)=0.59505;
fVX(norm)=0.63168;
kf_ATR_MGMT_P(norm)=0.87018;
k_ATR(norm)=0.93905;
K_add(norm)=0.50289;
kd_pATR(norm)=0.73708;
k_Chk1(norm)=0.75419;
C_Chk1(norm)=0.28868;
pChk1_ref12_5_24h(norm)=0.58428;
pChk1_ref100_24h(norm)=0.82570;
pChk1_ref100_48h(norm)=0.68034;
kd_pChk1(norm)=0.48993;
k_cdc25(norm)=0.48296;
K_cdc25(norm)=0.32990;
kf_p53(norm)=0.37747;
k_p53(norm)=0.69654;
K_ATR(norm)=0.73722;
p53ser46_ref50_72h(norm)=0.48534;
kp_ser46(norm)=0.13862;
K_p53(norm)=0.56442;
upAsy(norm)=0.11676;
sness(norm)=0.48720;
k_apop(norm)=0.85467;
tED50(norm)=0.33358;
cell_pop_norm0_Jack_MGMT_P(norm)=0.31184;
k_dis(norm)=0.26148;

%%%%%%%%%

TMZout0_Ka_XTMZ=36.7596272720;
MGMT_P0=2.1217369987;
k_MGMT=48.8785360876;
k_addO=0.0103699506;
k_addN=0.0808335964;
DSB_72h_fac=0.7353430057;
k_DSBO=0.0002327278;
k_DSBN=0.0000483064;
k_CyA=2.3624449067;
fVX=0.0013220434;
kf_ATR_MGMT_P=0.0000136180;
k_ATR=0.0332290941;
K_add=0.0000697608;
kd_pATR=0.0038466503;
k_Chk1=466.0556185780;
C_Chk1=0.5903654916;
pChk1_ref12_5_24h=0.0077502914;
pChk1_ref100_24h=0.0095250662;
pChk1_ref100_48h=0.0098175441;
kd_pChk1=0.0702329745;
k_cdc25=233.5123414742;
K_cdc25=1.0620848488;
kf_p53=0.0004954356;
k_p53=40.4565628646;
K_ATR=0.0005357625;
p53ser46_ref50_72h=0.0004308484;
kp_ser46=2.3060494633;
K_p53=0.6055256995;
upAsy=0.1674120647;
sness=0.0035066475;
k_apop=0.0829796488;
tED50=352.7893791927;
cell_pop_norm0_Jack_MGMT_P=78.2353338403;
k_dis=0.0124140826;

%%%%%%%%%

cost=250.4379225802;

%%%%%%%%%

