TMZout0_Ka_XTMZ(norm)=0.30661;
MGMT_P0(norm)=0.51401;
k_MGMT(norm)=0.48037;
k_addO(norm)=0.58105;
k_addN(norm)=0.67556;
DSB_72h_fac(norm)=0.53787;
k_DSBO(norm)=0.31574;
k_DSBN(norm)=0.41633;
k_CyA(norm)=0.54351;
fVX(norm)=0.48741;
kf_ATR_MGMT_P(norm)=0.76669;
k_ATR(norm)=0.77056;
K_add(norm)=0.83552;
kd_pATR(norm)=0.58630;
k_Chk1(norm)=0.77347;
C_Chk1(norm)=0.24207;
pChk1_ref12_5_24h(norm)=0.54110;
pChk1_ref100_24h(norm)=0.54265;
pChk1_ref100_48h(norm)=0.79797;
kd_pChk1(norm)=0.20467;
k_cdc25(norm)=0.46562;
K_cdc25(norm)=0.71183;
kf_p53(norm)=0.30826;
k_p53(norm)=0.17801;
K_ATR(norm)=0.71196;
p53ser46_ref50_72h(norm)=0.16610;
kp_ser46(norm)=0.74491;
K_p53(norm)=0.35189;
upAsy(norm)=0.68557;
sness(norm)=1.00000;
k_apop(norm)=0.66884;
tED50(norm)=0.63299;
cell_pop_norm0_Jack_MGMT_P(norm)=0.58891;
k_dis(norm)=0.52253;

%%%%%%%%%

TMZout0_Ka_XTMZ=33.2607376411;
MGMT_P0=1.7895686627;
k_MGMT=46.4968713904;
k_addO=0.0103122962;
k_addN=0.1556848583;
DSB_72h_fac=0.9623891043;
k_DSBO=0.0002913200;
k_DSBN=0.0000306943;
k_CyA=2.6778717306;
fVX=0.0013384320;
kf_ATR_MGMT_P=0.0000127201;
k_ATR=0.0329860831;
K_add=0.0001118311;
kd_pATR=0.0019864889;
k_Chk1=373.8702070693;
C_Chk1=0.5644453333;
pChk1_ref12_5_24h=0.0085139503;
pChk1_ref100_24h=0.0085752119;
pChk1_ref100_48h=0.0128675661;
kd_pChk1=0.0441444332;
k_cdc25=191.5633793374;
K_cdc25=1.5219228581;
kf_p53=0.0003727697;
k_p53=21.6446599448;
K_ATR=0.0005415262;
p53ser46_ref50_72h=0.0002704059;
kp_ser46=3.5378824161;
K_p53=0.4794555706;
upAsy=0.3063523902;
sness=0.0076345087;
k_apop=0.0662411444;
tED50=430.6388443625;
cell_pop_norm0_Jack_MGMT_P=86.3618470962;
k_dis=0.0148947233;

%%%%%%%%%

cost=232.4335488883;

%%%%%%%%%

