TMZout0_Ka_XTMZ(norm)=0.40767;
MGMT_P0(norm)=0.90230;
k_MGMT(norm)=0.75390;
k_addO(norm)=0.56311;
k_addN(norm)=0.39605;
DSB_72h_fac(norm)=0.74077;
k_DSBO(norm)=0.58193;
k_DSBN(norm)=0.61174;
k_CyA(norm)=0.72801;
fVX(norm)=0.19351;
kf_ATR_MGMT_P(norm)=0.59128;
k_ATR(norm)=0.79240;
K_add(norm)=0.71513;
kd_pATR(norm)=0.66578;
k_Chk1(norm)=0.37095;
C_Chk1(norm)=0.59223;
pChk1_ref12_5_24h(norm)=0.68241;
pChk1_ref100_24h(norm)=0.68177;
pChk1_ref100_48h(norm)=0.69743;
kd_pChk1(norm)=0.36040;
k_cdc25(norm)=0.70077;
K_cdc25(norm)=0.38892;
kf_p53(norm)=0.80791;
k_p53(norm)=0.35639;
K_ATR(norm)=0.56787;
p53ser46_ref50_72h(norm)=0.77841;
kp_ser46(norm)=0.48002;
K_p53(norm)=0.10731;
upAsy(norm)=0.45624;
sness(norm)=0.09304;
k_apop(norm)=0.59881;
tED50(norm)=0.68786;
cell_pop_norm0_Jack_MGMT_P(norm)=0.15493;
k_dis(norm)=0.62160;

%%%%%%%%%

TMZout0_Ka_XTMZ=34.0414287526;
MGMT_P0=2.3705079411;
k_MGMT=48.2902567658;
k_addO=0.0107115755;
k_addN=0.1191021270;
DSB_72h_fac=1.1523437397;
k_DSBO=0.0003175610;
k_DSBN=0.0000424123;
k_CyA=2.3386482162;
fVX=0.0009859361;
kf_ATR_MGMT_P=0.0000109284;
k_ATR=0.0226691074;
K_add=0.0000810124;
kd_pATR=0.0034017738;
k_Chk1=363.1533404059;
C_Chk1=0.7496510894;
pChk1_ref12_5_24h=0.0077230181;
pChk1_ref100_24h=0.0077289468;
pChk1_ref100_48h=0.0091978183;
kd_pChk1=0.0648651889;
k_cdc25=326.3274498944;
K_cdc25=1.1342947869;
kf_p53=0.0008122163;
k_p53=24.7234650283;
K_ATR=0.0003394371;
p53ser46_ref50_72h=0.0006512904;
kp_ser46=3.8935224027;
K_p53=0.5514823818;
upAsy=0.2487148594;
sness=0.0026027063;
k_apop=0.0642481062;
tED50=446.8563499865;
cell_pop_norm0_Jack_MGMT_P=73.9770084630;
k_dis=0.0167664049;

%%%%%%%%%

cost=125.1295349471;

%%%%%%%%%

