TMZout0_Ka_XTMZ(norm)=0.24236;
MGMT_P0(norm)=0.90887;
k_MGMT(norm)=0.61688;
k_addO(norm)=0.54507;
k_addN(norm)=0.29201;
DSB_72h_fac(norm)=0.65783;
k_DSBO(norm)=0.64607;
k_DSBN(norm)=0.63552;
k_CyA(norm)=0.76671;
fVX(norm)=0.62847;
kf_ATR_MGMT_P(norm)=0.58530;
k_ATR(norm)=0.28492;
K_add(norm)=0.69091;
kd_pATR(norm)=0.29658;
k_Chk1(norm)=0.49134;
C_Chk1(norm)=0.56647;
pChk1_ref12_5_24h(norm)=0.32380;
pChk1_ref100_24h(norm)=0.33712;
pChk1_ref100_48h(norm)=0.47678;
kd_pChk1(norm)=0.52573;
k_cdc25(norm)=0.40155;
K_cdc25(norm)=0.55222;
kf_p53(norm)=0.55694;
k_p53(norm)=0.37087;
K_ATR(norm)=0.16867;
p53ser46_ref50_72h(norm)=0.57034;
kp_ser46(norm)=0.78113;
K_p53(norm)=0.69111;
upAsy(norm)=0.36323;
sness(norm)=0.33567;
k_apop(norm)=0.59939;
tED50(norm)=0.64694;
cell_pop_norm0_Jack_MGMT_P(norm)=0.13458;
k_dis(norm)=0.61650;

%%%%%%%%%

TMZout0_Ka_XTMZ=32.7737165080;
MGMT_P0=2.3790050012;
k_MGMT=42.9969544602;
k_addO=0.0105490841;
k_addN=0.1090528052;
DSB_72h_fac=1.0827571628;
k_DSBO=0.0003352975;
k_DSBN=0.0000432756;
k_CyA=2.4166140878;
fVX=0.0014252929;
kf_ATR_MGMT_P=0.0000108731;
k_ATR=0.0147467142;
K_add=0.0000793665;
kd_pATR=0.0024880081;
k_Chk1=402.1548622172;
C_Chk1=0.7334647041;
pChk1_ref12_5_24h=0.0056993920;
pChk1_ref100_24h=0.0057715991;
pChk1_ref100_48h=0.0076293995;
kd_pChk1=0.0746193169;
k_cdc25=253.2486123333;
K_cdc25=1.3026145830;
kf_p53=0.0006566320;
k_p53=25.0287820848;
K_ATR=0.0002420259;
p53ser46_ref50_72h=0.0005460198;
kp_ser46=5.0250655278;
K_p53=0.9043946062;
upAsy=0.2298683111;
sness=0.0031967427;
k_apop=0.0642793997;
tED50=431.6291442248;
cell_pop_norm0_Jack_MGMT_P=73.4419713363;
k_dis=0.0166940579;

%%%%%%%%%

cost=124.6605887812;

%%%%%%%%%

