TMZout0_Ka_XTMZ(norm)=0.47630;
MGMT_P0(norm)=0.88856;
k_MGMT(norm)=0.78395;
k_addO(norm)=0.61831;
k_addN(norm)=0.41051;
DSB_72h_fac(norm)=0.67406;
k_DSBO(norm)=0.59567;
k_DSBN(norm)=0.76486;
k_CyA(norm)=0.48952;
fVX(norm)=0.63974;
kf_ATR_MGMT_P(norm)=0.62758;
k_ATR(norm)=0.48047;
K_add(norm)=0.59104;
kd_pATR(norm)=0.39453;
k_Chk1(norm)=0.21818;
C_Chk1(norm)=0.57363;
pChk1_ref12_5_24h(norm)=0.20969;
pChk1_ref100_24h(norm)=0.20848;
pChk1_ref100_48h(norm)=0.21886;
kd_pChk1(norm)=0.75004;
k_cdc25(norm)=0.17221;
K_cdc25(norm)=0.62529;
kf_p53(norm)=0.69763;
k_p53(norm)=0.56150;
K_ATR(norm)=0.50891;
p53ser46_ref50_72h(norm)=0.75906;
kp_ser46(norm)=0.71141;
K_p53(norm)=0.61096;
upAsy(norm)=0.32156;
sness(norm)=0.50176;
k_apop(norm)=0.46880;
tED50(norm)=0.35133;
cell_pop_norm0_Jack_MGMT_P(norm)=0.15540;
k_dis(norm)=0.59708;

%%%%%%%%%

TMZout0_Ka_XTMZ=34.5819809402;
MGMT_P0=2.3376441127;
k_MGMT=46.4402198677;
k_addO=0.0104703905;
k_addN=0.0987944821;
DSB_72h_fac=1.0929452026;
k_DSBO=0.0003269231;
k_DSBN=0.0000476469;
k_CyA=2.1603678102;
fVX=0.0013311094;
kf_ATR_MGMT_P=0.0000110877;
k_ATR=0.0225306167;
K_add=0.0000751711;
kd_pATR=0.0028776164;
k_Chk1=295.9349952953;
C_Chk1=0.7515800402;
pChk1_ref12_5_24h=0.0056425878;
pChk1_ref100_24h=0.0056460491;
pChk1_ref100_48h=0.0066402782;
kd_pChk1=0.0875501093;
k_cdc25=179.4570926663;
K_cdc25=1.3641237862;
kf_p53=0.0006498288;
k_p53=36.0825693558;
K_ATR=0.0004415264;
p53ser46_ref50_72h=0.0005433074;
kp_ser46=3.7466615191;
K_p53=0.6298822331;
upAsy=0.1991355338;
sness=0.0035501856;
k_apop=0.0598386866;
tED50=358.1347157319;
cell_pop_norm0_Jack_MGMT_P=73.9895417187;
k_dis=0.0164970853;

%%%%%%%%%

cost=124.1030610733;

%%%%%%%%%

