TMZout0_Ka_XTMZ(norm)=0.40164;
MGMT_P0(norm)=0.74606;
k_MGMT(norm)=0.78717;
k_addO(norm)=0.57808;
k_addN(norm)=0.75178;
DSB_72h_fac(norm)=0.66939;
k_DSBO(norm)=0.63529;
k_DSBN(norm)=0.61929;
k_CyA(norm)=0.76976;
fVX(norm)=0.84814;
kf_ATR_MGMT_P(norm)=0.61205;
k_ATR(norm)=0.36635;
K_add(norm)=0.62759;
kd_pATR(norm)=0.48872;
k_Chk1(norm)=0.76778;
C_Chk1(norm)=0.60861;
pChk1_ref12_5_24h(norm)=0.81070;
pChk1_ref100_24h(norm)=0.81187;
pChk1_ref100_48h(norm)=0.83479;
kd_pChk1(norm)=0.31567;
k_cdc25(norm)=0.53723;
K_cdc25(norm)=0.58258;
kf_p53(norm)=0.53397;
k_p53(norm)=0.49187;
K_ATR(norm)=0.35450;
p53ser46_ref50_72h(norm)=0.54464;
kp_ser46(norm)=0.81030;
K_p53(norm)=0.92669;
upAsy(norm)=0.23839;
sness(norm)=0.69238;
k_apop(norm)=0.53324;
tED50(norm)=0.27493;
cell_pop_norm0_Jack_MGMT_P(norm)=0.15443;
k_dis(norm)=0.60124;

%%%%%%%%%

TMZout0_Ka_XTMZ=33.9943162777;
MGMT_P0=2.1348846639;
k_MGMT=55.6675037876;
k_addO=0.0110062645;
k_addN=0.1745338821;
DSB_72h_fac=1.1006528230;
k_DSBO=0.0003267663;
k_DSBN=0.0000379939;
k_CyA=2.3851294524;
fVX=0.0017622362;
kf_ATR_MGMT_P=0.0000111078;
k_ATR=0.0172690218;
K_add=0.0000726879;
kd_pATR=0.0035737501;
k_Chk1=560.6497362023;
C_Chk1=0.7589414735;
pChk1_ref12_5_24h=0.0092237433;
pChk1_ref100_24h=0.0092540739;
pChk1_ref100_48h=0.0106676974;
kd_pChk1=0.0649747182;
k_cdc25=231.5809231443;
K_cdc25=1.3458072547;
kf_p53=0.0006616804;
k_p53=34.3237099717;
K_ATR=0.0003412253;
p53ser46_ref50_72h=0.0005264016;
kp_ser46=4.6530045801;
K_p53=0.7072554716;
upAsy=0.1878106805;
sness=0.0045593769;
k_apop=0.0610558403;
tED50=286.4447616967;
cell_pop_norm0_Jack_MGMT_P=73.9638387946;
k_dis=0.0164343723;

%%%%%%%%%

cost=123.0791803769;

%%%%%%%%%

