TMZout0_Ka_XTMZ(norm)=0.32116;
MGMT_P0(norm)=0.67260;
k_MGMT(norm)=0.37349;
k_addO(norm)=0.54025;
k_addN(norm)=0.40834;
DSB_72h_fac(norm)=0.50244;
k_DSBO(norm)=0.24891;
k_DSBN(norm)=1.00000;
k_CyA(norm)=0.28625;
fVX(norm)=0.32094;
kf_ATR_MGMT_P(norm)=0.89296;
k_ATR(norm)=0.92913;
K_add(norm)=0.63373;
kd_pATR(norm)=0.63847;
k_Chk1(norm)=0.49205;
C_Chk1(norm)=0.45237;
pChk1_ref12_5_24h(norm)=0.40865;
pChk1_ref100_24h(norm)=0.59134;
pChk1_ref100_48h(norm)=0.39475;
kd_pChk1(norm)=0.83508;
k_cdc25(norm)=0.34721;
K_cdc25(norm)=0.85931;
kf_p53(norm)=0.40410;
k_p53(norm)=0.61143;
K_ATR(norm)=0.34849;
p53ser46_ref50_72h(norm)=0.73041;
kp_ser46(norm)=0.44437;
K_p53(norm)=0.48043;
upAsy(norm)=0.63597;
sness(norm)=0.57882;
k_apop(norm)=0.80545;
tED50(norm)=0.33592;
cell_pop_norm0_Jack_MGMT_P(norm)=0.37611;
k_dis(norm)=0.55562;

%%%%%%%%%

TMZout0_Ka_XTMZ=33.3720408872;
MGMT_P0=1.9958478487;
k_MGMT=42.4711494939;
k_addO=0.0099618382;
k_addN=0.1241409553;
DSB_72h_fac=0.9351324172;
k_DSBO=0.0002752833;
k_DSBN=0.0000503307;
k_CyA=2.1534132885;
fVX=0.0011623545;
kf_ATR_MGMT_P=0.0000141565;
k_ATR=0.0377293365;
K_add=0.0000942559;
kd_pATR=0.0020762838;
k_Chk1=294.5520667217;
C_Chk1=0.6745370054;
pChk1_ref12_5_24h=0.0076101097;
pChk1_ref100_24h=0.0089363812;
pChk1_ref100_48h=0.0091436532;
kd_pChk1=0.0753101776;
k_cdc25=173.2766819624;
K_cdc25=1.7244880997;
kf_p53=0.0004043044;
k_p53=31.2491342056;
K_ATR=0.0003979889;
p53ser46_ref50_72h=0.0004361843;
kp_ser46=2.7425242734;
K_p53=0.5346268785;
upAsy=0.2937439313;
sness=0.0053431317;
k_apop=0.0743702507;
tED50=334.8082336545;
cell_pop_norm0_Jack_MGMT_P=80.0494660485;
k_dis=0.0153181913;

%%%%%%%%%

cost=229.8338520509;

%%%%%%%%%

