TMZout0_Ka_XTMZ(norm)=0.39528;
MGMT_P0(norm)=0.98231;
k_MGMT(norm)=0.66323;
k_addO(norm)=0.63448;
k_addN(norm)=0.44457;
DSB_72h_fac(norm)=0.78636;
k_DSBO(norm)=0.66731;
k_DSBN(norm)=0.92687;
k_CyA(norm)=0.32691;
fVX(norm)=0.46786;
kf_ATR_MGMT_P(norm)=0.61405;
k_ATR(norm)=0.62731;
K_add(norm)=0.61233;
kd_pATR(norm)=0.87997;
k_Chk1(norm)=0.58212;
C_Chk1(norm)=0.58872;
pChk1_ref12_5_24h(norm)=0.77032;
pChk1_ref100_24h(norm)=0.77435;
pChk1_ref100_48h(norm)=0.78581;
kd_pChk1(norm)=0.34572;
k_cdc25(norm)=0.31662;
K_cdc25(norm)=0.58015;
kf_p53(norm)=0.34825;
k_p53(norm)=0.40466;
K_ATR(norm)=0.46523;
p53ser46_ref50_72h(norm)=0.33152;
kp_ser46(norm)=0.59432;
K_p53(norm)=0.08466;
upAsy(norm)=0.49092;
sness(norm)=0.25622;
k_apop(norm)=0.62769;
tED50(norm)=0.98909;
cell_pop_norm0_Jack_MGMT_P(norm)=0.13633;
k_dis(norm)=0.61485;

%%%%%%%%%

TMZout0_Ka_XTMZ=33.9446988736;
MGMT_P0=2.4734988772;
k_MGMT=41.9249770348;
k_addO=0.0106148860;
k_addN=0.1016870149;
DSB_72h_fac=1.1902721589;
k_DSBO=0.0003473822;
k_DSBN=0.0000546574;
k_CyA=1.8823024430;
fVX=0.0011507116;
kf_ATR_MGMT_P=0.0000109613;
k_ATR=0.0255155235;
K_add=0.0000765391;
kd_pATR=0.0043417473;
k_Chk1=402.8284409460;
C_Chk1=0.7612527100;
pChk1_ref12_5_24h=0.0090735477;
pChk1_ref100_24h=0.0091194901;
pChk1_ref100_48h=0.0107352405;
kd_pChk1=0.0621546374;
k_cdc25=202.8154407270;
K_cdc25=1.3129337232;
kf_p53=0.0004833201;
k_p53=31.5924392446;
K_ATR=0.0004254870;
p53ser46_ref50_72h=0.0003782009;
kp_ser46=3.3927951191;
K_p53=0.4032693541;
upAsy=0.2298619058;
sness=0.0028833511;
k_apop=0.0684620429;
tED50=614.7943953852;
cell_pop_norm0_Jack_MGMT_P=73.4877814380;
k_dis=0.0167473386;

%%%%%%%%%

cost=123.5285337142;

%%%%%%%%%

