TMZout0_Ka_XTMZ(norm)=0.19069;
MGMT_P0(norm)=0.75430;
k_MGMT(norm)=0.75508;
k_addO(norm)=0.53616;
k_addN(norm)=0.21323;
DSB_72h_fac(norm)=0.63828;
k_DSBO(norm)=0.63306;
k_DSBN(norm)=0.83759;
k_CyA(norm)=0.64995;
fVX(norm)=0.56573;
kf_ATR_MGMT_P(norm)=0.60226;
k_ATR(norm)=0.77061;
K_add(norm)=0.65999;
kd_pATR(norm)=0.48754;
k_Chk1(norm)=0.61609;
C_Chk1(norm)=0.64865;
pChk1_ref12_5_24h(norm)=0.52693;
pChk1_ref100_24h(norm)=0.52594;
pChk1_ref100_48h(norm)=0.47297;
kd_pChk1(norm)=0.79904;
k_cdc25(norm)=0.97491;
K_cdc25(norm)=0.52306;
kf_p53(norm)=0.50353;
k_p53(norm)=0.32979;
K_ATR(norm)=0.56424;
p53ser46_ref50_72h(norm)=0.51509;
kp_ser46(norm)=0.52379;
K_p53(norm)=0.46312;
upAsy(norm)=0.11515;
sness(norm)=0.21560;
k_apop(norm)=0.55135;
tED50(norm)=0.47086;
cell_pop_norm0_Jack_MGMT_P(norm)=0.14202;
k_dis(norm)=0.62234;

%%%%%%%%%

TMZout0_Ka_XTMZ=32.3872671122;
MGMT_P0=2.1458557128;
k_MGMT=54.1743209021;
k_addO=0.0106222208;
k_addN=0.1105881620;
DSB_72h_fac=1.0760183195;
k_DSBO=0.0003261507;
k_DSBN=0.0000457134;
k_CyA=2.1548842534;
fVX=0.0013872216;
kf_ATR_MGMT_P=0.0000110160;
k_ATR=0.0243234133;
K_add=0.0000747110;
kd_pATR=0.0035701773;
k_Chk1=493.0295009147;
C_Chk1=0.7851289927;
pChk1_ref12_5_24h=0.0072524928;
pChk1_ref100_24h=0.0072629787;
pChk1_ref100_48h=0.0078510294;
kd_pChk1=0.0978622275;
k_cdc25=335.5520042484;
K_cdc25=1.2796266812;
kf_p53=0.0006448326;
k_p53=29.9195473262;
K_ATR=0.0004075881;
p53ser46_ref50_72h=0.0005133860;
kp_ser46=3.6501089333;
K_p53=0.4775202565;
upAsy=0.1691881851;
sness=0.0030441070;
k_apop=0.0619998676;
tED50=338.1723261870;
cell_pop_norm0_Jack_MGMT_P=73.6371024210;
k_dis=0.0167308735;

%%%%%%%%%

cost=123.5596536255;

%%%%%%%%%

