TMZout0_Ka_XTMZ(norm)=0.72533;
MGMT_P0(norm)=0.63328;
k_MGMT(norm)=0.80494;
k_addO(norm)=0.17163;
k_addN(norm)=0.94444;
DSB_72h_fac(norm)=1.00000;
k_DSBO(norm)=0.88991;
k_DSBN(norm)=0.40820;
k_CyA(norm)=0.97885;
fVX(norm)=0.71200;
kf_ATR_MGMT_P(norm)=0.75622;
k_ATR(norm)=0.54885;
K_add(norm)=0.53350;
kd_pATR(norm)=0.75127;
k_Chk1(norm)=0.54184;
C_Chk1(norm)=0.77389;
pChk1_ref12_5_24h(norm)=0.45946;
pChk1_ref100_24h(norm)=0.46389;
pChk1_ref100_48h(norm)=0.32980;
kd_pChk1(norm)=0.29946;
k_cdc25(norm)=0.51815;
K_cdc25(norm)=0.43883;
kf_p53(norm)=0.83210;
k_p53(norm)=0.00010;
K_ATR(norm)=0.12741;
p53ser46_ref50_72h(norm)=1.00000;
kp_ser46(norm)=0.52101;
K_p53(norm)=0.77238;
upAsy(norm)=0.46436;
sness(norm)=0.17619;
k_apop(norm)=0.53519;
tED50(norm)=0.86746;
cell_pop_norm0_Jack_MGMT_P(norm)=1.00000;
k_dis(norm)=0.67640;

%%%%%%%%%

TMZout0_Ka_XTMZ=36.6167245467;
MGMT_P0=1.9903267901;
k_MGMT=56.5121360347;
k_addO=0.0077996596;
k_addN=0.2054829694;
DSB_72h_fac=1.4000000000;
k_DSBO=0.0004054430;
k_DSBN=0.0000317714;
k_CyA=2.8474383188;
fVX=0.0015702554;
kf_ATR_MGMT_P=0.0000125510;
k_ATR=0.0201568836;
K_add=0.0000671180;
kd_pATR=0.0044641548;
k_Chk1=462.9674543288;
C_Chk1=0.8730272936;
pChk1_ref12_5_24h=0.0068495509;
pChk1_ref100_24h=0.0068910016;
pChk1_ref100_48h=0.0069541339;
kd_pChk1=0.0640888434;
k_cdc25=227.8679726071;
K_cdc25=1.1914791773;
kf_p53=0.0008518317;
k_p53=22.6274627823;
K_ATR=0.0002815002;
p53ser46_ref50_72h=0.0007742483;
kp_ser46=3.6415180609;
K_p53=0.6205728671;
upAsy=0.2274410081;
sness=0.0029441337;
k_apop=0.0611565229;
tED50=473.2380851704;
cell_pop_norm0_Jack_MGMT_P=100.0000000000;
k_dis=0.0175149748;

%%%%%%%%%

cost=466.8907898039;

%%%%%%%%%

