TMZout0_Ka_XTMZ(norm)=0.30662;
MGMT_P0(norm)=0.50000;
k_MGMT(norm)=0.38558;
k_addO(norm)=0.27808;
k_addN(norm)=0.59157;
DSB_72h_fac(norm)=0.70787;
k_DSBO(norm)=0.28693;
k_DSBN(norm)=0.55775;
k_CyA(norm)=0.70995;
fVX(norm)=1.00000;
kf_ATR_MGMT_P(norm)=0.75946;
k_ATR(norm)=1.00000;
K_add(norm)=0.83805;
kd_pATR(norm)=0.39285;
k_Chk1(norm)=0.90433;
C_Chk1(norm)=0.42036;
pChk1_ref12_5_24h(norm)=0.75610;
pChk1_ref100_24h(norm)=1.00000;
pChk1_ref100_48h(norm)=1.00000;
kd_pChk1(norm)=0.54318;
k_cdc25(norm)=0.97237;
K_cdc25(norm)=0.87971;
kf_p53(norm)=0.71210;
k_p53(norm)=0.52306;
K_ATR(norm)=0.92433;
p53ser46_ref50_72h(norm)=0.99928;
kp_ser46(norm)=0.99018;
K_p53(norm)=0.41756;
upAsy(norm)=0.19803;
sness(norm)=0.85660;
k_apop(norm)=0.16861;
tED50(norm)=0.33780;
cell_pop_norm0_Jack_MGMT_P(norm)=0.35534;
k_dis(norm)=0.36829;

%%%%%%%%%

TMZout0_Ka_XTMZ=33.2607896013;
MGMT_P0=1.7723936436;
k_MGMT=42.9085234979;
k_addO=0.0079775142;
k_addN=0.1449894943;
DSB_72h_fac=1.1046667105;
k_DSBO=0.0002842945;
k_DSBN=0.0000346015;
k_CyA=3.0834520776;
fVX=0.0020664155;
kf_ATR_MGMT_P=0.0000126424;
k_ATR=0.0400643967;
K_add=0.0001120708;
kd_pATR=0.0016861775;
k_Chk1=417.7068252699;
C_Chk1=0.6564896508;
pChk1_ref12_5_24h=0.0102151854;
pChk1_ref100_24h=0.0126339952;
pChk1_ref100_48h=0.0152699534;
kd_pChk1=0.0588086413;
k_cdc25=294.2964081893;
K_cdc25=1.7545685705;
kf_p53=0.0005248613;
k_p53=28.9948266507;
K_ATR=0.0006482843;
p53ser46_ref50_72h=0.0005477801;
kp_ser46=4.3550945883;
K_p53=0.5068904513;
upAsy=0.2026843286;
sness=0.0067610451;
k_apop=0.0433567524;
tED50=335.3421161441;
cell_pop_norm0_Jack_MGMT_P=79.4585498441;
k_dis=0.0130699699;

%%%%%%%%%

cost=217.3755248679;

%%%%%%%%%

