TMZout0_Ka_XTMZ(norm)=0.16902;
MGMT_P0(norm)=0.80067;
k_MGMT(norm)=0.62244;
k_addO(norm)=0.53157;
k_addN(norm)=0.10389;
DSB_72h_fac(norm)=0.76111;
k_DSBO(norm)=0.67862;
k_DSBN(norm)=0.89223;
k_CyA(norm)=0.63866;
fVX(norm)=0.58476;
kf_ATR_MGMT_P(norm)=0.59092;
k_ATR(norm)=0.46734;
K_add(norm)=0.68332;
kd_pATR(norm)=0.44008;
k_Chk1(norm)=0.34011;
C_Chk1(norm)=0.57664;
pChk1_ref12_5_24h(norm)=0.33506;
pChk1_ref100_24h(norm)=0.33382;
pChk1_ref100_48h(norm)=0.42789;
kd_pChk1(norm)=0.59151;
k_cdc25(norm)=0.75058;
K_cdc25(norm)=0.63227;
kf_p53(norm)=0.53871;
k_p53(norm)=0.51031;
K_ATR(norm)=0.40097;
p53ser46_ref50_72h(norm)=0.59390;
kp_ser46(norm)=0.66712;
K_p53(norm)=0.24273;
upAsy(norm)=0.27629;
sness(norm)=0.99462;
k_apop(norm)=0.67178;
tED50(norm)=0.02662;
cell_pop_norm0_Jack_MGMT_P(norm)=0.14253;
k_dis(norm)=0.58881;

%%%%%%%%%

TMZout0_Ka_XTMZ=32.2265218760;
MGMT_P0=2.2429261867;
k_MGMT=43.1999362993;
k_addO=0.0104291080;
k_addN=0.0929848509;
DSB_72h_fac=1.1700768829;
k_DSBO=0.0003446729;
k_DSBN=0.0000537909;
k_CyA=2.1681464404;
fVX=0.0013734671;
kf_ATR_MGMT_P=0.0000109250;
k_ATR=0.0172115366;
K_add=0.0000788579;
kd_pATR=0.0028096672;
k_Chk1=353.7878373055;
C_Chk1=0.7398139914;
pChk1_ref12_5_24h=0.0057540519;
pChk1_ref100_24h=0.0057554833;
pChk1_ref100_48h=0.0073198066;
kd_pChk1=0.0788958042;
k_cdc25=340.3933138288;
K_cdc25=1.3940343467;
kf_p53=0.0006465638;
k_p53=28.1676656640;
K_ATR=0.0002946753;
p53ser46_ref50_72h=0.0005570328;
kp_ser46=4.5623652508;
K_p53=0.6185331302;
upAsy=0.2135427433;
sness=0.0055870952;
k_apop=0.0683455054;
tED50=255.1796428211;
cell_pop_norm0_Jack_MGMT_P=73.6506261341;
k_dis=0.0163070109;

%%%%%%%%%

cost=123.9646920633;

%%%%%%%%%

