TMZout0_Ka_XTMZ(norm)=0.71187;
MGMT_P0(norm)=0.21706;
k_MGMT(norm)=0.39811;
k_addO(norm)=0.66274;
k_addN(norm)=0.29598;
DSB_72h_fac(norm)=0.25073;
k_DSBO(norm)=0.34268;
k_DSBN(norm)=0.33866;
k_CyA(norm)=0.06944;
fVX(norm)=0.69471;
kf_ATR_MGMT_P(norm)=0.80404;
k_ATR(norm)=0.24741;
K_add(norm)=0.62693;
kd_pATR(norm)=0.56729;
k_Chk1(norm)=1.00000;
C_Chk1(norm)=0.78169;
pChk1_ref12_5_24h(norm)=0.41593;
pChk1_ref100_24h(norm)=0.48307;
pChk1_ref100_48h(norm)=0.49009;
kd_pChk1(norm)=0.00010;
k_cdc25(norm)=0.88713;
K_cdc25(norm)=0.21280;
kf_p53(norm)=0.95212;
k_p53(norm)=0.47245;
K_ATR(norm)=0.00010;
p53ser46_ref50_72h(norm)=0.71430;
kp_ser46(norm)=0.27047;
K_p53(norm)=0.64070;
upAsy(norm)=0.52321;
sness(norm)=0.08225;
k_apop(norm)=0.59157;
tED50(norm)=0.40160;
cell_pop_norm0_Jack_MGMT_P(norm)=0.00010;
k_dis(norm)=0.64658;

%%%%%%%%%

TMZout0_Ka_XTMZ=36.5036973137;
MGMT_P0=1.5365313268;
k_MGMT=40.0349934515;
k_addO=0.0118248134;
k_addN=0.1186199491;
DSB_72h_fac=0.8116122771;
k_DSBO=0.0002550138;
k_DSBN=0.0000299536;
k_CyA=1.3176811900;
fVX=0.0015474130;
kf_ATR_MGMT_P=0.0000130700;
k_ATR=0.0156134876;
K_add=0.0000726473;
kd_pATR=0.0038197695;
k_Chk1=682.5647593832;
C_Chk1=0.8788136811;
pChk1_ref12_5_24h=0.0066014977;
pChk1_ref100_24h=0.0070039073;
pChk1_ref100_48h=0.0079657565;
kd_pChk1=0.0497305343;
k_cdc25=311.4987910875;
K_cdc25=0.9838117794;
kf_p53=0.0009430190;
k_p53=33.7638142776;
K_ATR=0.0002527144;
p53ser46_ref50_72h=0.0006077818;
kp_ser46=2.9450386966;
K_p53=0.5550549892;
upAsy=0.2390704784;
sness=0.0027188747;
k_apop=0.0641489021;
tED50=318.8971735679;
cell_pop_norm0_Jack_MGMT_P=70.0024967691;
k_dis=0.0170780359;

%%%%%%%%%

cost=265.4735959335;

%%%%%%%%%

