TMZout0_Ka_XTMZ(norm)=0.29528;
MGMT_P0(norm)=0.44836;
k_MGMT(norm)=0.52884;
k_addO(norm)=0.55535;
k_addN(norm)=0.53909;
DSB_72h_fac(norm)=0.35298;
k_DSBO(norm)=0.96833;
k_DSBN(norm)=0.73115;
k_CyA(norm)=0.40208;
fVX(norm)=0.27272;
kf_ATR_MGMT_P(norm)=0.81462;
k_ATR(norm)=0.49440;
K_add(norm)=0.52511;
kd_pATR(norm)=0.33465;
k_Chk1(norm)=0.38566;
C_Chk1(norm)=0.35935;
pChk1_ref12_5_24h(norm)=0.17931;
pChk1_ref100_24h(norm)=0.40747;
pChk1_ref100_48h(norm)=0.41436;
kd_pChk1(norm)=0.55413;
k_cdc25(norm)=0.12130;
K_cdc25(norm)=0.09408;
kf_p53(norm)=0.69208;
k_p53(norm)=0.59456;
K_ATR(norm)=0.49684;
p53ser46_ref50_72h(norm)=0.52851;
kp_ser46(norm)=0.42078;
K_p53(norm)=0.59556;
upAsy(norm)=0.82527;
sness(norm)=0.56033;
k_apop(norm)=0.64031;
tED50(norm)=0.54549;
cell_pop_norm0_Jack_MGMT_P(norm)=0.00010;
k_dis(norm)=0.76147;

%%%%%%%%%

TMZout0_Ka_XTMZ=33.1743293198;
MGMT_P0=1.7930423947;
k_MGMT=37.4129892708;
k_addO=0.0099264716;
k_addN=0.1101658050;
DSB_72h_fac=0.8563882190;
k_DSBO=0.0004483073;
k_DSBN=0.0000463053;
k_CyA=2.0060967415;
fVX=0.0009753470;
kf_ATR_MGMT_P=0.0000129917;
k_ATR=0.0227979745;
K_add=0.0000710866;
kd_pATR=0.0027352721;
k_Chk1=341.0555061719;
C_Chk1=0.6267922232;
pChk1_ref12_5_24h=0.0054991653;
pChk1_ref100_24h=0.0066829205;
pChk1_ref100_48h=0.0078365780;
kd_pChk1=0.0741593542;
k_cdc25=171.8816811500;
K_cdc25=0.8697251669;
kf_p53=0.0006467808;
k_p53=37.1074842610;
K_ATR=0.0004370354;
p53ser46_ref50_72h=0.0004468986;
kp_ser46=2.9288544042;
K_p53=0.6217165099;
upAsy=0.3051402995;
sness=0.0037308004;
k_apop=0.0691980183;
tED50=422.1759140074;
cell_pop_norm0_Jack_MGMT_P=70.0024967691;
k_dis=0.0189627693;

%%%%%%%%%

cost=197.6345049497;

%%%%%%%%%

