TMZout0_Ka_XTMZ(norm)=0.46739;
MGMT_P0(norm)=0.12003;
k_MGMT(norm)=0.64754;
k_addO(norm)=0.08694;
k_addN(norm)=0.00010;
DSB_72h_fac(norm)=0.50101;
k_DSBO(norm)=0.14767;
k_DSBN(norm)=0.46357;
k_CyA(norm)=0.05122;
fVX(norm)=0.05683;
kf_ATR_MGMT_P(norm)=0.18090;
k_ATR(norm)=0.68120;
K_add(norm)=0.21716;
kd_pATR(norm)=0.11338;
k_Chk1(norm)=0.07578;
C_Chk1(norm)=0.14707;
pChk1_ref12_5_24h(norm)=0.47830;
pChk1_ref100_24h(norm)=0.00010;
pChk1_ref100_48h(norm)=1.00000;
kd_pChk1(norm)=0.34092;
k_cdc25(norm)=0.74929;
K_cdc25(norm)=0.56573;
kf_p53(norm)=0.36571;
k_p53(norm)=0.18798;
K_ATR(norm)=0.62924;
p53ser46_ref50_72h(norm)=0.42726;
kp_ser46(norm)=0.66059;
K_p53(norm)=0.41908;
upAsy(norm)=0.30934;
sness(norm)=0.00010;
k_apop(norm)=0.52702;
tED50(norm)=0.41188;
cell_pop_norm0_Jack_MGMT_P(norm)=0.30266;
k_dis(norm)=0.45149;

%%%%%%%%%

TMZout0_Ka_XTMZ=34.5113061970;
MGMT_P0=1.4712081831;
k_MGMT=41.3712779926;
k_addO=0.0066747392;
k_addN=0.0697766828;
DSB_72h_fac=0.9583136081;
k_DSBO=0.0002236623;
k_DSBN=0.0000369120;
k_CyA=1.4901910753;
fVX=0.0008123010;
kf_ATR_MGMT_P=0.0000075940;
k_ATR=0.0267076292;
K_add=0.0000547611;
kd_pATR=0.0022676519;
k_Chk1=262.2987698100;
C_Chk1=0.5236139840;
pChk1_ref12_5_24h=0.0070846846;
pChk1_ref100_24h=0.0047322228;
pChk1_ref100_48h=0.0128714905;
kd_pChk1=0.0619026777;
k_cdc25=292.6265079838;
K_cdc25=1.2969930550;
kf_p53=0.0004905242;
k_p53=26.2936158931;
K_ATR=0.0004889198;
p53ser46_ref50_72h=0.0004101599;
kp_ser46=3.5887528427;
K_p53=0.5353658914;
upAsy=0.1970830912;
sness=0.0023208671;
k_apop=0.0628643300;
tED50=376.9882625367;
cell_pop_norm0_Jack_MGMT_P=77.9796751724;
k_dis=0.0145825300;

%%%%%%%%%

cost=100000.0000000000;

%%%%%%%%%

