TMZout0_Ka_XTMZ(norm)=0.38441;
MGMT_P0(norm)=0.00010;
k_MGMT(norm)=0.18885;
k_addO(norm)=0.42678;
k_addN(norm)=0.47620;
DSB_72h_fac(norm)=0.26333;
k_DSBO(norm)=1.00000;
k_DSBN(norm)=0.33360;
k_CyA(norm)=0.61521;
fVX(norm)=0.54032;
kf_ATR_MGMT_P(norm)=0.79767;
k_ATR(norm)=0.46093;
K_add(norm)=0.43037;
kd_pATR(norm)=0.34086;
k_Chk1(norm)=0.45437;
C_Chk1(norm)=0.09443;
pChk1_ref12_5_24h(norm)=0.34380;
pChk1_ref100_24h(norm)=0.52183;
pChk1_ref100_48h(norm)=0.88233;
kd_pChk1(norm)=0.12536;
k_cdc25(norm)=0.43784;
K_cdc25(norm)=0.64608;
kf_p53(norm)=0.64762;
k_p53(norm)=0.73948;
K_ATR(norm)=0.50358;
p53ser46_ref50_72h(norm)=0.28854;
kp_ser46(norm)=0.26761;
K_p53(norm)=0.21696;
upAsy(norm)=0.79173;
sness(norm)=0.98621;
k_apop(norm)=0.85569;
tED50(norm)=0.34180;
cell_pop_norm0_Jack_MGMT_P(norm)=0.50349;
k_dis(norm)=0.96662;

%%%%%%%%%

TMZout0_Ka_XTMZ=33.8601115628;
MGMT_P0=1.3426454420;
k_MGMT=33.5302299101;
k_addO=0.0096819856;
k_addN=0.1381891899;
DSB_72h_fac=0.8190863306;
k_DSBO=0.0004450842;
k_DSBN=0.0000298253;
k_CyA=2.0923838687;
fVX=0.0013576739;
kf_ATR_MGMT_P=0.0000129996;
k_ATR=0.0187098149;
K_add=0.0000615021;
kd_pATR=0.0031529433;
k_Chk1=429.8985802298;
C_Chk1=0.4909118339;
pChk1_ref12_5_24h=0.0062101543;
pChk1_ref100_24h=0.0072377660;
pChk1_ref100_48h=0.0111060936;
kd_pChk1=0.0552988242;
k_cdc25=212.8777538567;
K_cdc25=1.4202086791;
kf_p53=0.0007285692;
k_p53=42.3361568569;
K_ATR=0.0003871680;
p53ser46_ref50_72h=0.0004237217;
kp_ser46=2.9378945173;
K_p53=0.3876247617;
upAsy=0.3001467801;
sness=0.0058482410;
k_apop=0.0802382419;
tED50=303.1429333523;
cell_pop_norm0_Jack_MGMT_P=83.7700820850;
k_dis=0.0223977803;

%%%%%%%%%

cost=326.9093147146;

%%%%%%%%%

