TMZout0_Ka_XTMZ(norm)=0.50371;
MGMT_P0(norm)=0.00010;
k_MGMT(norm)=0.44377;
k_addO(norm)=0.86771;
k_addN(norm)=0.65500;
DSB_72h_fac(norm)=0.76551;
k_DSBO(norm)=0.17481;
k_DSBN(norm)=0.54847;
k_CyA(norm)=0.59657;
fVX(norm)=0.76304;
kf_ATR_MGMT_P(norm)=0.67099;
k_ATR(norm)=0.18633;
K_add(norm)=0.76786;
kd_pATR(norm)=0.36290;
k_Chk1(norm)=0.62752;
C_Chk1(norm)=0.42242;
pChk1_ref12_5_24h(norm)=0.09742;
pChk1_ref100_24h(norm)=0.13891;
pChk1_ref100_48h(norm)=0.43918;
kd_pChk1(norm)=0.88088;
k_cdc25(norm)=0.17532;
K_cdc25(norm)=0.47749;
kf_p53(norm)=0.79507;
k_p53(norm)=0.61942;
K_ATR(norm)=0.21878;
p53ser46_ref50_72h(norm)=0.74234;
kp_ser46(norm)=1.00000;
K_p53(norm)=0.43445;
upAsy(norm)=0.46452;
sness(norm)=0.24627;
k_apop(norm)=0.19268;
tED50(norm)=0.70797;
cell_pop_norm0_Jack_MGMT_P(norm)=0.02653;
k_dis(norm)=0.63497;

%%%%%%%%%

TMZout0_Ka_XTMZ=34.8002965644;
MGMT_P0=1.3426454420;
k_MGMT=41.6140120870;
k_addO=0.0140675316;
k_addN=0.1607929045;
DSB_72h_fac=1.1803958446;
k_DSBO=0.0002212031;
k_DSBN=0.0000357811;
k_CyA=2.0595983531;
fVX=0.0016396479;
kf_ATR_MGMT_P=0.0000116766;
k_ATR=0.0148259542;
K_add=0.0000818609;
kd_pATR=0.0032123756;
k_Chk1=497.8266918903;
C_Chk1=0.6481767208;
pChk1_ref12_5_24h=0.0050400829;
pChk1_ref100_24h=0.0052323607;
pChk1_ref100_48h=0.0076294501;
kd_pChk1=0.1048891421;
k_cdc25=170.4229527789;
K_cdc25=1.2311557421;
kf_p53=0.0008255213;
k_p53=38.2412900672;
K_ATR=0.0003041582;
p53ser46_ref50_72h=0.0006223987;
kp_ser46=5.4643701630;
K_p53=0.4660589003;
upAsy=0.2274729715;
sness=0.0031242442;
k_apop=0.0457515969;
tED50=413.4170310350;
cell_pop_norm0_Jack_MGMT_P=70.6655663608;
k_dis=0.0169108579;

%%%%%%%%%

cost=184.7056445177;

%%%%%%%%%

