TMZout0_Ka_XTMZ(norm)=0.15317;
MGMT_P0(norm)=0.43803;
k_MGMT(norm)=0.39748;
k_addO(norm)=0.28843;
k_addN(norm)=0.61023;
DSB_72h_fac(norm)=0.70720;
k_DSBO(norm)=0.37785;
k_DSBN(norm)=0.59316;
k_CyA(norm)=0.76052;
fVX(norm)=0.16723;
kf_ATR_MGMT_P(norm)=1.00000;
k_ATR(norm)=0.40144;
K_add(norm)=0.81034;
kd_pATR(norm)=0.11826;
k_Chk1(norm)=0.88181;
C_Chk1(norm)=0.43202;
pChk1_ref12_5_24h(norm)=0.37540;
pChk1_ref100_24h(norm)=0.73150;
pChk1_ref100_48h(norm)=0.65994;
kd_pChk1(norm)=0.74444;
k_cdc25(norm)=0.28148;
K_cdc25(norm)=0.75055;
kf_p53(norm)=0.37692;
k_p53(norm)=0.15253;
K_ATR(norm)=0.51661;
p53ser46_ref50_72h(norm)=0.37771;
kp_ser46(norm)=0.69924;
K_p53(norm)=0.38877;
upAsy(norm)=0.16967;
sness(norm)=0.32848;
k_apop(norm)=0.61337;
tED50(norm)=0.84845;
cell_pop_norm0_Jack_MGMT_P(norm)=0.54242;
k_dis(norm)=0.23921;

%%%%%%%%%

TMZout0_Ka_XTMZ=32.1094517080;
MGMT_P0=1.8225191964;
k_MGMT=34.6194011138;
k_addO=0.0080737874;
k_addN=0.1257823283;
DSB_72h_fac=1.1221959229;
k_DSBO=0.0002715056;
k_DSBN=0.0000398701;
k_CyA=2.8423514510;
fVX=0.0009981847;
kf_ATR_MGMT_P=0.0000154484;
k_ATR=0.0225692004;
K_add=0.0000982620;
kd_pATR=0.0018324864;
k_Chk1=431.3623024515;
C_Chk1=0.6602125464;
pChk1_ref12_5_24h=0.0071329355;
pChk1_ref100_24h=0.0096666166;
pChk1_ref100_48h=0.0112299042;
kd_pChk1=0.0721884444;
k_cdc25=178.7259111550;
K_cdc25=1.6008937842;
kf_p53=0.0004831499;
k_p53=22.6559940785;
K_ATR=0.0004361787;
p53ser46_ref50_72h=0.0004025538;
kp_ser46=3.6471876962;
K_p53=0.5461811678;
upAsy=0.1383147007;
sness=0.0030247128;
k_apop=0.0595086163;
tED50=473.9610700793;
cell_pop_norm0_Jack_MGMT_P=84.9415539295;
k_dis=0.0120369122;

%%%%%%%%%

cost=286.5364036425;

%%%%%%%%%

