TMZout0_Ka_XTMZ(norm)=0.44197;
MGMT_P0(norm)=0.37480;
k_MGMT(norm)=0.56948;
k_addO(norm)=0.36974;
k_addN(norm)=0.43683;
DSB_72h_fac(norm)=0.49154;
k_DSBO(norm)=0.12803;
k_DSBN(norm)=0.66182;
k_CyA(norm)=0.98386;
fVX(norm)=0.63586;
kf_ATR_MGMT_P(norm)=0.85174;
k_ATR(norm)=0.84588;
K_add(norm)=0.48628;
kd_pATR(norm)=0.53043;
k_Chk1(norm)=0.41657;
C_Chk1(norm)=0.00010;
pChk1_ref12_5_24h(norm)=0.24049;
pChk1_ref100_24h(norm)=0.50380;
pChk1_ref100_48h(norm)=0.47934;
kd_pChk1(norm)=0.11208;
k_cdc25(norm)=0.74698;
K_cdc25(norm)=0.77171;
kf_p53(norm)=0.54629;
k_p53(norm)=0.37272;
K_ATR(norm)=0.61764;
p53ser46_ref50_72h(norm)=0.12621;
kp_ser46(norm)=0.39257;
K_p53(norm)=0.24233;
upAsy(norm)=0.38489;
sness(norm)=0.48757;
k_apop(norm)=0.00010;
tED50(norm)=1.00000;
cell_pop_norm0_Jack_MGMT_P(norm)=0.53705;
k_dis(norm)=0.25940;

%%%%%%%%%

TMZout0_Ka_XTMZ=34.3105081184;
MGMT_P0=1.6948549787;
k_MGMT=46.2912010478;
k_addO=0.0092252119;
k_addN=0.1336551419;
DSB_72h_fac=0.9670491388;
k_DSBO=0.0002126078;
k_DSBN=0.0000393881;
k_CyA=2.8595422137;
fVX=0.0014721499;
kf_ATR_MGMT_P=0.0000136091;
k_ATR=0.0259252409;
K_add=0.0000644856;
kd_pATR=0.0037023184;
k_Chk1=416.3478710108;
C_Chk1=0.4532009724;
pChk1_ref12_5_24h=0.0056896409;
pChk1_ref100_24h=0.0071280460;
pChk1_ref100_48h=0.0078935216;
kd_pChk1=0.0546799647;
k_cdc25=276.6202785261;
K_cdc25=1.5797245995;
kf_p53=0.0006686240;
k_p53=31.0278074012;
K_ATR=0.0004264525;
p53ser46_ref50_72h=0.0003692704;
kp_ser46=3.2660208333;
K_p53=0.3960454038;
upAsy=0.2126312548;
sness=0.0038330016;
k_apop=0.0388635663;
tED50=529.4799787438;
cell_pop_norm0_Jack_MGMT_P=84.7790221948;
k_dis=0.0123017266;

%%%%%%%%%

cost=325.9979462533;

%%%%%%%%%

