TMZout0_Ka_XTMZ(norm)=0.53139;
MGMT_P0(norm)=0.85423;
k_MGMT(norm)=0.55905;
k_addO(norm)=0.56814;
k_addN(norm)=0.87275;
DSB_72h_fac(norm)=0.78893;
k_DSBO(norm)=0.61296;
k_DSBN(norm)=0.62631;
k_CyA(norm)=0.62034;
fVX(norm)=0.60806;
kf_ATR_MGMT_P(norm)=0.60831;
k_ATR(norm)=0.43245;
K_add(norm)=0.58390;
kd_pATR(norm)=0.70400;
k_Chk1(norm)=0.46256;
C_Chk1(norm)=0.59039;
pChk1_ref12_5_24h(norm)=0.38664;
pChk1_ref100_24h(norm)=0.38747;
pChk1_ref100_48h(norm)=0.47925;
kd_pChk1(norm)=0.60448;
k_cdc25(norm)=0.76415;
K_cdc25(norm)=0.56352;
kf_p53(norm)=0.61166;
k_p53(norm)=0.52692;
K_ATR(norm)=0.40007;
p53ser46_ref50_72h(norm)=0.65743;
kp_ser46(norm)=0.77399;
K_p53(norm)=0.09170;
upAsy(norm)=0.66024;
sness(norm)=0.39745;
k_apop(norm)=0.59798;
tED50(norm)=0.75974;
cell_pop_norm0_Jack_MGMT_P(norm)=0.17648;
k_dis(norm)=0.60991;

%%%%%%%%%

TMZout0_Ka_XTMZ=35.0221799946;
MGMT_P0=2.2833925715;
k_MGMT=45.8837506075;
k_addO=0.0109139648;
k_addN=0.1933735777;
DSB_72h_fac=1.2006809457;
k_DSBO=0.0003206412;
k_DSBN=0.0000382205;
k_CyA=2.1014980447;
fVX=0.0014378727;
kf_ATR_MGMT_P=0.0000110727;
k_ATR=0.0182637776;
K_add=0.0000700460;
kd_pATR=0.0042888819;
k_Chk1=432.8906687670;
C_Chk1=0.7473131924;
pChk1_ref12_5_24h=0.0064397105;
pChk1_ref100_24h=0.0064589589;
pChk1_ref100_48h=0.0078929646;
kd_pChk1=0.0829889662;
k_cdc25=280.6750536179;
K_cdc25=1.3242552220;
kf_p53=0.0007067006;
k_p53=35.3585768127;
K_ATR=0.0003546580;
p53ser46_ref50_72h=0.0005791938;
kp_ser46=4.5120470846;
K_p53=0.3485934499;
upAsy=0.2685032418;
sness=0.0035512002;
k_apop=0.0644984319;
tED50=431.9568793958;
cell_pop_norm0_Jack_MGMT_P=74.5478387765;
k_dis=0.0165555742;

%%%%%%%%%

cost=122.9069785650;

%%%%%%%%%

