TMZout0_Ka_XTMZ(norm)=0.35770;
MGMT_P0(norm)=0.67619;
k_MGMT(norm)=0.40559;
k_addO(norm)=0.00010;
k_addN(norm)=0.78483;
DSB_72h_fac(norm)=0.51302;
k_DSBO(norm)=0.40517;
k_DSBN(norm)=0.64486;
k_CyA(norm)=0.65246;
fVX(norm)=0.74486;
kf_ATR_MGMT_P(norm)=0.65947;
k_ATR(norm)=0.82706;
K_add(norm)=0.49239;
kd_pATR(norm)=0.77407;
k_Chk1(norm)=0.27449;
C_Chk1(norm)=1.00000;
pChk1_ref12_5_24h(norm)=0.22912;
pChk1_ref100_24h(norm)=0.83218;
pChk1_ref100_48h(norm)=0.66850;
kd_pChk1(norm)=0.22163;
k_cdc25(norm)=0.02404;
K_cdc25(norm)=0.42885;
kf_p53(norm)=0.49883;
k_p53(norm)=0.86150;
K_ATR(norm)=0.40959;
p53ser46_ref50_72h(norm)=0.49304;
kp_ser46(norm)=0.36834;
K_p53(norm)=0.08023;
upAsy(norm)=0.63319;
sness(norm)=0.06209;
k_apop(norm)=0.68117;
tED50(norm)=0.90966;
cell_pop_norm0_Jack_MGMT_P(norm)=0.67089;
k_dis(norm)=0.77981;

%%%%%%%%%

TMZout0_Ka_XTMZ=33.6531209832;
MGMT_P0=2.0568687620;
k_MGMT=33.7028421609;
k_addO=0.0062012245;
k_addN=0.1356668420;
DSB_72h_fac=0.9670958457;
k_DSBO=0.0002781935;
k_DSBN=0.0000430405;
k_CyA=2.4801858710;
fVX=0.0014551091;
kf_ATR_MGMT_P=0.0000113913;
k_ATR=0.0302210894;
K_add=0.0000691433;
kd_pATR=0.0039691377;
k_Chk1=310.3971748631;
C_Chk1=1.0786220036;
pChk1_ref12_5_24h=0.0057362336;
pChk1_ref100_24h=0.0095774672;
pChk1_ref100_48h=0.0097195041;
kd_pChk1=0.0559514727;
k_cdc25=158.2844476818;
K_cdc25=1.1549606438;
kf_p53=0.0005490928;
k_p53=46.5254716084;
K_ATR=0.0004058927;
p53ser46_ref50_72h=0.0004336687;
kp_ser46=2.8015804647;
K_p53=0.4017551629;
upAsy=0.2593110474;
sness=0.0024460205;
k_apop=0.0716350719;
tED50=574.7790533000;
cell_pop_norm0_Jack_MGMT_P=88.9243395775;
k_dis=0.0192597099;

%%%%%%%%%

cost=292.9241068995;

%%%%%%%%%

