TMZout0_Ka_XTMZ(norm)=0.78429;
MGMT_P0(norm)=0.94601;
k_MGMT(norm)=0.82116;
k_addO(norm)=1.00000;
k_addN(norm)=0.46004;
DSB_72h_fac(norm)=0.63413;
k_DSBO(norm)=0.14227;
k_DSBN(norm)=0.67272;
k_CyA(norm)=0.14092;
fVX(norm)=0.48659;
kf_ATR_MGMT_P(norm)=0.62073;
k_ATR(norm)=0.68086;
K_add(norm)=0.82849;
kd_pATR(norm)=0.45923;
k_Chk1(norm)=0.70140;
C_Chk1(norm)=0.72430;
pChk1_ref12_5_24h(norm)=0.39447;
pChk1_ref100_24h(norm)=0.75932;
pChk1_ref100_48h(norm)=0.68492;
kd_pChk1(norm)=0.47373;
k_cdc25(norm)=0.50657;
K_cdc25(norm)=0.80171;
kf_p53(norm)=0.75667;
k_p53(norm)=1.00000;
K_ATR(norm)=0.69793;
p53ser46_ref50_72h(norm)=0.85048;
kp_ser46(norm)=0.37423;
K_p53(norm)=0.41532;
upAsy(norm)=0.00010;
sness(norm)=0.07853;
k_apop(norm)=0.76670;
tED50(norm)=0.16723;
cell_pop_norm0_Jack_MGMT_P(norm)=0.38881;
k_dis(norm)=0.50208;

%%%%%%%%%

TMZout0_Ka_XTMZ=37.1157185498;
MGMT_P0=2.4199877460;
k_MGMT=47.9279111155;
k_addO=0.0144682979;
k_addN=0.1030288103;
DSB_72h_fac=1.0602886604;
k_DSBO=0.0002226411;
k_DSBN=0.0000440687;
k_CyA=1.6078755855;
fVX=0.0011691113;
kf_ATR_MGMT_P=0.0000110235;
k_ATR=0.0267000542;
K_add=0.0000919234;
kd_pATR=0.0030397784;
k_Chk1=445.6686846202;
C_Chk1=0.8539243611;
pChk1_ref12_5_24h=0.0065989113;
pChk1_ref100_24h=0.0090040991;
pChk1_ref100_48h=0.0098556774;
kd_pChk1=0.0692752582;
k_cdc25=238.2315027423;
K_cdc25=1.5840586153;
kf_p53=0.0006831651;
k_p53=52.3183656414;
K_ATR=0.0005182171;
p53ser46_ref50_72h=0.0005870682;
kp_ser46=2.8155943434;
K_p53=0.5336643671;
upAsy=0.1516554193;
sness=0.0024803288;
k_apop=0.0770192178;
tED50=306.4088596070;
cell_pop_norm0_Jack_MGMT_P=80.4129278204;
k_dis=0.0152212718;

%%%%%%%%%

cost=221.1769067539;

%%%%%%%%%

