TMZout0_Ka_XTMZ(norm)=0.46665;
MGMT_P0(norm)=0.81086;
k_MGMT(norm)=0.65865;
k_addO(norm)=0.60806;
k_addN(norm)=0.93506;
DSB_72h_fac(norm)=0.63125;
k_DSBO(norm)=0.71306;
k_DSBN(norm)=0.16450;
k_CyA(norm)=0.80466;
fVX(norm)=0.63940;
kf_ATR_MGMT_P(norm)=0.58632;
k_ATR(norm)=0.65034;
K_add(norm)=0.75901;
kd_pATR(norm)=0.21176;
k_Chk1(norm)=0.62095;
C_Chk1(norm)=0.63910;
pChk1_ref12_5_24h(norm)=0.51618;
pChk1_ref100_24h(norm)=0.51958;
pChk1_ref100_48h(norm)=0.50645;
kd_pChk1(norm)=0.76380;
k_cdc25(norm)=0.56486;
K_cdc25(norm)=0.59117;
kf_p53(norm)=0.65086;
k_p53(norm)=0.48336;
K_ATR(norm)=0.55412;
p53ser46_ref50_72h(norm)=0.64624;
kp_ser46(norm)=0.47861;
K_p53(norm)=0.54299;
upAsy(norm)=0.74639;
sness(norm)=0.88712;
k_apop(norm)=0.65250;
tED50(norm)=0.45137;
cell_pop_norm0_Jack_MGMT_P(norm)=0.12890;
k_dis(norm)=0.58420;

%%%%%%%%%

TMZout0_Ka_XTMZ=34.5054819094;
MGMT_P0=2.2553965453;
k_MGMT=44.5457914961;
k_addO=0.0111273570;
k_addN=0.1880461458;
DSB_72h_fac=1.0613555124;
k_DSBO=0.0003548793;
k_DSBN=0.0000290348;
k_CyA=2.4955754132;
fVX=0.0014385550;
kf_ATR_MGMT_P=0.0000108825;
k_ATR=0.0200984063;
K_add=0.0000840807;
kd_pATR=0.0023154619;
k_Chk1=448.8349202256;
C_Chk1=0.7800181979;
pChk1_ref12_5_24h=0.0067084411;
pChk1_ref100_24h=0.0067365884;
pChk1_ref100_48h=0.0078236433;
kd_pChk1=0.0912965612;
k_cdc25=290.8302153850;
K_cdc25=1.3463189925;
kf_p53=0.0007110204;
k_p53=27.5315472926;
K_ATR=0.0003355064;
p53ser46_ref50_72h=0.0005822896;
kp_ser46=3.8888692034;
K_p53=0.7977244275;
upAsy=0.3180330161;
sness=0.0051007052;
k_apop=0.0672379847;
tED50=365.7152932754;
cell_pop_norm0_Jack_MGMT_P=73.2933895947;
k_dis=0.0162434318;

%%%%%%%%%

cost=123.3486143790;

%%%%%%%%%

