TMZout0_Ka_XTMZ(norm)=0.67348;
MGMT_P0(norm)=0.82048;
k_MGMT(norm)=0.39382;
k_addO(norm)=0.58680;
k_addN(norm)=0.30668;
DSB_72h_fac(norm)=0.45277;
k_DSBO(norm)=0.83721;
k_DSBN(norm)=0.42341;
k_CyA(norm)=0.00010;
fVX(norm)=0.00010;
kf_ATR_MGMT_P(norm)=0.57164;
k_ATR(norm)=0.80386;
K_add(norm)=0.68620;
kd_pATR(norm)=0.20134;
k_Chk1(norm)=0.31657;
C_Chk1(norm)=0.83023;
pChk1_ref12_5_24h(norm)=0.44880;
pChk1_ref100_24h(norm)=0.80315;
pChk1_ref100_48h(norm)=0.66177;
kd_pChk1(norm)=0.56562;
k_cdc25(norm)=0.54515;
K_cdc25(norm)=1.00000;
kf_p53(norm)=0.19409;
k_p53(norm)=0.87480;
K_ATR(norm)=0.79468;
p53ser46_ref50_72h(norm)=0.07805;
kp_ser46(norm)=0.61675;
K_p53(norm)=0.18599;
upAsy(norm)=0.35437;
sness(norm)=0.73340;
k_apop(norm)=0.70875;
tED50(norm)=0.66053;
cell_pop_norm0_Jack_MGMT_P(norm)=0.26423;
k_dis(norm)=0.46713;

%%%%%%%%%

TMZout0_Ka_XTMZ=36.1833839026;
MGMT_P0=2.2672385038;
k_MGMT=35.5923111409;
k_addO=0.0109287061;
k_addN=0.1104166602;
DSB_72h_fac=0.9282205027;
k_DSBO=0.0003942444;
k_DSBN=0.0000361570;
k_CyA=1.2621549907;
fVX=0.0008369071;
kf_ATR_MGMT_P=0.0000107480;
k_ATR=0.0228904086;
K_add=0.0000790504;
kd_pATR=0.0022951123;
k_Chk1=346.8011892722;
C_Chk1=0.9171432448;
pChk1_ref12_5_24h=0.0063361582;
pChk1_ref100_24h=0.0085661745;
pChk1_ref100_48h=0.0089240453;
kd_pChk1=0.0771843791;
k_cdc25=286.0133247598;
K_cdc25=1.9036550126;
kf_p53=0.0004828372;
k_p53=38.3595197309;
K_ATR=0.0004113587;
p53ser46_ref50_72h=0.0003597988;
kp_ser46=4.3717608179;
K_p53=0.5895013805;
upAsy=0.2281481494;
sness=0.0044777837;
k_apop=0.0705206007;
tED50=436.6274129750;
cell_pop_norm0_Jack_MGMT_P=76.9179409616;
k_dis=0.0147094880;

%%%%%%%%%

cost=217.1012677823;

%%%%%%%%%

