TMZout0_Ka_XTMZ(norm)=0.27918;
MGMT_P0(norm)=0.57970;
k_MGMT(norm)=0.77692;
k_addO(norm)=0.90217;
k_addN(norm)=0.75291;
DSB_72h_fac(norm)=0.77459;
k_DSBO(norm)=0.30643;
k_DSBN(norm)=0.39595;
k_CyA(norm)=0.75630;
fVX(norm)=0.27509;
kf_ATR_MGMT_P(norm)=0.64404;
k_ATR(norm)=0.53230;
K_add(norm)=0.31904;
kd_pATR(norm)=0.31812;
k_Chk1(norm)=0.52435;
C_Chk1(norm)=0.92771;
pChk1_ref12_5_24h(norm)=0.37514;
pChk1_ref100_24h(norm)=0.46975;
pChk1_ref100_48h(norm)=0.76241;
kd_pChk1(norm)=0.65910;
k_cdc25(norm)=0.18324;
K_cdc25(norm)=0.69584;
kf_p53(norm)=0.44844;
k_p53(norm)=0.28248;
K_ATR(norm)=0.53276;
p53ser46_ref50_72h(norm)=0.83486;
kp_ser46(norm)=0.57577;
K_p53(norm)=0.57489;
upAsy(norm)=0.47711;
sness(norm)=0.70184;
k_apop(norm)=1.00000;
tED50(norm)=0.38036;
cell_pop_norm0_Jack_MGMT_P(norm)=0.64918;
k_dis(norm)=0.75089;

%%%%%%%%%

TMZout0_Ka_XTMZ=33.0519014274;
MGMT_P0=1.9251137889;
k_MGMT=55.1862480850;
k_addO=0.0144843866;
k_addN=0.1747021841;
DSB_72h_fac=1.1882157957;
k_DSBO=0.0002473005;
k_DSBN=0.0000314435;
k_CyA=2.3580823310;
fVX=0.0010844184;
kf_ATR_MGMT_P=0.0000114130;
k_ATR=0.0198761045;
K_add=0.0000559656;
kd_pATR=0.0030927869;
k_Chk1=456.1572448787;
C_Chk1=0.9945539592;
pChk1_ref12_5_24h=0.0063772175;
pChk1_ref100_24h=0.0069253027;
pChk1_ref100_48h=0.0100331003;
kd_pChk1=0.0869201375;
k_cdc25=171.5709267231;
K_cdc25=1.4813595577;
kf_p53=0.0006154264;
k_p53=28.7438835549;
K_ATR=0.0003968580;
p53ser46_ref50_72h=0.0006731507;
kp_ser46=3.8144642497;
K_p53=0.5249513220;
upAsy=0.2299131998;
sness=0.0045960764;
k_apop=0.0906739715;
tED50=313.2108536059;
cell_pop_norm0_Jack_MGMT_P=88.2382020953;
k_dis=0.0186561169;

%%%%%%%%%

cost=398.5605635342;

%%%%%%%%%

