TMZout0_Ka_XTMZ(norm)=0.75944;
MGMT_P0(norm)=0.36724;
k_MGMT(norm)=0.00010;
k_addO(norm)=0.11749;
k_addN(norm)=0.38404;
DSB_72h_fac(norm)=0.22270;
k_DSBO(norm)=0.77060;
k_DSBN(norm)=0.64570;
k_CyA(norm)=0.93985;
fVX(norm)=0.80600;
kf_ATR_MGMT_P(norm)=0.46719;
k_ATR(norm)=0.36190;
K_add(norm)=1.00000;
kd_pATR(norm)=0.29153;
k_Chk1(norm)=0.56882;
C_Chk1(norm)=0.23199;
pChk1_ref12_5_24h(norm)=0.52313;
pChk1_ref100_24h(norm)=0.67597;
pChk1_ref100_48h(norm)=0.73491;
kd_pChk1(norm)=0.45824;
k_cdc25(norm)=0.37240;
K_cdc25(norm)=0.34383;
kf_p53(norm)=0.79146;
k_p53(norm)=0.73235;
K_ATR(norm)=0.24512;
p53ser46_ref50_72h(norm)=0.47738;
kp_ser46(norm)=0.00010;
K_p53(norm)=0.28229;
upAsy(norm)=0.53415;
sness(norm)=0.49495;
k_apop(norm)=0.65571;
tED50(norm)=0.94382;
cell_pop_norm0_Jack_MGMT_P(norm)=0.00102;
k_dis(norm)=0.51860;

%%%%%%%%%

TMZout0_Ka_XTMZ=36.9045456924;
MGMT_P0=1.6177028858;
k_MGMT=30.9524139775;
k_addO=0.0069626313;
k_addN=0.1216112455;
DSB_72h_fac=0.7453121251;
k_DSBO=0.0004283013;
k_DSBN=0.0000372786;
k_CyA=3.7465816783;
fVX=0.0017531956;
kf_ATR_MGMT_P=0.0000098692;
k_ATR=0.0233319442;
K_add=0.0001285547;
kd_pATR=0.0015474620;
k_Chk1=314.3509404690;
C_Chk1=0.5596438012;
pChk1_ref12_5_24h=0.0083852401;
pChk1_ref100_24h=0.0096007716;
pChk1_ref100_48h=0.0121980085;
kd_pChk1=0.0547250304;
k_cdc25=177.0154729347;
K_cdc25=1.1142395861;
kf_p53=0.0005613663;
k_p53=34.6206894860;
K_ATR=0.0003646117;
p53ser46_ref50_72h=0.0003520140;
kp_ser46=1.8822155171;
K_p53=0.4519984237;
upAsy=0.2694659876;
sness=0.0049766089;
k_apop=0.0655084390;
tED50=560.3898071857;
cell_pop_norm0_Jack_MGMT_P=70.0254231611;
k_dis=0.0148451955;

%%%%%%%%%

cost=269.4398461310;

%%%%%%%%%

