TMZout0_Ka_XTMZ(norm)=0.09145;
MGMT_P0(norm)=0.55845;
k_MGMT(norm)=0.79336;
k_addO(norm)=0.35164;
k_addN(norm)=0.41909;
DSB_72h_fac(norm)=0.66433;
k_DSBO(norm)=0.57193;
k_DSBN(norm)=0.62800;
k_CyA(norm)=0.62092;
fVX(norm)=0.21379;
kf_ATR_MGMT_P(norm)=0.61041;
k_ATR(norm)=0.33776;
K_add(norm)=0.57030;
kd_pATR(norm)=0.17335;
k_Chk1(norm)=0.48862;
C_Chk1(norm)=0.57720;
pChk1_ref12_5_24h(norm)=0.50342;
pChk1_ref100_24h(norm)=0.70491;
pChk1_ref100_48h(norm)=1.00000;
kd_pChk1(norm)=0.62894;
k_cdc25(norm)=0.68490;
K_cdc25(norm)=0.38042;
kf_p53(norm)=0.66908;
k_p53(norm)=0.45928;
K_ATR(norm)=0.37611;
p53ser46_ref50_72h(norm)=0.63506;
kp_ser46(norm)=0.99786;
K_p53(norm)=0.48253;
upAsy(norm)=0.07695;
sness(norm)=0.23639;
k_apop(norm)=0.64593;
tED50(norm)=0.18412;
cell_pop_norm0_Jack_MGMT_P(norm)=0.32772;
k_dis(norm)=0.70166;

%%%%%%%%%

TMZout0_Ka_XTMZ=31.6577289869;
MGMT_P0=1.9658436244;
k_MGMT=49.9320228399;
k_addO=0.0089544131;
k_addN=0.1214499256;
DSB_72h_fac=1.0880502193;
k_DSBO=0.0003148817;
k_DSBN=0.0000430006;
k_CyA=2.1358029051;
fVX=0.0010030225;
kf_ATR_MGMT_P=0.0000111070;
k_ATR=0.0154220013;
K_add=0.0000716568;
kd_pATR=0.0022413290;
k_Chk1=401.2280609295;
C_Chk1=0.7401617808;
pChk1_ref12_5_24h=0.0066362854;
pChk1_ref100_24h=0.0078819575;
pChk1_ref100_48h=0.0118856711;
kd_pChk1=0.0814385222;
k_cdc25=321.9687289562;
K_cdc25=1.1261494626;
kf_p53=0.0007220783;
k_p53=26.9756342022;
K_ATR=0.0002885347;
p53ser46_ref50_72h=0.0005767989;
kp_ser46=6.0380352462;
K_p53=0.7578899672;
upAsy=0.1803568083;
sness=0.0029388455;
k_apop=0.0668646434;
tED50=291.6115209465;
cell_pop_norm0_Jack_MGMT_P=78.6796173385;
k_dis=0.0179432319;

%%%%%%%%%

cost=189.7431922711;

%%%%%%%%%

