TMZout0_Ka_XTMZ(norm)=0.11503;
MGMT_P0(norm)=0.94598;
k_MGMT(norm)=0.90559;
k_addO(norm)=0.97008;
k_addN(norm)=0.88175;
DSB_72h_fac(norm)=0.33644;
k_DSBO(norm)=0.90474;
k_DSBN(norm)=0.47152;
k_CyA(norm)=0.79312;
fVX(norm)=0.64124;
kf_ATR_MGMT_P(norm)=0.80398;
k_ATR(norm)=0.72446;
K_add(norm)=0.52236;
kd_pATR(norm)=0.14526;
k_Chk1(norm)=0.51275;
C_Chk1(norm)=0.00010;
pChk1_ref12_5_24h(norm)=0.11271;
pChk1_ref100_24h(norm)=0.36497;
pChk1_ref100_48h(norm)=0.75447;
kd_pChk1(norm)=0.70308;
k_cdc25(norm)=0.72004;
K_cdc25(norm)=0.88858;
kf_p53(norm)=0.50747;
k_p53(norm)=1.00000;
K_ATR(norm)=0.37301;
p53ser46_ref50_72h(norm)=1.00000;
kp_ser46(norm)=0.00010;
K_p53(norm)=0.15821;
upAsy(norm)=0.80378;
sness(norm)=0.26964;
k_apop(norm)=0.34905;
tED50(norm)=0.96899;
cell_pop_norm0_Jack_MGMT_P(norm)=0.00010;
k_dis(norm)=0.35321;

%%%%%%%%%

TMZout0_Ka_XTMZ=31.8295629104;
MGMT_P0=2.4199380803;
k_MGMT=51.4822481008;
k_addO=0.0141060786;
k_addN=0.1472774700;
DSB_72h_fac=0.8456964832;
k_DSBO=0.0004247941;
k_DSBN=0.0000371615;
k_CyA=2.7941247846;
fVX=0.0013327946;
kf_ATR_MGMT_P=0.0000128751;
k_ATR=0.0277048595;
K_add=0.0000709214;
kd_pATR=0.0023297429;
k_Chk1=379.8322899987;
C_Chk1=0.4623057424;
pChk1_ref12_5_24h=0.0051974410;
pChk1_ref100_24h=0.0064465909;
pChk1_ref100_48h=0.0104539012;
kd_pChk1=0.0841345908;
k_cdc25=285.4632826002;
K_cdc25=1.7050538010;
kf_p53=0.0005531276;
k_p53=52.3183656414;
K_ATR=0.0003935045;
p53ser46_ref50_72h=0.0006663572;
kp_ser46=2.0506814443;
K_p53=0.4292000403;
upAsy=0.2996351798;
sness=0.0029163087;
k_apop=0.0540650321;
tED50=604.4083066641;
cell_pop_norm0_Jack_MGMT_P=70.0024967691;
k_dis=0.0134174521;

%%%%%%%%%

cost=525.5139741998;

%%%%%%%%%

