TMZout0_Ka_XTMZ(norm)=0.00010;
MGMT_P0(norm)=1.00000;
k_MGMT(norm)=0.10172;
k_addO(norm)=0.74339;
k_addN(norm)=0.72059;
DSB_72h_fac(norm)=0.20881;
k_DSBO(norm)=0.08001;
k_DSBN(norm)=0.50516;
k_CyA(norm)=0.00010;
fVX(norm)=0.55103;
kf_ATR_MGMT_P(norm)=1.00000;
k_ATR(norm)=1.00000;
K_add(norm)=0.25907;
kd_pATR(norm)=0.79221;
k_Chk1(norm)=0.00010;
C_Chk1(norm)=1.00000;
pChk1_ref12_5_24h(norm)=0.08034;
pChk1_ref100_24h(norm)=0.10998;
pChk1_ref100_48h(norm)=0.00010;
kd_pChk1(norm)=0.56596;
k_cdc25(norm)=0.01725;
K_cdc25(norm)=0.67977;
kf_p53(norm)=0.57347;
k_p53(norm)=0.86269;
K_ATR(norm)=0.79144;
p53ser46_ref50_72h(norm)=0.20892;
kp_ser46(norm)=0.02121;
K_p53(norm)=0.72182;
upAsy(norm)=0.17853;
sness(norm)=0.94680;
k_apop(norm)=0.33634;
tED50(norm)=0.19022;
cell_pop_norm0_Jack_MGMT_P(norm)=0.99250;
k_dis(norm)=0.00010;

%%%%%%%%%

TMZout0_Ka_XTMZ=31.0007116889;
MGMT_P0=2.5000000000;
k_MGMT=31.1439043216;
k_addO=0.0126610949;
k_addN=0.1699829555;
DSB_72h_fac=0.7872282304;
k_DSBO=0.0002041294;
k_DSBN=0.0000344920;
k_CyA=1.2424989020;
fVX=0.0013700456;
kf_ATR_MGMT_P=0.0000154307;
k_ATR=0.0295416857;
K_add=0.0000531929;
kd_pATR=0.0046217125;
k_Chk1=292.5525408855;
C_Chk1=1.0573793404;
pChk1_ref12_5_24h=0.0049676883;
pChk1_ref100_24h=0.0051056607;
pChk1_ref100_48h=0.0052592322;
kd_pChk1=0.0803243714;
k_cdc25=149.0602487485;
K_cdc25=1.4613241539;
kf_p53=0.0006842000;
k_p53=46.9946874733;
K_ATR=0.0004941121;
p53ser46_ref50_72h=0.0003960777;
kp_ser46=2.3843329603;
K_p53=0.5945478243;
upAsy=0.1785213666;
sness=0.0056562270;
k_apop=0.0516740954;
tED50=266.6053633973;
cell_pop_norm0_Jack_MGMT_P=99.7328354817;
k_dis=0.0098752604;

%%%%%%%%%

cost=440.5407040340;

%%%%%%%%%

