TMZout0_Ka_XTMZ(norm)=0.62134;
MGMT_P0(norm)=0.21042;
k_MGMT(norm)=0.51473;
k_addO(norm)=0.28248;
k_addN(norm)=0.69205;
DSB_72h_fac(norm)=0.69592;
k_DSBO(norm)=0.41256;
k_DSBN(norm)=0.39010;
k_CyA(norm)=0.88160;
fVX(norm)=0.60152;
kf_ATR_MGMT_P(norm)=0.56593;
k_ATR(norm)=0.86748;
K_add(norm)=0.79674;
kd_pATR(norm)=0.41393;
k_Chk1(norm)=0.84593;
C_Chk1(norm)=0.18091;
pChk1_ref12_5_24h(norm)=0.06252;
pChk1_ref100_24h(norm)=0.27138;
pChk1_ref100_48h(norm)=0.71287;
kd_pChk1(norm)=0.97160;
k_cdc25(norm)=0.07743;
K_cdc25(norm)=0.80075;
kf_p53(norm)=0.66608;
k_p53(norm)=0.59630;
K_ATR(norm)=0.66927;
p53ser46_ref50_72h(norm)=0.75017;
kp_ser46(norm)=0.52221;
K_p53(norm)=0.15727;
upAsy(norm)=0.36455;
sness(norm)=0.00010;
k_apop(norm)=0.85738;
tED50(norm)=0.29330;
cell_pop_norm0_Jack_MGMT_P(norm)=0.17195;
k_dis(norm)=0.55601;

%%%%%%%%%

TMZout0_Ka_XTMZ=35.7529021370;
MGMT_P0=1.5302028492;
k_MGMT=44.1929491930;
k_addO=0.0085677919;
k_addN=0.1659215314;
DSB_72h_fac=1.1221083444;
k_DSBO=0.0002705689;
k_DSBN=0.0000312879;
k_CyA=2.6222032740;
fVX=0.0014299252;
kf_ATR_MGMT_P=0.0000106821;
k_ATR=0.0264041652;
K_add=0.0000838891;
kd_pATR=0.0033543085;
k_Chk1=599.0308046762;
C_Chk1=0.5282310808;
pChk1_ref12_5_24h=0.0048932454;
pChk1_ref100_24h=0.0058538546;
pChk1_ref100_48h=0.0096206782;
kd_pChk1=0.1132695911;
k_cdc25=156.8579236902;
K_cdc25=1.6190659533;
kf_p53=0.0007400518;
k_p53=37.4992202005;
K_ATR=0.0004455223;
p53ser46_ref50_72h=0.0006265377;
kp_ser46=3.6452357451;
K_p53=0.3685063152;
upAsy=0.2089987924;
sness=0.0025360710;
k_apop=0.0803526418;
tED50=290.9370935486;
cell_pop_norm0_Jack_MGMT_P=74.4274356388;
k_dis=0.0158165591;

%%%%%%%%%

cost=185.2843403304;

%%%%%%%%%

