TMZout0_Ka_XTMZ(norm)=0.79278;
MGMT_P0(norm)=0.41893;
k_MGMT(norm)=0.79436;
k_addO(norm)=0.23962;
k_addN(norm)=0.69922;
DSB_72h_fac(norm)=0.73076;
k_DSBO(norm)=0.43471;
k_DSBN(norm)=0.54462;
k_CyA(norm)=0.61574;
fVX(norm)=0.21830;
kf_ATR_MGMT_P(norm)=0.77445;
k_ATR(norm)=0.52708;
K_add(norm)=0.63266;
kd_pATR(norm)=0.74701;
k_Chk1(norm)=0.46009;
C_Chk1(norm)=0.49941;
pChk1_ref12_5_24h(norm)=0.30542;
pChk1_ref100_24h(norm)=0.53432;
pChk1_ref100_48h(norm)=0.96483;
kd_pChk1(norm)=0.89381;
k_cdc25(norm)=0.33686;
K_cdc25(norm)=0.42159;
kf_p53(norm)=0.34013;
k_p53(norm)=0.34778;
K_ATR(norm)=0.07774;
p53ser46_ref50_72h(norm)=0.38642;
kp_ser46(norm)=0.67172;
K_p53(norm)=0.38528;
upAsy(norm)=0.41313;
sness(norm)=0.53305;
k_apop(norm)=0.62263;
tED50(norm)=0.51789;
cell_pop_norm0_Jack_MGMT_P(norm)=0.38057;
k_dis(norm)=0.47258;

%%%%%%%%%

TMZout0_Ka_XTMZ=37.1881204282;
MGMT_P0=1.6762598269;
k_MGMT=60.6684272648;
k_addO=0.0077217732;
k_addN=0.1588372225;
DSB_72h_fac=1.1253611177;
k_DSBO=0.0003222175;
k_DSBN=0.0000342188;
k_CyA=2.8468966244;
fVX=0.0010655451;
kf_ATR_MGMT_P=0.0000128040;
k_ATR=0.0268371009;
K_add=0.0000941704;
kd_pATR=0.0022762798;
k_Chk1=286.6833898254;
C_Chk1=0.7019678262;
pChk1_ref12_5_24h=0.0069727529;
pChk1_ref100_24h=0.0085149473;
pChk1_ref100_48h=0.0148216808;
kd_pChk1=0.0791526612;
k_cdc25=171.7646737632;
K_cdc25=1.1901186533;
kf_p53=0.0003829747;
k_p53=24.9932504059;
K_ATR=0.0003164016;
p53ser46_ref50_72h=0.0003259027;
kp_ser46=3.3251419715;
K_p53=0.4932159161;
upAsy=0.2432047863;
sness=0.0051398818;
k_apop=0.0636976203;
tED50=390.6226969961;
cell_pop_norm0_Jack_MGMT_P=80.1769234169;
k_dis=0.0142774614;

%%%%%%%%%

cost=178.1245367906;

%%%%%%%%%

