TMZout0_Ka_XTMZ(norm)=0.30901;
MGMT_P0(norm)=0.27123;
k_MGMT(norm)=0.52296;
k_addO(norm)=0.63412;
k_addN(norm)=0.51298;
DSB_72h_fac(norm)=0.57384;
k_DSBO(norm)=0.59707;
k_DSBN(norm)=0.48752;
k_CyA(norm)=0.61235;
fVX(norm)=1.00000;
kf_ATR_MGMT_P(norm)=0.61935;
k_ATR(norm)=0.52004;
K_add(norm)=0.60360;
kd_pATR(norm)=0.20187;
k_Chk1(norm)=0.73100;
C_Chk1(norm)=0.38083;
pChk1_ref12_5_24h(norm)=0.16047;
pChk1_ref100_24h(norm)=0.43014;
pChk1_ref100_48h(norm)=0.62864;
kd_pChk1(norm)=1.00000;
k_cdc25(norm)=0.79974;
K_cdc25(norm)=0.26484;
kf_p53(norm)=0.57496;
k_p53(norm)=0.68413;
K_ATR(norm)=0.34681;
p53ser46_ref50_72h(norm)=0.59212;
kp_ser46(norm)=0.62572;
K_p53(norm)=1.00000;
upAsy(norm)=0.34793;
sness(norm)=0.31939;
k_apop(norm)=0.96839;
tED50(norm)=0.06192;
cell_pop_norm0_Jack_MGMT_P(norm)=0.56125;
k_dis(norm)=0.83523;

%%%%%%%%%

TMZout0_Ka_XTMZ=33.2790745874;
MGMT_P0=1.6813003091;
k_MGMT=39.7079114134;
k_addO=0.0113758443;
k_addN=0.1315068025;
DSB_72h_fac=1.0165702764;
k_DSBO=0.0003216611;
k_DSBN=0.0000381752;
k_CyA=2.1203478466;
fVX=0.0019526178;
kf_ATR_MGMT_P=0.0000111914;
k_ATR=0.0179976246;
K_add=0.0000737071;
kd_pATR=0.0022961366;
k_Chk1=492.7001386355;
C_Chk1=0.6267124159;
pChk1_ref12_5_24h=0.0049627946;
pChk1_ref100_24h=0.0062449221;
pChk1_ref100_48h=0.0086770095;
kd_pChk1=0.1115245029;
k_cdc25=354.8703558979;
K_cdc25=1.0210972545;
kf_p53=0.0006667309;
k_p53=32.6371111532;
K_ATR=0.0002814596;
p53ser46_ref50_72h=0.0005561927;
kp_ser46=4.4050994555;
K_p53=1.1749573564;
upAsy=0.2269077173;
sness=0.0031529690;
k_apop=0.0878734255;
tED50=262.9268891776;
cell_pop_norm0_Jack_MGMT_P=85.5139317119;
k_dis=0.0200932937;

%%%%%%%%%

cost=279.6387969444;

%%%%%%%%%

