TMZout0_Ka_XTMZ(norm)=0.66933;
MGMT_P0(norm)=0.83871;
k_MGMT(norm)=0.59141;
k_addO(norm)=0.57187;
k_addN(norm)=0.88074;
DSB_72h_fac(norm)=0.61166;
k_DSBO(norm)=0.63169;
k_DSBN(norm)=0.12750;
k_CyA(norm)=0.64027;
fVX(norm)=0.57189;
kf_ATR_MGMT_P(norm)=0.59896;
k_ATR(norm)=0.57413;
K_add(norm)=0.53542;
kd_pATR(norm)=0.53608;
k_Chk1(norm)=0.61007;
C_Chk1(norm)=0.63338;
pChk1_ref12_5_24h(norm)=0.30703;
pChk1_ref100_24h(norm)=0.31170;
pChk1_ref100_48h(norm)=0.28715;
kd_pChk1(norm)=0.95238;
k_cdc25(norm)=0.62633;
K_cdc25(norm)=0.59459;
kf_p53(norm)=0.61610;
k_p53(norm)=0.64652;
K_ATR(norm)=0.61158;
p53ser46_ref50_72h(norm)=0.64112;
kp_ser46(norm)=0.61827;
K_p53(norm)=0.44706;
upAsy(norm)=0.42302;
sness(norm)=0.57646;
k_apop(norm)=0.62752;
tED50(norm)=0.40937;
cell_pop_norm0_Jack_MGMT_P(norm)=0.14971;
k_dis(norm)=0.61884;

%%%%%%%%%

TMZout0_Ka_XTMZ=36.1490017619;
MGMT_P0=2.2614717578;
k_MGMT=47.1594896983;
k_addO=0.0109485619;
k_addN=0.1946858622;
DSB_72h_fac=1.0553786292;
k_DSBO=0.0003257721;
k_DSBN=0.0000250464;
k_CyA=2.1372932033;
fVX=0.0013944758;
kf_ATR_MGMT_P=0.0000109852;
k_ATR=0.0205933337;
K_add=0.0000672271;
kd_pATR=0.0037200868;
k_Chk1=490.5223083402;
C_Chk1=0.7750369754;
pChk1_ref12_5_24h=0.0060196405;
pChk1_ref100_24h=0.0060573355;
pChk1_ref100_48h=0.0067073235;
kd_pChk1=0.1114394416;
k_cdc25=249.7412418399;
K_cdc25=1.3595767002;
kf_p53=0.0007093644;
k_p53=39.1293947366;
K_ATR=0.0004242684;
p53ser46_ref50_72h=0.0005712441;
kp_ser46=3.9543155136;
K_p53=0.4710673854;
upAsy=0.2196132397;
sness=0.0041328306;
k_apop=0.0661332365;
tED50=321.0058033379;
cell_pop_norm0_Jack_MGMT_P=73.8395104248;
k_dis=0.0166812787;

%%%%%%%%%

cost=123.6043283751;

%%%%%%%%%

