TMZout0_Ka_XTMZ(norm)=0.80513;
MGMT_P0(norm)=0.32211;
k_MGMT(norm)=0.38764;
k_addO(norm)=0.61513;
k_addN(norm)=0.44391;
DSB_72h_fac(norm)=0.49691;
k_DSBO(norm)=0.83136;
k_DSBN(norm)=0.40704;
k_CyA(norm)=0.40184;
fVX(norm)=0.42232;
kf_ATR_MGMT_P(norm)=0.84758;
k_ATR(norm)=0.43293;
K_add(norm)=0.43131;
kd_pATR(norm)=0.43833;
k_Chk1(norm)=0.24857;
C_Chk1(norm)=0.37942;
pChk1_ref12_5_24h(norm)=0.09590;
pChk1_ref100_24h(norm)=0.30360;
pChk1_ref100_48h(norm)=0.72768;
kd_pChk1(norm)=0.76883;
k_cdc25(norm)=0.27981;
K_cdc25(norm)=0.73291;
kf_p53(norm)=0.54370;
k_p53(norm)=0.72434;
K_ATR(norm)=0.65046;
p53ser46_ref50_72h(norm)=0.65595;
kp_ser46(norm)=0.41986;
K_p53(norm)=0.56062;
upAsy(norm)=0.25009;
sness(norm)=0.59490;
k_apop(norm)=0.23621;
tED50(norm)=0.67361;
cell_pop_norm0_Jack_MGMT_P(norm)=0.37866;
k_dis(norm)=0.22543;

%%%%%%%%%

TMZout0_Ka_XTMZ=37.2937386602;
MGMT_P0=1.7285132804;
k_MGMT=35.4064421248;
k_addO=0.0111942405;
k_addN=0.1240319124;
DSB_72h_fac=0.9595024160;
k_DSBO=0.0003922936;
k_DSBN=0.0000356589;
k_CyA=1.7739519348;
fVX=0.0011968632;
kf_ATR_MGMT_P=0.0000135791;
k_ATR=0.0167170663;
K_add=0.0000636958;
kd_pATR=0.0028055125;
k_Chk1=327.3860457432;
C_Chk1=0.6259654451;
pChk1_ref12_5_24h=0.0046985738;
pChk1_ref100_24h=0.0056099975;
pChk1_ref100_48h=0.0094365788;
kd_pChk1=0.0916864603;
k_cdc25=228.4269465090;
K_cdc25=1.5181164064;
kf_p53=0.0006493054;
k_p53=33.7681759955;
K_ATR=0.0003640422;
p53ser46_ref50_72h=0.0005871021;
kp_ser46=3.7000106347;
K_p53=0.8097280113;
upAsy=0.2088545664;
sness=0.0039819959;
k_apop=0.0472531403;
tED50=441.4940647331;
cell_pop_norm0_Jack_MGMT_P=80.1221652950;
k_dis=0.0119855729;

%%%%%%%%%

cost=243.2711807557;

%%%%%%%%%

