TMZout0_Ka_XTMZ(norm)=0.33977;
MGMT_P0(norm)=0.00010;
k_MGMT(norm)=0.71813;
k_addO(norm)=0.35160;
k_addN(norm)=0.58923;
DSB_72h_fac(norm)=0.49295;
k_DSBO(norm)=1.00000;
k_DSBN(norm)=0.34819;
k_CyA(norm)=0.11082;
fVX(norm)=0.02122;
kf_ATR_MGMT_P(norm)=0.20986;
k_ATR(norm)=0.05565;
K_add(norm)=0.55740;
kd_pATR(norm)=0.76404;
k_Chk1(norm)=0.83558;
C_Chk1(norm)=0.93387;
pChk1_ref12_5_24h(norm)=1.00000;
pChk1_ref100_24h(norm)=0.38549;
pChk1_ref100_48h(norm)=1.00000;
kd_pChk1(norm)=0.75178;
k_cdc25(norm)=0.17616;
K_cdc25(norm)=0.43420;
kf_p53(norm)=0.85500;
k_p53(norm)=0.43758;
K_ATR(norm)=0.30377;
p53ser46_ref50_72h(norm)=0.16754;
kp_ser46(norm)=0.62577;
K_p53(norm)=0.00010;
upAsy(norm)=0.82023;
sness(norm)=0.51591;
k_apop(norm)=0.36289;
tED50(norm)=0.60585;
cell_pop_norm0_Jack_MGMT_P(norm)=0.65432;
k_dis(norm)=0.40769;

%%%%%%%%%

TMZout0_Ka_XTMZ=33.5148826422;
MGMT_P0=1.3686497659;
k_MGMT=43.9213267306;
k_addO=0.0083526061;
k_addN=0.1149464319;
DSB_72h_fac=0.9524640389;
k_DSBO=0.0004605009;
k_DSBN=0.0000334741;
k_CyA=1.5673792206;
fVX=0.0007881548;
kf_ATR_MGMT_P=0.0000077827;
k_ATR=0.0157198966;
K_add=0.0000730585;
kd_pATR=0.0039355281;
k_Chk1=499.3303808433;
C_Chk1=1.0198473440;
pChk1_ref12_5_24h=0.0110228320;
pChk1_ref100_24h=0.0065596417;
pChk1_ref100_48h=0.0128714905;
kd_pChk1=0.0876788325;
k_cdc25=180.0593951308;
K_cdc25=1.1602169598;
kf_p53=0.0007425193;
k_p53=32.4860088222;
K_ATR=0.0003710845;
p53ser46_ref50_72h=0.0003291405;
kp_ser46=3.4844157596;
K_p53=0.3753853031;
upAsy=0.3038424928;
sness=0.0035929897;
k_apop=0.0547026358;
tED50=444.3275678818;
cell_pop_norm0_Jack_MGMT_P=88.4002142782;
k_dis=0.0140513589;

%%%%%%%%%

cost=100000.0000000000;

%%%%%%%%%

