TMZout0_Ka_XTMZ(norm)=0.67091;
MGMT_P0(norm)=0.83966;
k_MGMT(norm)=0.53722;
k_addO(norm)=0.54390;
k_addN(norm)=0.68390;
DSB_72h_fac(norm)=0.81733;
k_DSBO(norm)=0.77183;
k_DSBN(norm)=0.71742;
k_CyA(norm)=0.30289;
fVX(norm)=0.56784;
kf_ATR_MGMT_P(norm)=0.61851;
k_ATR(norm)=0.38878;
K_add(norm)=0.57285;
kd_pATR(norm)=0.88175;
k_Chk1(norm)=0.81339;
C_Chk1(norm)=0.61476;
pChk1_ref12_5_24h(norm)=0.60720;
pChk1_ref100_24h(norm)=0.61094;
pChk1_ref100_48h(norm)=0.62411;
kd_pChk1(norm)=0.60083;
k_cdc25(norm)=0.28504;
K_cdc25(norm)=0.59276;
kf_p53(norm)=0.32228;
k_p53(norm)=0.31547;
K_ATR(norm)=0.21741;
p53ser46_ref50_72h(norm)=0.32756;
kp_ser46(norm)=0.80343;
K_p53(norm)=0.61199;
upAsy(norm)=0.58046;
sness(norm)=0.71649;
k_apop(norm)=0.65997;
tED50(norm)=0.68081;
cell_pop_norm0_Jack_MGMT_P(norm)=0.16809;
k_dis(norm)=0.59345;

%%%%%%%%%

TMZout0_Ka_XTMZ=36.1621172903;
MGMT_P0=2.2627993022;
k_MGMT=45.0429435224;
k_addO=0.0106921153;
k_addN=0.1647797903;
DSB_72h_fac=1.2257522271;
k_DSBO=0.0003668446;
k_DSBN=0.0000412879;
k_CyA=1.6058916198;
fVX=0.0013896954;
kf_ATR_MGMT_P=0.0000111687;
k_ATR=0.0176002508;
K_add=0.0000693936;
kd_pATR=0.0049859891;
k_Chk1=582.7407550690;
C_Chk1=0.7629093621;
pChk1_ref12_5_24h=0.0077628992;
pChk1_ref100_24h=0.0078053849;
pChk1_ref100_48h=0.0089236749;
kd_pChk1=0.0827325263;
k_cdc25=187.0268230361;
K_cdc25=1.3574727267;
kf_p53=0.0005530324;
k_p53=29.5586734003;
K_ATR=0.0003038045;
p53ser46_ref50_72h=0.0004379631;
kp_ser46=4.6260234518;
K_p53=0.5417183552;
upAsy=0.2509532693;
sness=0.0046534491;
k_apop=0.0679767594;
tED50=404.0128723823;
cell_pop_norm0_Jack_MGMT_P=74.3251204029;
k_dis=0.0163263162;

%%%%%%%%%

cost=123.3535320869;

%%%%%%%%%

