TMZout0_Ka_XTMZ(norm)=0.55588;
MGMT_P0(norm)=0.56683;
k_MGMT(norm)=0.56390;
k_addO(norm)=0.69484;
k_addN(norm)=0.30853;
DSB_72h_fac(norm)=0.46327;
k_DSBO(norm)=0.00010;
k_DSBN(norm)=0.46852;
k_CyA(norm)=0.61133;
fVX(norm)=0.72224;
kf_ATR_MGMT_P(norm)=0.45707;
k_ATR(norm)=0.21841;
K_add(norm)=0.66643;
kd_pATR(norm)=0.86433;
k_Chk1(norm)=0.90705;
C_Chk1(norm)=0.10411;
pChk1_ref12_5_24h(norm)=0.28094;
pChk1_ref100_24h(norm)=0.33395;
pChk1_ref100_48h(norm)=0.50474;
kd_pChk1(norm)=1.00000;
k_cdc25(norm)=0.44097;
K_cdc25(norm)=0.00010;
kf_p53(norm)=0.83135;
k_p53(norm)=0.50301;
K_ATR(norm)=0.16100;
p53ser46_ref50_72h(norm)=0.43325;
kp_ser46(norm)=0.42796;
K_p53(norm)=0.00010;
upAsy(norm)=0.34204;
sness(norm)=1.00000;
k_apop(norm)=0.36493;
tED50(norm)=0.73850;
cell_pop_norm0_Jack_MGMT_P(norm)=0.32841;
k_dis(norm)=0.41956;

%%%%%%%%%

TMZout0_Ka_XTMZ=35.2195969545;
MGMT_P0=1.9748277113;
k_MGMT=41.1097074119;
k_addO=0.0119763804;
k_addN=0.1105899252;
DSB_72h_fac=0.9355693794;
k_DSBO=0.0001939667;
k_DSBN=0.0000375658;
k_CyA=2.1185159672;
fVX=0.0015431561;
kf_ATR_MGMT_P=0.0000097537;
k_ATR=0.0139386895;
K_add=0.0000777375;
kd_pATR=0.0040250195;
k_Chk1=571.9565688484;
C_Chk1=0.4957262051;
pChk1_ref12_5_24h=0.0054961220;
pChk1_ref100_24h=0.0057561530;
pChk1_ref100_48h=0.0078122850;
kd_pChk1=0.1115245029;
k_cdc25=261.8508806873;
K_cdc25=0.8159212781;
kf_p53=0.0008285056;
k_p53=27.9937445522;
K_ATR=0.0002404594;
p53ser46_ref50_72h=0.0004861447;
kp_ser46=3.7255011448;
K_p53=0.5035958205;
upAsy=0.2257779471;
sness=0.0056126384;
k_apop=0.0526981109;
tED50=466.4452519141;
cell_pop_norm0_Jack_MGMT_P=78.6990167260;
k_dis=0.0141284079;

%%%%%%%%%

cost=356.7063022823;

%%%%%%%%%

