TMZout0_Ka_XTMZ(norm)=0.51064;
MGMT_P0(norm)=0.84423;
k_MGMT(norm)=0.69311;
k_addO(norm)=0.58799;
k_addN(norm)=0.50270;
DSB_72h_fac(norm)=0.42963;
k_DSBO(norm)=0.19413;
k_DSBN(norm)=0.56179;
k_CyA(norm)=0.66997;
fVX(norm)=0.68890;
kf_ATR_MGMT_P(norm)=0.80379;
k_ATR(norm)=0.33253;
K_add(norm)=0.51556;
kd_pATR(norm)=0.46082;
k_Chk1(norm)=0.59804;
C_Chk1(norm)=0.82905;
pChk1_ref12_5_24h(norm)=0.21336;
pChk1_ref100_24h(norm)=0.56686;
pChk1_ref100_48h(norm)=0.73436;
kd_pChk1(norm)=0.20227;
k_cdc25(norm)=0.67104;
K_cdc25(norm)=0.14835;
kf_p53(norm)=0.34694;
k_p53(norm)=0.49756;
K_ATR(norm)=0.09853;
p53ser46_ref50_72h(norm)=0.38829;
kp_ser46(norm)=0.50141;
K_p53(norm)=0.52237;
upAsy(norm)=0.12022;
sness(norm)=0.03530;
k_apop(norm)=0.73468;
tED50(norm)=0.39624;
cell_pop_norm0_Jack_MGMT_P(norm)=0.21032;
k_dis(norm)=0.87804;

%%%%%%%%%

TMZout0_Ka_XTMZ=34.8557036851;
MGMT_P0=2.2902900836;
k_MGMT=44.4738295204;
k_addO=0.0104065120;
k_addN=0.1148284226;
DSB_72h_fac=0.9099230875;
k_DSBO=0.0002323669;
k_DSBN=0.0000388243;
k_CyA=2.6324305974;
fVX=0.0015530008;
kf_ATR_MGMT_P=0.0000130823;
k_ATR=0.0212892812;
K_add=0.0000765445;
kd_pATR=0.0024496124;
k_Chk1=339.1751302893;
C_Chk1=0.9242329823;
pChk1_ref12_5_24h=0.0062178888;
pChk1_ref100_24h=0.0084079629;
pChk1_ref100_48h=0.0119607666;
kd_pChk1=0.0455997944;
k_cdc25=248.6206579066;
K_cdc25=0.9610985685;
kf_p53=0.0004710303;
k_p53=30.3490051264;
K_ATR=0.0003060711;
p53ser46_ref50_72h=0.0004061793;
kp_ser46=3.0843416325;
K_p53=0.6116454198;
upAsy=0.1326389724;
sness=0.0023593940;
k_apop=0.0659503323;
tED50=323.1039309660;
cell_pop_norm0_Jack_MGMT_P=75.4530032438;
k_dis=0.0206817688;

%%%%%%%%%

cost=213.9827562196;

%%%%%%%%%

