TMZout0_Ka_XTMZ(norm)=0.40605;
MGMT_P0(norm)=0.81654;
k_MGMT(norm)=0.57576;
k_addO(norm)=0.61688;
k_addN(norm)=0.90954;
DSB_72h_fac(norm)=0.59505;
k_DSBO(norm)=0.55802;
k_DSBN(norm)=0.40593;
k_CyA(norm)=0.96197;
fVX(norm)=0.37431;
kf_ATR_MGMT_P(norm)=0.58156;
k_ATR(norm)=0.50411;
K_add(norm)=0.70433;
kd_pATR(norm)=0.17386;
k_Chk1(norm)=0.50457;
C_Chk1(norm)=0.59321;
pChk1_ref12_5_24h(norm)=0.43535;
pChk1_ref100_24h(norm)=0.45057;
pChk1_ref100_48h(norm)=0.49459;
kd_pChk1(norm)=0.65549;
k_cdc25(norm)=0.44938;
K_cdc25(norm)=0.54588;
kf_p53(norm)=0.48018;
k_p53(norm)=0.44571;
K_ATR(norm)=0.44730;
p53ser46_ref50_72h(norm)=0.49774;
kp_ser46(norm)=0.64999;
K_p53(norm)=0.30437;
upAsy(norm)=0.11426;
sness(norm)=0.44457;
k_apop(norm)=0.61011;
tED50(norm)=0.29845;
cell_pop_norm0_Jack_MGMT_P(norm)=0.14686;
k_dis(norm)=0.62095;

%%%%%%%%%

TMZout0_Ka_XTMZ=34.0287890970;
MGMT_P0=2.2305177156;
k_MGMT=46.5382801210;
k_addO=0.0113741829;
k_addN=0.1994963940;
DSB_72h_fac=1.0426957571;
k_DSBO=0.0003060577;
k_DSBN=0.0000317103;
k_CyA=2.8069981212;
fVX=0.0011795206;
kf_ATR_MGMT_P=0.0000108245;
k_ATR=0.0194070338;
K_add=0.0000775708;
kd_pATR=0.0027369308;
k_Chk1=448.5778617734;
C_Chk1=0.7491044655;
pChk1_ref12_5_24h=0.0067109965;
pChk1_ref100_24h=0.0068136776;
pChk1_ref100_48h=0.0079961822;
kd_pChk1=0.0866543325;
k_cdc25=214.9681857739;
K_cdc25=1.3046105235;
kf_p53=0.0006322020;
k_p53=33.0072448126;
K_ATR=0.0003691399;
p53ser46_ref50_72h=0.0005058957;
kp_ser46=4.0620313074;
K_p53=0.4174240632;
upAsy=0.1690601776;
sness=0.0036958598;
k_apop=0.0651645869;
tED50=292.2112567273;
cell_pop_norm0_Jack_MGMT_P=73.7644744680;
k_dis=0.0167111661;

%%%%%%%%%

cost=124.1648497301;

%%%%%%%%%

