TMZout0_Ka_XTMZ(norm)=0.82022;
MGMT_P0(norm)=0.38969;
k_MGMT(norm)=0.13355;
k_addO(norm)=0.00010;
k_addN(norm)=0.39428;
DSB_72h_fac(norm)=1.00000;
k_DSBO(norm)=1.00000;
k_DSBN(norm)=0.58294;
k_CyA(norm)=0.93193;
fVX(norm)=0.00010;
kf_ATR_MGMT_P(norm)=0.33240;
k_ATR(norm)=0.25475;
K_add(norm)=0.17741;
kd_pATR(norm)=0.93045;
k_Chk1(norm)=0.07965;
C_Chk1(norm)=0.10645;
pChk1_ref12_5_24h(norm)=0.90535;
pChk1_ref100_24h(norm)=1.00000;
pChk1_ref100_48h(norm)=0.54850;
kd_pChk1(norm)=0.68850;
k_cdc25(norm)=0.85183;
K_cdc25(norm)=0.63172;
kf_p53(norm)=0.96811;
k_p53(norm)=0.56080;
K_ATR(norm)=0.56363;
p53ser46_ref50_72h(norm)=0.37081;
kp_ser46(norm)=0.52247;
K_p53(norm)=0.00010;
upAsy(norm)=0.75632;
sness(norm)=0.44451;
k_apop(norm)=0.88481;
tED50(norm)=0.49926;
cell_pop_norm0_Jack_MGMT_P(norm)=0.61057;
k_dis(norm)=0.37589;

%%%%%%%%%

TMZout0_Ka_XTMZ=37.4231621140;
MGMT_P0=1.7932898187;
k_MGMT=28.5484690873;
k_addO=0.0066478063;
k_addN=0.1189243382;
DSB_72h_fac=1.4000000000;
k_DSBO=0.0004525506;
k_DSBN=0.0000413900;
k_CyA=2.7797402268;
fVX=0.0008369071;
kf_ATR_MGMT_P=0.0000087759;
k_ATR=0.0143744864;
K_add=0.0000513667;
kd_pATR=0.0042569726;
k_Chk1=283.7259354408;
C_Chk1=0.4967124820;
pChk1_ref12_5_24h=0.0093288065;
pChk1_ref100_24h=0.0101209671;
pChk1_ref100_48h=0.0081074220;
kd_pChk1=0.0856536870;
k_cdc25=370.8846827127;
K_cdc25=1.3933835267;
kf_p53=0.0009302942;
k_p53=29.3987917063;
K_ATR=0.0003382192;
p53ser46_ref50_72h=0.0004610928;
kp_ser46=4.0360900826;
K_p53=0.5035958205;
upAsy=0.3207198189;
sness=0.0035055921;
k_apop=0.0818654712;
tED50=380.8629555879;
cell_pop_norm0_Jack_MGMT_P=87.0314304077;
k_dis=0.0136152068;

%%%%%%%%%

cost=100000.0000000000;

%%%%%%%%%

