TMZout0_Ka_XTMZ(norm)=0.27757;
MGMT_P0(norm)=0.52571;
k_MGMT(norm)=0.91027;
k_addO(norm)=0.49373;
k_addN(norm)=0.42354;
DSB_72h_fac(norm)=0.77649;
k_DSBO(norm)=0.82776;
k_DSBN(norm)=0.83244;
k_CyA(norm)=0.49210;
fVX(norm)=0.17101;
kf_ATR_MGMT_P(norm)=0.60723;
k_ATR(norm)=0.58769;
K_add(norm)=0.70897;
kd_pATR(norm)=0.62123;
k_Chk1(norm)=0.59348;
C_Chk1(norm)=0.35489;
pChk1_ref12_5_24h(norm)=0.73991;
pChk1_ref100_24h(norm)=0.88811;
pChk1_ref100_48h(norm)=0.86150;
kd_pChk1(norm)=0.21035;
k_cdc25(norm)=0.65993;
K_cdc25(norm)=0.66474;
kf_p53(norm)=0.38353;
k_p53(norm)=0.68457;
K_ATR(norm)=0.21072;
p53ser46_ref50_72h(norm)=0.65610;
kp_ser46(norm)=0.52069;
K_p53(norm)=0.74663;
upAsy(norm)=0.63610;
sness(norm)=0.52091;
k_apop(norm)=0.56544;
tED50(norm)=0.62399;
cell_pop_norm0_Jack_MGMT_P(norm)=0.35511;
k_dis(norm)=0.17166;

%%%%%%%%%

TMZout0_Ka_XTMZ=33.0397367882;
MGMT_P0=1.8615718191;
k_MGMT=61.7875377226;
k_addO=0.0102471370;
k_addN=0.1321585821;
DSB_72h_fac=1.1898589462;
k_DSBO=0.0003846459;
k_DSBN=0.0000455143;
k_CyA=1.8851195908;
fVX=0.0009928840;
kf_ATR_MGMT_P=0.0000110625;
k_ATR=0.0208311653;
K_add=0.0000778767;
kd_pATR=0.0039984004;
k_Chk1=483.6733937117;
C_Chk1=0.6121330307;
pChk1_ref12_5_24h=0.0086868003;
pChk1_ref100_24h=0.0098715896;
pChk1_ref100_48h=0.0109118292;
kd_pChk1=0.0594276928;
k_cdc25=256.9529293389;
K_cdc25=1.4428380940;
kf_p53=0.0005824952;
k_p53=40.4114245100;
K_ATR=0.0003020885;
p53ser46_ref50_72h=0.0005785392;
kp_ser46=3.6405239915;
K_p53=0.6071810458;
upAsy=0.2630669692;
sness=0.0039428177;
k_apop=0.0627444407;
tED50=385.0243440000;
cell_pop_norm0_Jack_MGMT_P=79.4522099971;
k_dis=0.0114203663;

%%%%%%%%%

cost=280.5907085367;

%%%%%%%%%

