TMZout0_Ka_XTMZ(norm)=0.50762;
MGMT_P0(norm)=0.44636;
k_MGMT(norm)=0.64118;
k_addO(norm)=0.10790;
k_addN(norm)=0.41438;
DSB_72h_fac(norm)=0.77880;
k_DSBO(norm)=0.18053;
k_DSBN(norm)=0.71557;
k_CyA(norm)=0.32875;
fVX(norm)=0.76560;
kf_ATR_MGMT_P(norm)=0.67591;
k_ATR(norm)=0.55615;
K_add(norm)=0.62433;
kd_pATR(norm)=0.15722;
k_Chk1(norm)=0.75077;
C_Chk1(norm)=0.62633;
pChk1_ref12_5_24h(norm)=0.08009;
pChk1_ref100_24h(norm)=0.10011;
pChk1_ref100_48h(norm)=0.56570;
kd_pChk1(norm)=0.41460;
k_cdc25(norm)=0.61050;
K_cdc25(norm)=0.70987;
kf_p53(norm)=0.63664;
k_p53(norm)=0.91960;
K_ATR(norm)=0.34234;
p53ser46_ref50_72h(norm)=0.67799;
kp_ser46(norm)=0.50877;
K_p53(norm)=0.05472;
upAsy(norm)=0.45944;
sness(norm)=0.46551;
k_apop(norm)=1.00000;
tED50(norm)=0.00010;
cell_pop_norm0_Jack_MGMT_P(norm)=0.64903;
k_dis(norm)=0.54149;

%%%%%%%%%

TMZout0_Ka_XTMZ=34.8315911223;
MGMT_P0=1.7719564816;
k_MGMT=49.1904883051;
k_addO=0.0073896563;
k_addN=0.1311374060;
DSB_72h_fac=1.1918623529;
k_DSBO=0.0002222783;
k_DSBN=0.0000412233;
k_CyA=1.6414661269;
fVX=0.0016432105;
kf_ATR_MGMT_P=0.0000117253;
k_ATR=0.0202818436;
K_add=0.0000724876;
kd_pATR=0.0026986202;
k_Chk1=552.6271920181;
C_Chk1=0.7704242941;
pChk1_ref12_5_24h=0.0049666449;
pChk1_ref100_24h=0.0050631374;
pChk1_ref100_48h=0.0084927821;
kd_pChk1=0.0706563422;
k_cdc25=246.4132647874;
K_cdc25=1.4990812361;
kf_p53=0.0007218201;
k_p53=49.3163395282;
K_ATR=0.0003377265;
p53ser46_ref50_72h=0.0005893692;
kp_ser46=3.6039413065;
K_p53=0.3378382618;
upAsy=0.2264962458;
sness=0.0037620240;
k_apop=0.0906739715;
tED50=226.9392185870;
cell_pop_norm0_Jack_MGMT_P=88.2336037080;
k_dis=0.0156231470;

%%%%%%%%%

cost=475.7244035082;

%%%%%%%%%

