TMZout0_Ka_XTMZ(norm)=0.11977;
MGMT_P0(norm)=0.86073;
k_MGMT(norm)=0.53851;
k_addO(norm)=0.58653;
k_addN(norm)=0.61182;
DSB_72h_fac(norm)=0.72033;
k_DSBO(norm)=0.79913;
k_DSBN(norm)=0.45799;
k_CyA(norm)=0.48465;
fVX(norm)=0.59769;
kf_ATR_MGMT_P(norm)=0.60239;
k_ATR(norm)=0.56827;
K_add(norm)=0.67049;
kd_pATR(norm)=0.41373;
k_Chk1(norm)=0.55111;
C_Chk1(norm)=0.63020;
pChk1_ref12_5_24h(norm)=0.45027;
pChk1_ref100_24h(norm)=0.44946;
pChk1_ref100_48h(norm)=0.43871;
kd_pChk1(norm)=0.76987;
k_cdc25(norm)=0.79213;
K_cdc25(norm)=0.80513;
kf_p53(norm)=0.47000;
k_p53(norm)=0.71567;
K_ATR(norm)=0.64498;
p53ser46_ref50_72h(norm)=0.51666;
kp_ser46(norm)=0.62828;
K_p53(norm)=0.77971;
upAsy(norm)=0.54699;
sness(norm)=0.40202;
k_apop(norm)=0.48060;
tED50(norm)=0.84999;
cell_pop_norm0_Jack_MGMT_P(norm)=0.15652;
k_dis(norm)=0.59402;

%%%%%%%%%

TMZout0_Ka_XTMZ=31.8641990747;
MGMT_P0=2.3174667047;
k_MGMT=40.2347636910;
k_addO=0.0109262509;
k_addN=0.1429947474;
DSB_72h_fac=1.1347825314;
k_DSBO=0.0003817274;
k_DSBN=0.0000372320;
k_CyA=1.9029050297;
fVX=0.0013886011;
kf_ATR_MGMT_P=0.0000110318;
k_ATR=0.0187482633;
K_add=0.0000780056;
kd_pATR=0.0027476202;
k_Chk1=423.0454856348;
C_Chk1=0.7741635112;
pChk1_ref12_5_24h=0.0063440572;
pChk1_ref100_24h=0.0063480015;
pChk1_ref100_48h=0.0073872067;
kd_pChk1=0.0917675202;
k_cdc25=352.5915517714;
K_cdc25=1.6139215188;
kf_p53=0.0006099995;
k_p53=33.5210454210;
K_ATR=0.0003623541;
p53ser46_ref50_72h=0.0005217439;
kp_ser46=4.4146536781;
K_p53=0.9749034793;
upAsy=0.2685950204;
sness=0.0033816155;
k_apop=0.0581246004;
tED50=512.6580426063;
cell_pop_norm0_Jack_MGMT_P=74.0188935949;
k_dis=0.0163790891;

%%%%%%%%%

cost=123.8412546142;

%%%%%%%%%

