TMZout0_Ka_XTMZ(norm)=0.31950;
MGMT_P0(norm)=0.73308;
k_MGMT(norm)=0.81860;
k_addO(norm)=0.59004;
k_addN(norm)=0.70319;
DSB_72h_fac(norm)=0.72106;
k_DSBO(norm)=0.51745;
k_DSBN(norm)=0.46036;
k_CyA(norm)=0.85751;
fVX(norm)=0.41228;
kf_ATR_MGMT_P(norm)=0.60206;
k_ATR(norm)=0.79003;
K_add(norm)=0.63376;
kd_pATR(norm)=0.81511;
k_Chk1(norm)=0.56709;
C_Chk1(norm)=0.65550;
pChk1_ref12_5_24h(norm)=0.75168;
pChk1_ref100_24h(norm)=0.76996;
pChk1_ref100_48h(norm)=0.83207;
kd_pChk1(norm)=0.41581;
k_cdc25(norm)=0.37671;
K_cdc25(norm)=0.45115;
kf_p53(norm)=0.59055;
k_p53(norm)=0.47036;
K_ATR(norm)=0.64474;
p53ser46_ref50_72h(norm)=0.58109;
kp_ser46(norm)=0.55194;
K_p53(norm)=0.19119;
upAsy(norm)=0.46837;
sness(norm)=0.69346;
k_apop(norm)=0.63904;
tED50(norm)=0.41420;
cell_pop_norm0_Jack_MGMT_P(norm)=0.13665;
k_dis(norm)=0.60488;

%%%%%%%%%

TMZout0_Ka_XTMZ=33.3593053935;
MGMT_P0=2.1177238704;
k_MGMT=57.1702165022;
k_addO=0.0111184161;
k_addN=0.1674948518;
DSB_72h_fac=1.1428241740;
k_DSBO=0.0002957165;
k_DSBN=0.0000332070;
k_CyA=2.5692264232;
fVX=0.0012180895;
kf_ATR_MGMT_P=0.0000110142;
k_ATR=0.0247270022;
K_add=0.0000730685;
kd_pATR=0.0047122515;
k_Chk1=472.9799361454;
C_Chk1=0.7896986370;
pChk1_ref12_5_24h=0.0087738795;
pChk1_ref100_24h=0.0089312316;
pChk1_ref100_48h=0.0106431382;
kd_pChk1=0.0707286602;
k_cdc25=202.1325129075;
K_cdc25=1.2039800637;
kf_p53=0.0006941766;
k_p53=33.7038856374;
K_ATR=0.0004363587;
p53ser46_ref50_72h=0.0005429150;
kp_ser46=3.7382146793;
K_p53=0.3792509865;
upAsy=0.2282154271;
sness=0.0045635342;
k_apop=0.0667818599;
tED50=322.3203569017;
cell_pop_norm0_Jack_MGMT_P=73.4963340151;
k_dis=0.0164851515;

%%%%%%%%%

cost=123.4889314803;

%%%%%%%%%

