TMZout0_Ka_XTMZ(norm)=0.49570;
MGMT_P0(norm)=0.99862;
k_MGMT(norm)=0.49393;
k_addO(norm)=0.67004;
k_addN(norm)=0.77413;
DSB_72h_fac(norm)=0.74438;
k_DSBO(norm)=0.54517;
k_DSBN(norm)=0.49371;
k_CyA(norm)=0.22075;
fVX(norm)=0.60536;
kf_ATR_MGMT_P(norm)=0.60630;
k_ATR(norm)=0.41503;
K_add(norm)=0.47455;
kd_pATR(norm)=0.88380;
k_Chk1(norm)=0.57978;
C_Chk1(norm)=0.57772;
pChk1_ref12_5_24h(norm)=0.62524;
pChk1_ref100_24h(norm)=0.62713;
pChk1_ref100_48h(norm)=0.67796;
kd_pChk1(norm)=0.43268;
k_cdc25(norm)=0.40069;
K_cdc25(norm)=0.63063;
kf_p53(norm)=0.50799;
k_p53(norm)=0.56006;
K_ATR(norm)=0.39430;
p53ser46_ref50_72h(norm)=0.53394;
kp_ser46(norm)=0.80342;
K_p53(norm)=0.92464;
upAsy(norm)=0.08217;
sness(norm)=0.46314;
k_apop(norm)=0.56769;
tED50(norm)=0.29445;
cell_pop_norm0_Jack_MGMT_P(norm)=0.14515;
k_dis(norm)=0.60790;

%%%%%%%%%

TMZout0_Ka_XTMZ=34.7363404193;
MGMT_P0=2.4979205683;
k_MGMT=36.3223868844;
k_addO=0.0109395461;
k_addN=0.1344422857;
DSB_72h_fac=1.1529170386;
k_DSBO=0.0003132300;
k_DSBN=0.0000378665;
k_CyA=1.7203870041;
fVX=0.0012928906;
kf_ATR_MGMT_P=0.0000108895;
k_ATR=0.0213152839;
K_add=0.0000681055;
kd_pATR=0.0043558579;
k_Chk1=402.0288090244;
C_Chk1=0.7541912755;
pChk1_ref12_5_24h=0.0080239816;
pChk1_ref100_24h=0.0080500443;
pChk1_ref100_48h=0.0097977086;
kd_pChk1=0.0669073728;
k_cdc25=217.7887453828;
K_cdc25=1.3703057911;
kf_p53=0.0005533693;
k_p53=36.0385261146;
K_ATR=0.0004006694;
p53ser46_ref50_72h=0.0004489598;
kp_ser46=4.0504311162;
K_p53=0.8216471086;
upAsy=0.1625763725;
sness=0.0034358846;
k_apop=0.0650681937;
tED50=341.2844596114;
cell_pop_norm0_Jack_MGMT_P=73.7195458151;
k_dis=0.0166490323;

%%%%%%%%%

cost=123.2461025839;

%%%%%%%%%

