TMZout0_Ka_XTMZ(norm)=0.53099;
MGMT_P0(norm)=0.71303;
k_MGMT(norm)=0.81011;
k_addO(norm)=0.57254;
k_addN(norm)=0.70343;
DSB_72h_fac(norm)=0.80951;
k_DSBO(norm)=0.62660;
k_DSBN(norm)=0.67937;
k_CyA(norm)=0.55103;
fVX(norm)=0.42911;
kf_ATR_MGMT_P(norm)=0.61179;
k_ATR(norm)=0.69022;
K_add(norm)=0.57861;
kd_pATR(norm)=0.95288;
k_Chk1(norm)=0.51562;
C_Chk1(norm)=0.56716;
pChk1_ref12_5_24h(norm)=0.69575;
pChk1_ref100_24h(norm)=0.69973;
pChk1_ref100_48h(norm)=0.73754;
kd_pChk1(norm)=0.42737;
k_cdc25(norm)=0.96501;
K_cdc25(norm)=0.59493;
kf_p53(norm)=0.81222;
k_p53(norm)=0.88964;
K_ATR(norm)=0.80130;
p53ser46_ref50_72h(norm)=0.79415;
kp_ser46(norm)=0.52426;
K_p53(norm)=0.56633;
upAsy(norm)=0.81188;
sness(norm)=0.73456;
k_apop(norm)=0.55756;
tED50(norm)=0.55393;
cell_pop_norm0_Jack_MGMT_P(norm)=0.16719;
k_dis(norm)=0.58486;

%%%%%%%%%

TMZout0_Ka_XTMZ=35.0189585050;
MGMT_P0=2.1384293946;
k_MGMT=50.6457116954;
k_addO=0.0107974891;
k_addN=0.1545362452;
DSB_72h_fac=1.2133887210;
k_DSBO=0.0003298103;
k_DSBN=0.0000449136;
k_CyA=2.0129988423;
fVX=0.0012037717;
kf_ATR_MGMT_P=0.0000111199;
k_ATR=0.0207891001;
K_add=0.0000721629;
kd_pATR=0.0043386252;
k_Chk1=410.5122040565;
C_Chk1=0.7338973940;
pChk1_ref12_5_24h=0.0078108375;
pChk1_ref100_24h=0.0078475016;
pChk1_ref100_48h=0.0095157855;
kd_pChk1=0.0686522934;
k_cdc25=408.2114299876;
K_cdc25=1.3506138291;
kf_p53=0.0008151890;
k_p53=38.8448615559;
K_ATR=0.0004136726;
p53ser46_ref50_72h=0.0006600348;
kp_ser46=4.0422438671;
K_p53=0.8136562519;
upAsy=0.3361776415;
sness=0.0044822129;
k_apop=0.0620413126;
tED50=398.9189534217;
cell_pop_norm0_Jack_MGMT_P=74.3012532584;
k_dis=0.0162524272;

%%%%%%%%%

cost=123.1192993894;

%%%%%%%%%

