TMZout0_Ka_XTMZ(norm)=0.15198;
MGMT_P0(norm)=0.10742;
k_MGMT(norm)=0.74768;
k_addO(norm)=0.30666;
k_addN(norm)=0.42264;
DSB_72h_fac(norm)=0.23777;
k_DSBO(norm)=0.53629;
k_DSBN(norm)=0.41872;
k_CyA(norm)=0.07137;
fVX(norm)=0.65030;
kf_ATR_MGMT_P(norm)=0.91114;
k_ATR(norm)=0.83173;
K_add(norm)=0.15969;
kd_pATR(norm)=0.00010;
k_Chk1(norm)=0.26068;
C_Chk1(norm)=0.34664;
pChk1_ref12_5_24h(norm)=0.32498;
pChk1_ref100_24h(norm)=0.53028;
pChk1_ref100_48h(norm)=0.71098;
kd_pChk1(norm)=0.70974;
k_cdc25(norm)=0.34704;
K_cdc25(norm)=0.82796;
kf_p53(norm)=0.37376;
k_p53(norm)=0.80468;
K_ATR(norm)=0.87713;
p53ser46_ref50_72h(norm)=0.82533;
kp_ser46(norm)=0.54204;
K_p53(norm)=0.66528;
upAsy(norm)=0.58323;
sness(norm)=0.43856;
k_apop(norm)=0.33900;
tED50(norm)=0.53017;
cell_pop_norm0_Jack_MGMT_P(norm)=0.25350;
k_dis(norm)=0.24546;

%%%%%%%%%

TMZout0_Ka_XTMZ=32.1006864865;
MGMT_P0=1.4600711733;
k_MGMT=45.0349415020;
k_addO=0.0080405317;
k_addN=0.0998148966;
DSB_72h_fac=0.7846249926;
k_DSBO=0.0003108813;
k_DSBN=0.0000355355;
k_CyA=1.5158620621;
fVX=0.0013430645;
kf_ATR_MGMT_P=0.0000140988;
k_ATR=0.0303408465;
K_add=0.0000521581;
kd_pATR=0.0020601187;
k_Chk1=306.7876035810;
C_Chk1=0.6200790313;
pChk1_ref12_5_24h=0.0062216132;
pChk1_ref100_24h=0.0074158149;
pChk1_ref100_48h=0.0100757301;
kd_pChk1=0.0846109796;
k_cdc25=208.1109870806;
K_cdc25=1.6196914985;
kf_p53=0.0004938821;
k_p53=44.3383184087;
K_ATR=0.0006031900;
p53ser46_ref50_72h=0.0005746893;
kp_ser46=3.2457941969;
K_p53=0.6595489761;
upAsy=0.2485635939;
sness=0.0033650753;
k_apop=0.0536064248;
tED50=416.7321692643;
cell_pop_norm0_Jack_MGMT_P=76.6241388287;
k_dis=0.0122467221;

%%%%%%%%%

cost=250.4678382741;

%%%%%%%%%

