TMZout0_Ka_XTMZ(norm)=0.41948;
MGMT_P0(norm)=0.96265;
k_MGMT(norm)=0.59451;
k_addO(norm)=0.60607;
k_addN(norm)=0.42974;
DSB_72h_fac(norm)=0.56518;
k_DSBO(norm)=0.59704;
k_DSBN(norm)=0.63863;
k_CyA(norm)=0.89747;
fVX(norm)=0.46029;
kf_ATR_MGMT_P(norm)=0.58137;
k_ATR(norm)=0.75161;
K_add(norm)=0.75608;
kd_pATR(norm)=0.18681;
k_Chk1(norm)=0.22393;
C_Chk1(norm)=0.57534;
pChk1_ref12_5_24h(norm)=0.61411;
pChk1_ref100_24h(norm)=0.61280;
pChk1_ref100_48h(norm)=0.65162;
kd_pChk1(norm)=0.29174;
k_cdc25(norm)=0.40626;
K_cdc25(norm)=0.51192;
kf_p53(norm)=0.45615;
k_p53(norm)=0.34591;
K_ATR(norm)=0.57395;
p53ser46_ref50_72h(norm)=0.42153;
kp_ser46(norm)=0.41655;
K_p53(norm)=0.58094;
upAsy(norm)=0.73198;
sness(norm)=0.66396;
k_apop(norm)=0.80190;
tED50(norm)=0.71968;
cell_pop_norm0_Jack_MGMT_P(norm)=0.15163;
k_dis(norm)=0.61599;

%%%%%%%%%

TMZout0_Ka_XTMZ=34.1338303930;
MGMT_P0=2.4480277036;
k_MGMT=40.9091541358;
k_addO=0.0105671876;
k_addN=0.1079449428;
DSB_72h_fac=1.0080315051;
k_DSBO=0.0003269169;
k_DSBN=0.0000414362;
k_CyA=3.1920572469;
fVX=0.0012795272;
kf_ATR_MGMT_P=0.0000108352;
k_ATR=0.0303648079;
K_add=0.0000938467;
kd_pATR=0.0019420868;
k_Chk1=247.0356951469;
C_Chk1=0.7454548564;
pChk1_ref12_5_24h=0.0087319070;
pChk1_ref100_24h=0.0087417070;
pChk1_ref100_48h=0.0111510450;
kd_pChk1=0.0491909019;
k_cdc25=198.6565824488;
K_cdc25=1.3078332270;
kf_p53=0.0005166973;
k_p53=26.6896383834;
K_ATR=0.0004578943;
p53ser46_ref50_72h=0.0004177821;
kp_ser46=2.8703491627;
K_p53=0.6427674173;
upAsy=0.2227334524;
sness=0.0040191613;
k_apop=0.0698157929;
tED50=424.9691716460;
cell_pop_norm0_Jack_MGMT_P=73.8900125749;
k_dis=0.0165638519;

%%%%%%%%%

cost=124.9198733226;

%%%%%%%%%

