TMZout0_Ka_XTMZ(norm)=0.29913;
MGMT_P0(norm)=0.54222;
k_MGMT(norm)=0.58208;
k_addO(norm)=0.35426;
k_addN(norm)=0.77897;
DSB_72h_fac(norm)=0.57868;
k_DSBO(norm)=0.41095;
k_DSBN(norm)=0.26382;
k_CyA(norm)=0.40687;
fVX(norm)=0.99147;
kf_ATR_MGMT_P(norm)=0.61904;
k_ATR(norm)=0.57529;
K_add(norm)=0.65178;
kd_pATR(norm)=0.05590;
k_Chk1(norm)=0.56158;
C_Chk1(norm)=0.09448;
pChk1_ref12_5_24h(norm)=0.34626;
pChk1_ref100_24h(norm)=0.47631;
pChk1_ref100_48h(norm)=0.73056;
kd_pChk1(norm)=0.50917;
k_cdc25(norm)=1.00000;
K_cdc25(norm)=0.17669;
kf_p53(norm)=0.39592;
k_p53(norm)=0.94296;
K_ATR(norm)=0.50722;
p53ser46_ref50_72h(norm)=0.51904;
kp_ser46(norm)=0.37310;
K_p53(norm)=0.30677;
upAsy(norm)=0.04298;
sness(norm)=0.42821;
k_apop(norm)=0.35515;
tED50(norm)=0.45940;
cell_pop_norm0_Jack_MGMT_P(norm)=0.59541;
k_dis(norm)=0.26245;

%%%%%%%%%

TMZout0_Ka_XTMZ=33.2036517610;
MGMT_P0=1.8807745347;
k_MGMT=46.7881915156;
k_addO=0.0091049906;
k_addN=0.1786025273;
DSB_72h_fac=1.0303493176;
k_DSBO=0.0002702000;
k_DSBN=0.0000281131;
k_CyA=1.7537939217;
fVX=0.0019897939;
kf_ATR_MGMT_P=0.0000111738;
k_ATR=0.0206135153;
K_add=0.0000741931;
kd_pATR=0.0024766113;
k_Chk1=470.7769757294;
C_Chk1=0.4909315068;
pChk1_ref12_5_24h=0.0062230690;
pChk1_ref100_24h=0.0069639191;
pChk1_ref100_48h=0.0097659199;
kd_pChk1=0.0765505583;
k_cdc25=342.7608330462;
K_cdc25=0.9541726826;
kf_p53=0.0005886409;
k_p53=50.3020266980;
K_ATR=0.0003883644;
p53ser46_ref50_72h=0.0005151070;
kp_ser46=3.2125882177;
K_p53=0.4182722781;
upAsy=0.1591523725;
sness=0.0036449812;
k_apop=0.0525038664;
tED50=334.9051411395;
cell_pop_norm0_Jack_MGMT_P=86.5621786950;
k_dis=0.0123335163;

%%%%%%%%%

cost=230.1419350169;

%%%%%%%%%

