TMZout0_Ka_XTMZ(norm)=0.50579;
MGMT_P0(norm)=0.86186;
k_MGMT(norm)=0.40590;
k_addO(norm)=0.92588;
k_addN(norm)=0.72231;
DSB_72h_fac(norm)=0.70027;
k_DSBO(norm)=0.75077;
k_DSBN(norm)=0.54010;
k_CyA(norm)=0.34317;
fVX(norm)=0.33260;
kf_ATR_MGMT_P(norm)=0.86655;
k_ATR(norm)=0.32359;
K_add(norm)=0.73747;
kd_pATR(norm)=0.60870;
k_Chk1(norm)=0.17943;
C_Chk1(norm)=0.91475;
pChk1_ref12_5_24h(norm)=0.35296;
pChk1_ref100_24h(norm)=0.61972;
pChk1_ref100_48h(norm)=0.41429;
kd_pChk1(norm)=0.44763;
k_cdc25(norm)=0.47146;
K_cdc25(norm)=0.33344;
kf_p53(norm)=0.44990;
k_p53(norm)=0.61442;
K_ATR(norm)=0.37164;
p53ser46_ref50_72h(norm)=0.44842;
kp_ser46(norm)=0.66249;
K_p53(norm)=0.70920;
upAsy(norm)=0.32048;
sness(norm)=0.47811;
k_apop(norm)=0.21277;
tED50(norm)=0.70904;
cell_pop_norm0_Jack_MGMT_P(norm)=0.49238;
k_dis(norm)=0.52340;

%%%%%%%%%

TMZout0_Ka_XTMZ=34.8168965285;
MGMT_P0=2.2733613059;
k_MGMT=43.6533913742;
k_addO=0.0138115392;
k_addN=0.1619747841;
DSB_72h_fac=1.0978748713;
k_DSBO=0.0004211625;
k_DSBN=0.0000340881;
k_CyA=2.2598029888;
fVX=0.0011738963;
kf_ATR_MGMT_P=0.0000138431;
k_ATR=0.0225868655;
K_add=0.0001029161;
kd_pATR=0.0020245629;
k_Chk1=226.0102985797;
C_Chk1=0.9980494956;
pChk1_ref12_5_24h=0.0072593591;
pChk1_ref100_24h=0.0091538989;
pChk1_ref100_48h=0.0092962900;
kd_pChk1=0.0542350440;
k_cdc25=192.5144848945;
K_cdc25=1.1044709331;
kf_p53=0.0004203020;
k_p53=31.3285472825;
K_ATR=0.0004058720;
p53ser46_ref50_72h=0.0003434833;
kp_ser46=3.2992431461;
K_p53=0.6489818080;
upAsy=0.2248417504;
sness=0.0049060941;
k_apop=0.0450097791;
tED50=459.3015203876;
cell_pop_norm0_Jack_MGMT_P=83.4388085028;
k_dis=0.0149057026;

%%%%%%%%%

cost=184.1652163475;

%%%%%%%%%

