TMZout0_Ka_XTMZ(norm)=0.35286;
MGMT_P0(norm)=0.69919;
k_MGMT(norm)=0.29556;
k_addO(norm)=0.46943;
k_addN(norm)=0.81687;
DSB_72h_fac(norm)=0.54286;
k_DSBO(norm)=0.34353;
k_DSBN(norm)=0.47785;
k_CyA(norm)=0.59112;
fVX(norm)=0.83123;
kf_ATR_MGMT_P(norm)=0.64490;
k_ATR(norm)=0.70787;
K_add(norm)=0.61970;
kd_pATR(norm)=0.90965;
k_Chk1(norm)=0.64798;
C_Chk1(norm)=0.42106;
pChk1_ref12_5_24h(norm)=0.40827;
pChk1_ref100_24h(norm)=0.53231;
pChk1_ref100_48h(norm)=0.56628;
kd_pChk1(norm)=0.58397;
k_cdc25(norm)=0.68598;
K_cdc25(norm)=0.48578;
kf_p53(norm)=0.60280;
k_p53(norm)=0.65228;
K_ATR(norm)=0.48160;
p53ser46_ref50_72h(norm)=0.28088;
kp_ser46(norm)=0.56454;
K_p53(norm)=0.36245;
upAsy(norm)=0.53461;
sness(norm)=0.18469;
k_apop(norm)=0.61140;
tED50(norm)=0.87884;
cell_pop_norm0_Jack_MGMT_P(norm)=0.34263;
k_dis(norm)=0.25516;

%%%%%%%%%

TMZout0_Ka_XTMZ=33.6157752772;
MGMT_P0=2.0735712462;
k_MGMT=36.7029555792;
k_addO=0.0100383232;
k_addN=0.1844298526;
DSB_72h_fac=1.0038453263;
k_DSBO=0.0002551971;
k_DSBN=0.0000337028;
k_CyA=2.0501207422;
fVX=0.0017371660;
kf_ATR_MGMT_P=0.0000114214;
k_ATR=0.0230641062;
K_add=0.0000722037;
kd_pATR=0.0051052431;
k_Chk1=506.5358201113;
C_Chk1=0.6474309702;
pChk1_ref12_5_24h=0.0065587698;
pChk1_ref100_24h=0.0073022894;
pChk1_ref100_48h=0.0084969694;
kd_pChk1=0.0815596085;
k_cdc25=262.6870105953;
K_cdc25=1.2398381493;
kf_p53=0.0007014170;
k_p53=39.3209239108;
K_ATR=0.0003800230;
p53ser46_ref50_72h=0.0004209805;
kp_ser46=3.7783328132;
K_p53=0.4384797421;
upAsy=0.2413909642;
sness=0.0029654215;
k_apop=0.0652356637;
tED50=477.8208401069;
cell_pop_norm0_Jack_MGMT_P=79.0992570980;
k_dis=0.0122575701;

%%%%%%%%%

cost=226.8876622912;

%%%%%%%%%

