TMZout0_Ka_XTMZ(norm)=0.49644;
MGMT_P0(norm)=0.54451;
k_MGMT(norm)=0.51770;
k_addO(norm)=0.38745;
k_addN(norm)=0.83234;
DSB_72h_fac(norm)=0.39467;
k_DSBO(norm)=0.04577;
k_DSBN(norm)=0.58763;
k_CyA(norm)=0.61684;
fVX(norm)=0.93983;
kf_ATR_MGMT_P(norm)=1.00000;
k_ATR(norm)=0.60469;
K_add(norm)=0.55561;
kd_pATR(norm)=1.00000;
k_Chk1(norm)=0.65113;
C_Chk1(norm)=0.58274;
pChk1_ref12_5_24h(norm)=0.42116;
pChk1_ref100_24h(norm)=0.69428;
pChk1_ref100_48h(norm)=0.76360;
kd_pChk1(norm)=0.00010;
k_cdc25(norm)=0.31752;
K_cdc25(norm)=0.13130;
kf_p53(norm)=0.66395;
k_p53(norm)=0.00268;
K_ATR(norm)=0.13954;
p53ser46_ref50_72h(norm)=0.31553;
kp_ser46(norm)=0.49254;
K_p53(norm)=0.29172;
upAsy(norm)=0.89708;
sness(norm)=0.88872;
k_apop(norm)=0.72997;
tED50(norm)=0.53098;
cell_pop_norm0_Jack_MGMT_P(norm)=0.55135;
k_dis(norm)=0.41622;

%%%%%%%%%

TMZout0_Ka_XTMZ=34.7422939628;
MGMT_P0=1.8275053345;
k_MGMT=47.9911078864;
k_addO=0.0087520943;
k_addN=0.1778023741;
DSB_72h_fac=0.8568651269;
k_DSBO=0.0002317542;
k_DSBN=0.0000354888;
k_CyA=2.8495375357;
fVX=0.0019637122;
kf_ATR_MGMT_P=0.0000155004;
k_ATR=0.0286610890;
K_add=0.0000882190;
kd_pATR=0.0028204592;
k_Chk1=337.0566627035;
C_Chk1=0.7533216315;
pChk1_ref12_5_24h=0.0076912172;
pChk1_ref100_24h=0.0097508728;
pChk1_ref100_48h=0.0124982001;
kd_pChk1=0.0371193496;
k_cdc25=168.9718429896;
K_cdc25=0.9306192562;
kf_p53=0.0005038782;
k_p53=18.6566642722;
K_ATR=0.0003334109;
p53ser46_ref50_72h=0.0003069041;
kp_ser46=2.8567857675;
K_p53=0.4556239751;
upAsy=0.3664807914;
sness=0.0069475615;
k_apop=0.0697625166;
tED50=394.9792641805;
cell_pop_norm0_Jack_MGMT_P=85.2124341268;
k_dis=0.0136116577;

%%%%%%%%%

cost=224.3784348910;

%%%%%%%%%

