TMZout0_Ka_XTMZ(norm)=0.23755;
MGMT_P0(norm)=0.88113;
k_MGMT(norm)=0.64923;
k_addO(norm)=0.58755;
k_addN(norm)=0.29329;
DSB_72h_fac(norm)=0.70004;
k_DSBO(norm)=0.38076;
k_DSBN(norm)=0.68366;
k_CyA(norm)=0.90127;
fVX(norm)=0.56112;
kf_ATR_MGMT_P(norm)=0.59926;
k_ATR(norm)=0.70291;
K_add(norm)=0.59517;
kd_pATR(norm)=0.81263;
k_Chk1(norm)=0.43247;
C_Chk1(norm)=0.56810;
pChk1_ref12_5_24h(norm)=0.63295;
pChk1_ref100_24h(norm)=0.63495;
pChk1_ref100_48h(norm)=0.73531;
kd_pChk1(norm)=0.36067;
k_cdc25(norm)=0.16695;
K_cdc25(norm)=0.48901;
kf_p53(norm)=0.41879;
k_p53(norm)=0.68403;
K_ATR(norm)=0.69557;
p53ser46_ref50_72h(norm)=0.39335;
kp_ser46(norm)=0.55585;
K_p53(norm)=0.17034;
upAsy(norm)=0.98979;
sness(norm)=0.65390;
k_apop(norm)=0.55266;
tED50(norm)=0.95042;
cell_pop_norm0_Jack_MGMT_P(norm)=0.16082;
k_dis(norm)=0.57653;

%%%%%%%%%

TMZout0_Ka_XTMZ=32.7375465831;
MGMT_P0=2.3433507403;
k_MGMT=44.1918780803;
k_addO=0.0109357154;
k_addN=0.1091711554;
DSB_72h_fac=1.1176225174;
k_DSBO=0.0002677950;
k_DSBN=0.0000450772;
k_CyA=2.7084481726;
fVX=0.0013462322;
kf_ATR_MGMT_P=0.0000110025;
k_ATR=0.0210137708;
K_add=0.0000731825;
kd_pATR=0.0038525063;
k_Chk1=382.5849744427;
C_Chk1=0.7344822960;
pChk1_ref12_5_24h=0.0074061124;
pChk1_ref100_24h=0.0074283315;
pChk1_ref100_48h=0.0094978252;
kd_pChk1=0.0648799487;
k_cdc25=207.5959008270;
K_cdc25=1.2346802571;
kf_p53=0.0005840986;
k_p53=32.6342598889;
K_ATR=0.0003782262;
p53ser46_ref50_72h=0.0004699821;
kp_ser46=4.1518676066;
K_p53=0.5817383670;
upAsy=0.3908736959;
sness=0.0041861161;
k_apop=0.0617840648;
tED50=558.1934931769;
cell_pop_norm0_Jack_MGMT_P=74.1325035191;
k_dis=0.0161382068;

%%%%%%%%%

cost=123.7528327907;

%%%%%%%%%

