TMZout0_Ka_XTMZ(norm)=0.38877;
MGMT_P0(norm)=0.99004;
k_MGMT(norm)=0.51357;
k_addO(norm)=0.62918;
k_addN(norm)=0.65437;
DSB_72h_fac(norm)=0.75721;
k_DSBO(norm)=0.61878;
k_DSBN(norm)=0.75631;
k_CyA(norm)=0.58201;
fVX(norm)=0.66066;
kf_ATR_MGMT_P(norm)=0.57758;
k_ATR(norm)=0.44620;
K_add(norm)=0.59732;
kd_pATR(norm)=0.72010;
k_Chk1(norm)=0.49430;
C_Chk1(norm)=0.57883;
pChk1_ref12_5_24h(norm)=0.31469;
pChk1_ref100_24h(norm)=0.31311;
pChk1_ref100_48h(norm)=0.33009;
kd_pChk1(norm)=0.70001;
k_cdc25(norm)=0.98896;
K_cdc25(norm)=0.49004;
kf_p53(norm)=0.78268;
k_p53(norm)=0.66222;
K_ATR(norm)=0.53271;
p53ser46_ref50_72h(norm)=0.75598;
kp_ser46(norm)=0.69484;
K_p53(norm)=0.60525;
upAsy(norm)=0.37693;
sness(norm)=0.28516;
k_apop(norm)=0.73308;
tED50(norm)=0.22053;
cell_pop_norm0_Jack_MGMT_P(norm)=0.14563;
k_dis(norm)=0.64131;

%%%%%%%%%

TMZout0_Ka_XTMZ=33.8940193407;
MGMT_P0=2.4860357011;
k_MGMT=38.1975799080;
k_addO=0.0107761208;
k_addN=0.1305751481;
DSB_72h_fac=1.1653985594;
k_DSBO=0.0003329946;
k_DSBN=0.0000457809;
k_CyA=2.4433874737;
fVX=0.0015162784;
kf_ATR_MGMT_P=0.0000108005;
k_ATR=0.0234417156;
K_add=0.0000820351;
kd_pATR=0.0030514519;
k_Chk1=310.6339184777;
C_Chk1=0.7476619780;
pChk1_ref12_5_24h=0.0067753246;
pChk1_ref100_24h=0.0067813604;
pChk1_ref100_48h=0.0084917427;
kd_pChk1=0.0695218081;
k_cdc25=325.4785583136;
K_cdc25=1.2838176540;
kf_p53=0.0006813840;
k_p53=34.8929956275;
K_ATR=0.0004421698;
p53ser46_ref50_72h=0.0005546509;
kp_ser46=3.6336078523;
K_p53=0.6561425525;
upAsy=0.1648674989;
sness=0.0029157066;
k_apop=0.0658610816;
tED50=278.4089791102;
cell_pop_norm0_Jack_MGMT_P=73.7319750948;
k_dis=0.0169230900;

%%%%%%%%%

cost=123.4478693140;

%%%%%%%%%

