TMZout0_Ka_XTMZ(norm)=0.48577;
MGMT_P0(norm)=0.40685;
k_MGMT(norm)=0.33550;
k_addO(norm)=0.26382;
k_addN(norm)=0.55649;
DSB_72h_fac(norm)=0.38928;
k_DSBO(norm)=0.20238;
k_DSBN(norm)=0.44685;
k_CyA(norm)=0.49015;
fVX(norm)=0.56266;
kf_ATR_MGMT_P(norm)=0.76722;
k_ATR(norm)=0.36324;
K_add(norm)=0.48134;
kd_pATR(norm)=0.62344;
k_Chk1(norm)=0.54356;
C_Chk1(norm)=0.80114;
pChk1_ref12_5_24h(norm)=0.40996;
pChk1_ref100_24h(norm)=0.47615;
pChk1_ref100_48h(norm)=0.60094;
kd_pChk1(norm)=0.61527;
k_cdc25(norm)=0.60815;
K_cdc25(norm)=0.52571;
kf_p53(norm)=0.47269;
k_p53(norm)=0.59078;
K_ATR(norm)=0.27510;
p53ser46_ref50_72h(norm)=0.65769;
kp_ser46(norm)=0.78078;
K_p53(norm)=0.71067;
upAsy(norm)=0.47180;
sness(norm)=0.25846;
k_apop(norm)=0.31614;
tED50(norm)=0.99203;
cell_pop_norm0_Jack_MGMT_P(norm)=0.58666;
k_dis(norm)=0.48650;

%%%%%%%%%

TMZout0_Ka_XTMZ=34.6572558336;
MGMT_P0=1.7289696717;
k_MGMT=37.9663951416;
k_addO=0.0084333351;
k_addN=0.1479172390;
DSB_72h_fac=0.8977057167;
k_DSBO=0.0002264304;
k_DSBN=0.0000328292;
k_CyA=1.8820177713;
fVX=0.0013836129;
kf_ATR_MGMT_P=0.0000126685;
k_ATR=0.0172234732;
K_add=0.0000642161;
kd_pATR=0.0040059035;
k_Chk1=463.6428673880;
C_Chk1=0.8934150823;
pChk1_ref12_5_24h=0.0065682117;
pChk1_ref100_24h=0.0069629428;
pChk1_ref100_48h=0.0087501783;
kd_pChk1=0.0837509917;
k_cdc25=245.9234578747;
K_cdc25=1.2825024679;
kf_p53=0.0006282025;
k_p53=37.3242435584;
K_ATR=0.0003190242;
p53ser46_ref50_72h=0.0005793209;
kp_ser46=4.5380758240;
K_p53=0.5889583692;
upAsy=0.2288810769;
sness=0.0031566898;
k_apop=0.0507970963;
tED50=525.9181973523;
cell_pop_norm0_Jack_MGMT_P=86.2925966900;
k_dis=0.0149119319;

%%%%%%%%%

cost=235.9487453118;

%%%%%%%%%

