TMZout0_Ka_XTMZ(norm)=0.27613;
MGMT_P0(norm)=0.71359;
k_MGMT(norm)=0.56424;
k_addO(norm)=0.91585;
k_addN(norm)=0.39304;
DSB_72h_fac(norm)=0.12204;
k_DSBO(norm)=0.55594;
k_DSBN(norm)=0.35286;
k_CyA(norm)=0.65285;
fVX(norm)=0.17562;
kf_ATR_MGMT_P(norm)=0.91049;
k_ATR(norm)=0.39045;
K_add(norm)=0.47293;
kd_pATR(norm)=0.74541;
k_Chk1(norm)=0.65819;
C_Chk1(norm)=0.24139;
pChk1_ref12_5_24h(norm)=0.44148;
pChk1_ref100_24h(norm)=0.61258;
pChk1_ref100_48h(norm)=0.44606;
kd_pChk1(norm)=0.18359;
k_cdc25(norm)=0.61149;
K_cdc25(norm)=0.52541;
kf_p53(norm)=0.28821;
k_p53(norm)=0.48025;
K_ATR(norm)=0.22596;
p53ser46_ref50_72h(norm)=0.79089;
kp_ser46(norm)=1.00000;
K_p53(norm)=0.22218;
upAsy(norm)=0.60048;
sness(norm)=0.27888;
k_apop(norm)=0.81713;
tED50(norm)=0.08481;
cell_pop_norm0_Jack_MGMT_P(norm)=0.02065;
k_dis(norm)=0.67723;

%%%%%%%%%

TMZout0_Ka_XTMZ=33.0287723157;
MGMT_P0=2.1037516352;
k_MGMT=38.5520097667;
k_addO=0.0134726031;
k_addN=0.0973429514;
DSB_72h_fac=0.7185888976;
k_DSBO=0.0003161010;
k_DSBN=0.0000336070;
k_CyA=2.4810189597;
fVX=0.0008983110;
kf_ATR_MGMT_P=0.0000140911;
k_ATR=0.0208760038;
K_add=0.0000680125;
kd_pATR=0.0038739077;
k_Chk1=429.6458290342;
C_Chk1=0.5671773695;
pChk1_ref12_5_24h=0.0068670637;
pChk1_ref100_24h=0.0079513801;
pChk1_ref100_48h=0.0080499244;
kd_pChk1=0.0541770024;
k_cdc25=260.3783487716;
K_cdc25=1.2534336832;
kf_p53=0.0004593478;
k_p53=33.6820571882;
K_ATR=0.0003474087;
p53ser46_ref50_72h=0.0005581626;
kp_ser46=4.7845179616;
K_p53=0.4531040162;
upAsy=0.2522235388;
sness=0.0029392407;
k_apop=0.0803820919;
tED50=285.7407910937;
cell_pop_norm0_Jack_MGMT_P=70.5173829439;
k_dis=0.0176564556;

%%%%%%%%%

cost=310.9406866123;

%%%%%%%%%

