TMZout0_Ka_XTMZ(norm)=0.38120;
MGMT_P0(norm)=0.33011;
k_MGMT(norm)=0.92445;
k_addO(norm)=0.39836;
k_addN(norm)=0.47898;
DSB_72h_fac(norm)=0.37829;
k_DSBO(norm)=0.26002;
k_DSBN(norm)=0.26270;
k_CyA(norm)=0.50482;
fVX(norm)=0.84919;
kf_ATR_MGMT_P(norm)=0.68655;
k_ATR(norm)=0.72537;
K_add(norm)=0.24767;
kd_pATR(norm)=0.21028;
k_Chk1(norm)=0.45558;
C_Chk1(norm)=0.38252;
pChk1_ref12_5_24h(norm)=0.28018;
pChk1_ref100_24h(norm)=0.47696;
pChk1_ref100_48h(norm)=0.46141;
kd_pChk1(norm)=0.72947;
k_cdc25(norm)=0.79835;
K_cdc25(norm)=0.50138;
kf_p53(norm)=0.87518;
k_p53(norm)=0.00010;
K_ATR(norm)=0.00010;
p53ser46_ref50_72h(norm)=0.98129;
kp_ser46(norm)=0.27188;
K_p53(norm)=0.94312;
upAsy(norm)=1.00000;
sness(norm)=0.71535;
k_apop(norm)=0.70087;
tED50(norm)=0.47124;
cell_pop_norm0_Jack_MGMT_P(norm)=0.03835;
k_dis(norm)=0.55505;

%%%%%%%%%

TMZout0_Ka_XTMZ=33.8351687934;
MGMT_P0=1.7360583681;
k_MGMT=55.7977580527;
k_addO=0.0093159557;
k_addN=0.1277724860;
DSB_72h_fac=0.8777234643;
k_DSBO=0.0002417522;
k_DSBN=0.0000315540;
k_CyA=1.9357012313;
fVX=0.0017183901;
kf_ATR_MGMT_P=0.0000118471;
k_ATR=0.0214175966;
K_add=0.0000545178;
kd_pATR=0.0023125719;
k_Chk1=390.1508235322;
C_Chk1=0.6276132479;
pChk1_ref12_5_24h=0.0054925781;
pChk1_ref100_24h=0.0064976536;
pChk1_ref100_48h=0.0075307082;
kd_pChk1=0.0886794436;
k_cdc25=354.4538972183;
K_cdc25=1.2476890301;
kf_p53=0.0008598559;
k_p53=18.2811532904;
K_ATR=0.0002098135;
p53ser46_ref50_72h=0.0007734452;
kp_ser46=3.2640038145;
K_p53=1.1196700368;
upAsy=0.3942703407;
sness=0.0044098298;
k_apop=0.0700510918;
tED50=371.9268563869;
cell_pop_norm0_Jack_MGMT_P=70.9640895178;
k_dis=0.0158471403;

%%%%%%%%%

cost=310.5249197633;

%%%%%%%%%

