TMZout0_Ka_XTMZ(norm)=0.25877;
MGMT_P0(norm)=0.67496;
k_MGMT(norm)=0.91424;
k_addO(norm)=0.64440;
k_addN(norm)=0.67624;
DSB_72h_fac(norm)=0.71280;
k_DSBO(norm)=0.67639;
k_DSBN(norm)=0.56676;
k_CyA(norm)=0.52743;
fVX(norm)=0.50063;
kf_ATR_MGMT_P(norm)=0.61322;
k_ATR(norm)=0.66051;
K_add(norm)=0.70219;
kd_pATR(norm)=0.40638;
k_Chk1(norm)=0.40698;
C_Chk1(norm)=0.60834;
pChk1_ref12_5_24h(norm)=0.45089;
pChk1_ref100_24h(norm)=0.45141;
pChk1_ref100_48h(norm)=0.44242;
kd_pChk1(norm)=0.70929;
k_cdc25(norm)=0.64913;
K_cdc25(norm)=0.59067;
kf_p53(norm)=0.17674;
k_p53(norm)=0.38475;
K_ATR(norm)=0.53230;
p53ser46_ref50_72h(norm)=0.20834;
kp_ser46(norm)=0.61170;
K_p53(norm)=0.40814;
upAsy(norm)=0.45106;
sness(norm)=0.55226;
k_apop(norm)=0.57498;
tED50(norm)=0.79827;
cell_pop_norm0_Jack_MGMT_P(norm)=0.15282;
k_dis(norm)=0.60795;

%%%%%%%%%

TMZout0_Ka_XTMZ=32.8973943723;
MGMT_P0=2.0553484111;
k_MGMT=51.8610227079;
k_addO=0.0107044548;
k_addN=0.1237413418;
DSB_72h_fac=1.1255816348;
k_DSBO=0.0003500642;
k_DSBN=0.0000402844;
k_CyA=2.2308785974;
fVX=0.0011831033;
kf_ATR_MGMT_P=0.0000109536;
k_ATR=0.0262436253;
K_add=0.0000825946;
kd_pATR=0.0029066563;
k_Chk1=347.2733399595;
C_Chk1=0.7740094536;
pChk1_ref12_5_24h=0.0069220171;
pChk1_ref100_24h=0.0069364600;
pChk1_ref100_48h=0.0080251341;
kd_pChk1=0.0845785296;
k_cdc25=268.8177442572;
K_cdc25=1.3246887070;
kf_p53=0.0004179506;
k_p53=31.0639320433;
K_ATR=0.0004503655;
p53ser46_ref50_72h=0.0003407169;
kp_ser46=3.4431320310;
K_p53=0.5304286178;
upAsy=0.2222281224;
sness=0.0037053675;
k_apop=0.0654714342;
tED50=523.0103877809;
cell_pop_norm0_Jack_MGMT_P=73.9212915576;
k_dis=0.0166497632;

%%%%%%%%%

cost=123.8683886167;

%%%%%%%%%

