TMZout0_Ka_XTMZ(norm)=0.60328;
MGMT_P0(norm)=0.31264;
k_MGMT(norm)=0.47106;
k_addO(norm)=0.00010;
k_addN(norm)=0.31092;
DSB_72h_fac(norm)=0.48435;
k_DSBO(norm)=0.34921;
k_DSBN(norm)=0.54284;
k_CyA(norm)=0.58092;
fVX(norm)=0.00010;
kf_ATR_MGMT_P(norm)=0.34703;
k_ATR(norm)=0.46229;
K_add(norm)=0.76507;
kd_pATR(norm)=0.05375;
k_Chk1(norm)=1.00000;
C_Chk1(norm)=0.66488;
pChk1_ref12_5_24h(norm)=0.18167;
pChk1_ref100_24h(norm)=0.27743;
pChk1_ref100_48h(norm)=1.00000;
kd_pChk1(norm)=0.75931;
k_cdc25(norm)=0.82162;
K_cdc25(norm)=1.00000;
kf_p53(norm)=0.41606;
k_p53(norm)=0.07502;
K_ATR(norm)=0.35732;
p53ser46_ref50_72h(norm)=0.69875;
kp_ser46(norm)=0.00010;
K_p53(norm)=0.08349;
upAsy(norm)=0.00010;
sness(norm)=0.82885;
k_apop(norm)=1.00000;
tED50(norm)=0.81168;
cell_pop_norm0_Jack_MGMT_P(norm)=0.73578;
k_dis(norm)=0.04913;

%%%%%%%%%

TMZout0_Ka_XTMZ=35.6049704239;
MGMT_P0=1.7196327339;
k_MGMT=37.9997520073;
k_addO=0.0066478063;
k_addN=0.1108143553;
DSB_72h_fac=0.9504952171;
k_DSBO=0.0002607302;
k_DSBN=0.0000400072;
k_CyA=2.0646156453;
fVX=0.0008369071;
kf_ATR_MGMT_P=0.0000088854;
k_ATR=0.0171381584;
K_add=0.0000845139;
kd_pATR=0.0020253259;
k_Chk1=618.8241201006;
C_Chk1=0.7972466218;
pChk1_ref12_5_24h=0.0050527357;
pChk1_ref100_24h=0.0054869630;
pChk1_ref100_48h=0.0118856711;
kd_pChk1=0.0909500120;
k_cdc25=361.5127212520;
K_cdc25=1.9036550126;
kf_p53=0.0005827472;
k_p53=19.4792886284;
K_ATR=0.0002839763;
p53ser46_ref50_72h=0.0006087806;
kp_ser46=2.5926400881;
K_p53=0.5404653551;
upAsy=0.1689873208;
sness=0.0048549939;
k_apop=0.0902583664;
tED50=496.2827376288;
cell_pop_norm0_Jack_MGMT_P=91.0065003080;
k_dis=0.0103224688;

%%%%%%%%%

cost=849.8456570134;

%%%%%%%%%

