TMZout0_Ka_XTMZ(norm)=0.50378;
MGMT_P0(norm)=0.89028;
k_MGMT(norm)=0.33537;
k_addO(norm)=0.47184;
k_addN(norm)=0.55222;
DSB_72h_fac(norm)=0.83515;
k_DSBO(norm)=0.21331;
k_DSBN(norm)=0.87222;
k_CyA(norm)=0.62109;
fVX(norm)=0.72907;
kf_ATR_MGMT_P(norm)=0.99092;
k_ATR(norm)=0.40033;
K_add(norm)=0.65669;
kd_pATR(norm)=0.94349;
k_Chk1(norm)=0.88654;
C_Chk1(norm)=0.28560;
pChk1_ref12_5_24h(norm)=0.03390;
pChk1_ref100_24h(norm)=0.34946;
pChk1_ref100_48h(norm)=0.19342;
kd_pChk1(norm)=0.52232;
k_cdc25(norm)=0.33761;
K_cdc25(norm)=0.43265;
kf_p53(norm)=0.15276;
k_p53(norm)=0.73843;
K_ATR(norm)=0.05146;
p53ser46_ref50_72h(norm)=0.00010;
kp_ser46(norm)=0.54193;
K_p53(norm)=0.81223;
upAsy(norm)=0.55937;
sness(norm)=0.57988;
k_apop(norm)=0.45654;
tED50(norm)=0.76963;
cell_pop_norm0_Jack_MGMT_P(norm)=0.65901;
k_dis(norm)=0.56553;

%%%%%%%%%

TMZout0_Ka_XTMZ=34.8008672514;
MGMT_P0=2.3400692955;
k_MGMT=31.7562262796;
k_addO=0.0092484102;
k_addN=0.1113976287;
DSB_72h_fac=1.2352125583;
k_DSBO=0.0002364539;
k_DSBN=0.0000521842;
k_CyA=2.4151473836;
fVX=0.0014357616;
kf_ATR_MGMT_P=0.0000150849;
k_ATR=0.0210515461;
K_add=0.0000794707;
kd_pATR=0.0045818357;
k_Chk1=521.3625267873;
C_Chk1=0.5888231020;
pChk1_ref12_5_24h=0.0048617346;
pChk1_ref100_24h=0.0063624331;
pChk1_ref100_48h=0.0064987169;
kd_pChk1=0.0721869743;
k_cdc25=206.4541257500;
K_cdc25=1.1586912613;
kf_p53=0.0004095423;
k_p53=41.9181782643;
K_ATR=0.0002996580;
p53ser46_ref50_72h=0.0002856058;
kp_ser46=3.2454739289;
K_p53=0.7470043047;
upAsy=0.2435883630;
sness=0.0037931094;
k_apop=0.0592202031;
tED50=510.4731835530;
cell_pop_norm0_Jack_MGMT_P=88.5482901223;
k_dis=0.0160619230;

%%%%%%%%%

cost=264.6421139855;

%%%%%%%%%

