TMZout0_Ka_XTMZ(norm)=0.10141;
MGMT_P0(norm)=0.33450;
k_MGMT(norm)=0.32444;
k_addO(norm)=0.21365;
k_addN(norm)=0.50420;
DSB_72h_fac(norm)=0.10734;
k_DSBO(norm)=0.00010;
k_DSBN(norm)=0.29573;
k_CyA(norm)=0.76252;
fVX(norm)=0.22312;
kf_ATR_MGMT_P(norm)=0.81987;
k_ATR(norm)=0.52807;
K_add(norm)=0.55944;
kd_pATR(norm)=0.23465;
k_Chk1(norm)=0.23177;
C_Chk1(norm)=0.86756;
pChk1_ref12_5_24h(norm)=0.40318;
pChk1_ref100_24h(norm)=0.66306;
pChk1_ref100_48h(norm)=0.63266;
kd_pChk1(norm)=0.52659;
k_cdc25(norm)=0.69070;
K_cdc25(norm)=0.85607;
kf_p53(norm)=0.20701;
k_p53(norm)=0.62452;
K_ATR(norm)=0.58273;
p53ser46_ref50_72h(norm)=0.21147;
kp_ser46(norm)=0.63728;
K_p53(norm)=0.01938;
upAsy(norm)=0.29713;
sness(norm)=0.78382;
k_apop(norm)=0.43607;
tED50(norm)=1.00000;
cell_pop_norm0_Jack_MGMT_P(norm)=0.84278;
k_dis(norm)=0.26070;

%%%%%%%%%

TMZout0_Ka_XTMZ=31.7301833274;
MGMT_P0=1.6529133894;
k_MGMT=37.6121867692;
k_addO=0.0080824037;
k_addN=0.1415068665;
DSB_72h_fac=0.7312018355;
k_DSBO=0.0001907665;
k_DSBN=0.0000288837;
k_CyA=2.3705394394;
fVX=0.0010376972;
kf_ATR_MGMT_P=0.0000132464;
k_ATR=0.0198050584;
K_add=0.0000686093;
kd_pATR=0.0028815945;
k_Chk1=356.0012261711;
C_Chk1=0.9451383014;
pChk1_ref12_5_24h=0.0065305710;
pChk1_ref100_24h=0.0081577757;
pChk1_ref100_48h=0.0089885148;
kd_pChk1=0.0776892217;
k_cdc25=263.7400707311;
K_cdc25=1.6967617898;
kf_p53=0.0005015739;
k_p53=38.4067706817;
K_ATR=0.0004140213;
p53ser46_ref50_72h=0.0003969357;
kp_ser46=4.0185455698;
K_p53=0.3278738360;
upAsy=0.1973944577;
sness=0.0049266354;
k_apop=0.0562299533;
tED50=529.4799787438;
cell_pop_norm0_Jack_MGMT_P=94.5465420288;
k_dis=0.0123152943;

%%%%%%%%%

cost=390.2169221255;

%%%%%%%%%

