TMZout0_Ka_XTMZ(norm)=0.49898;
MGMT_P0(norm)=0.49688;
k_MGMT(norm)=0.79499;
k_addO(norm)=0.26450;
k_addN(norm)=0.89069;
DSB_72h_fac(norm)=0.79599;
k_DSBO(norm)=0.39329;
k_DSBN(norm)=0.70098;
k_CyA(norm)=0.31437;
fVX(norm)=0.58372;
kf_ATR_MGMT_P(norm)=0.53639;
k_ATR(norm)=0.99754;
K_add(norm)=0.77985;
kd_pATR(norm)=0.39699;
k_Chk1(norm)=0.41258;
C_Chk1(norm)=0.59795;
pChk1_ref12_5_24h(norm)=0.37321;
pChk1_ref100_24h(norm)=0.49335;
pChk1_ref100_48h(norm)=0.59076;
kd_pChk1(norm)=0.71375;
k_cdc25(norm)=0.24868;
K_cdc25(norm)=0.67713;
kf_p53(norm)=0.27743;
k_p53(norm)=0.32877;
K_ATR(norm)=0.61936;
p53ser46_ref50_72h(norm)=0.45001;
kp_ser46(norm)=0.25048;
K_p53(norm)=0.22218;
upAsy(norm)=0.65892;
sness(norm)=0.73020;
k_apop(norm)=0.86224;
tED50(norm)=0.81698;
cell_pop_norm0_Jack_MGMT_P(norm)=0.28626;
k_dis(norm)=0.48694;

%%%%%%%%%

TMZout0_Ka_XTMZ=34.7625716691;
MGMT_P0=1.8462337269;
k_MGMT=46.8767344213;
k_addO=0.0077583486;
k_addN=0.1483977087;
DSB_72h_fac=1.1990154262;
k_DSBO=0.0002754078;
k_DSBN=0.0000451364;
k_CyA=1.8624229566;
fVX=0.0012694055;
kf_ATR_MGMT_P=0.0000102632;
k_ATR=0.0349174099;
K_add=0.0000882121;
kd_pATR=0.0028836332;
k_Chk1=348.9260127803;
C_Chk1=0.7672278822;
pChk1_ref12_5_24h=0.0064810779;
pChk1_ref100_24h=0.0071873871;
pChk1_ref100_48h=0.0090998979;
kd_pChk1=0.0848985410;
k_cdc25=191.4702503616;
K_cdc25=1.4253819184;
kf_p53=0.0004551727;
k_p53=29.6248860338;
K_ATR=0.0004848431;
p53ser46_ref50_72h=0.0004181416;
kp_ser46=2.5353160476;
K_p53=0.4531025303;
upAsy=0.2650253480;
sness=0.0043083326;
k_apop=0.0835132970;
tED50=531.3690321701;
cell_pop_norm0_Jack_MGMT_P=77.5248688993;
k_dis=0.0150272680;

%%%%%%%%%

cost=189.2947874719;

%%%%%%%%%

