TMZout0_Ka_XTMZ(norm)=0.12610;
MGMT_P0(norm)=0.62850;
k_MGMT(norm)=0.87250;
k_addO(norm)=0.33311;
k_addN(norm)=0.47907;
DSB_72h_fac(norm)=0.41296;
k_DSBO(norm)=0.66380;
k_DSBN(norm)=0.41278;
k_CyA(norm)=0.21627;
fVX(norm)=0.69117;
kf_ATR_MGMT_P(norm)=0.78955;
k_ATR(norm)=0.25283;
K_add(norm)=0.52200;
kd_pATR(norm)=0.56178;
k_Chk1(norm)=0.51508;
C_Chk1(norm)=0.45261;
pChk1_ref12_5_24h(norm)=0.36397;
pChk1_ref100_24h(norm)=0.60489;
pChk1_ref100_48h(norm)=0.79428;
kd_pChk1(norm)=0.80913;
k_cdc25(norm)=0.70157;
K_cdc25(norm)=0.29520;
kf_p53(norm)=0.67568;
k_p53(norm)=0.52660;
K_ATR(norm)=0.00010;
p53ser46_ref50_72h(norm)=0.64132;
kp_ser46(norm)=0.23159;
K_p53(norm)=0.69771;
upAsy(norm)=0.21515;
sness(norm)=0.42727;
k_apop(norm)=0.59020;
tED50(norm)=0.63921;
cell_pop_norm0_Jack_MGMT_P(norm)=0.22611;
k_dis(norm)=0.80480;

%%%%%%%%%

TMZout0_Ka_XTMZ=31.9105801759;
MGMT_P0=1.9844178570;
k_MGMT=59.8412514704;
k_addO=0.0089433107;
k_addN=0.1385260070;
DSB_72h_fac=0.9133048169;
k_DSBO=0.0003347574;
k_DSBN=0.0000318949;
k_CyA=1.4922534500;
fVX=0.0015427780;
kf_ATR_MGMT_P=0.0000129105;
k_ATR=0.0156853631;
K_add=0.0000664670;
kd_pATR=0.0038019702;
k_Chk1=452.5905926551;
C_Chk1=0.6649741062;
pChk1_ref12_5_24h=0.0063171705;
pChk1_ref100_24h=0.0077654794;
pChk1_ref100_48h=0.0103077029;
kd_pChk1=0.0987024729;
k_cdc25=266.1806648907;
K_cdc25=1.0549585379;
kf_p53=0.0007460938;
k_p53=35.3489845048;
K_ATR=0.0002527144;
p53ser46_ref50_72h=0.0005713415;
kp_ser46=2.8496016827;
K_p53=0.5825264471;
upAsy=0.1841480660;
sness=0.0036420929;
k_apop=0.0640744469;
tED50=390.0215126483;
cell_pop_norm0_Jack_MGMT_P=75.8793347789;
k_dis=0.0195280544;

%%%%%%%%%

cost=239.6663473500;

%%%%%%%%%

