TMZout0_Ka_XTMZ(norm)=0.27595;
MGMT_P0(norm)=0.49910;
k_MGMT(norm)=0.00010;
k_addO(norm)=0.23318;
k_addN(norm)=0.00010;
DSB_72h_fac(norm)=0.65548;
k_DSBO(norm)=0.77247;
k_DSBN(norm)=0.71386;
k_CyA(norm)=0.50529;
fVX(norm)=0.44661;
kf_ATR_MGMT_P(norm)=0.12857;
k_ATR(norm)=1.00000;
K_add(norm)=0.00010;
kd_pATR(norm)=0.92564;
k_Chk1(norm)=0.34605;
C_Chk1(norm)=0.94986;
pChk1_ref12_5_24h(norm)=0.32026;
pChk1_ref100_24h(norm)=0.30070;
pChk1_ref100_48h(norm)=0.67452;
kd_pChk1(norm)=0.97252;
k_cdc25(norm)=0.00010;
K_cdc25(norm)=0.87994;
kf_p53(norm)=0.14374;
k_p53(norm)=0.77162;
K_ATR(norm)=0.23768;
p53ser46_ref50_72h(norm)=0.52448;
kp_ser46(norm)=0.57209;
K_p53(norm)=0.70394;
upAsy(norm)=0.49553;
sness(norm)=0.81774;
k_apop(norm)=0.03457;
tED50(norm)=0.00010;
cell_pop_norm0_Jack_MGMT_P(norm)=0.12762;
k_dis(norm)=0.00010;

%%%%%%%%%

TMZout0_Ka_XTMZ=33.0274296072;
MGMT_P0=1.9033483645;
k_MGMT=25.4963091117;
k_addO=0.0080992497;
k_addN=0.0851569238;
DSB_72h_fac=1.0808437208;
k_DSBO=0.0003731986;
k_DSBN=0.0000462455;
k_CyA=1.9364756433;
fVX=0.0012217481;
kf_ATR_MGMT_P=0.0000073839;
k_ATR=0.0270288705;
K_add=0.0000442015;
kd_pATR=0.0042396414;
k_Chk1=355.5741519108;
C_Chk1=1.0149855111;
pChk1_ref12_5_24h=0.0056823386;
pChk1_ref100_24h=0.0055962497;
pChk1_ref100_48h=0.0090209767;
kd_pChk1=0.1089575006;
k_cdc25=180.2280146999;
K_cdc25=1.7195200009;
kf_p53=0.0004626721;
k_p53=35.1484253399;
K_ATR=0.0002566008;
p53ser46_ref50_72h=0.0005252123;
kp_ser46=4.2094210929;
K_p53=0.9142818530;
upAsy=0.2571347521;
sness=0.0048094944;
k_apop=0.0398319438;
tED50=249.5099207946;
cell_pop_norm0_Jack_MGMT_P=73.2599029648;
k_dis=0.0099024187;

%%%%%%%%%

cost=100000.0000000000;

%%%%%%%%%

