TMZout0_Ka_XTMZ(norm)=0.33058;
MGMT_P0(norm)=0.00010;
k_MGMT(norm)=0.75050;
k_addO(norm)=0.00010;
k_addN(norm)=0.45070;
DSB_72h_fac(norm)=0.47462;
k_DSBO(norm)=0.54289;
k_DSBN(norm)=0.03853;
k_CyA(norm)=0.06732;
fVX(norm)=0.00010;
kf_ATR_MGMT_P(norm)=0.14515;
k_ATR(norm)=0.65442;
K_add(norm)=0.17071;
kd_pATR(norm)=1.00000;
k_Chk1(norm)=0.34584;
C_Chk1(norm)=0.07893;
pChk1_ref12_5_24h(norm)=0.97725;
pChk1_ref100_24h(norm)=0.51252;
pChk1_ref100_48h(norm)=0.72640;
kd_pChk1(norm)=0.56210;
k_cdc25(norm)=0.72366;
K_cdc25(norm)=0.25757;
kf_p53(norm)=0.70385;
k_p53(norm)=0.09289;
K_ATR(norm)=0.22031;
p53ser46_ref50_72h(norm)=0.88828;
kp_ser46(norm)=0.51576;
K_p53(norm)=0.12084;
upAsy(norm)=0.31368;
sness(norm)=0.44638;
k_apop(norm)=0.04156;
tED50(norm)=0.96051;
cell_pop_norm0_Jack_MGMT_P(norm)=0.15389;
k_dis(norm)=0.47570;

%%%%%%%%%

TMZout0_Ka_XTMZ=33.4442274719;
MGMT_P0=1.3426454420;
k_MGMT=53.9647269678;
k_addO=0.0067446269;
k_addN=0.1352350963;
DSB_72h_fac=0.9552160718;
k_DSBO=0.0003021586;
k_DSBN=0.0000232277;
k_CyA=1.3153159050;
fVX=0.0008590255;
kf_ATR_MGMT_P=0.0000074786;
k_ATR=0.0220430217;
K_add=0.0000493560;
kd_pATR=0.0055114322;
k_Chk1=392.1289382497;
C_Chk1=0.4845049722;
pChk1_ref12_5_24h=0.0106217074;
pChk1_ref100_24h=0.0071809038;
pChk1_ref100_48h=0.0097316032;
kd_pChk1=0.0800619219;
k_cdc25=271.2086610953;
K_cdc25=1.0218520960;
kf_p53=0.0007641220;
k_p53=24.4781701328;
K_ATR=0.0003045531;
p53ser46_ref50_72h=0.0007043173;
kp_ser46=3.6253626094;
K_p53=0.3573075540;
upAsy=0.2001818474;
sness=0.0037015522;
k_apop=0.0402529021;
tED50=512.0562233585;
cell_pop_norm0_Jack_MGMT_P=73.9495583423;
k_dis=0.0147760202;

%%%%%%%%%

cost=100000.0000000000;

%%%%%%%%%

