TMZout0_Ka_XTMZ(norm)=0.49092;
MGMT_P0(norm)=0.79329;
k_MGMT(norm)=0.85450;
k_addO(norm)=0.66802;
k_addN(norm)=0.91896;
DSB_72h_fac(norm)=0.78239;
k_DSBO(norm)=0.52777;
k_DSBN(norm)=0.40612;
k_CyA(norm)=0.54064;
fVX(norm)=0.50573;
kf_ATR_MGMT_P(norm)=0.61744;
k_ATR(norm)=0.40939;
K_add(norm)=0.55173;
kd_pATR(norm)=0.60895;
k_Chk1(norm)=0.19597;
C_Chk1(norm)=0.57116;
pChk1_ref12_5_24h(norm)=0.31234;
pChk1_ref100_24h(norm)=0.31211;
pChk1_ref100_48h(norm)=0.33977;
kd_pChk1(norm)=0.57446;
k_cdc25(norm)=0.27457;
K_cdc25(norm)=0.70585;
kf_p53(norm)=0.13164;
k_p53(norm)=0.65304;
K_ATR(norm)=0.46771;
p53ser46_ref50_72h(norm)=0.23914;
kp_ser46(norm)=0.79686;
K_p53(norm)=0.18732;
upAsy(norm)=0.19994;
sness(norm)=0.60480;
k_apop(norm)=0.52822;
tED50(norm)=0.60285;
cell_pop_norm0_Jack_MGMT_P(norm)=0.15158;
k_dis(norm)=0.59062;

%%%%%%%%%

TMZout0_Ka_XTMZ=34.6982325579;
MGMT_P0=2.2072362617;
k_MGMT=49.3012114169;
k_addO=0.0109208361;
k_addN=0.1519951272;
DSB_72h_fac=1.1866920093;
k_DSBO=0.0003086452;
k_DSBN=0.0000351581;
k_CyA=2.2560063724;
fVX=0.0011882336;
kf_ATR_MGMT_P=0.0000109929;
k_ATR=0.0212136469;
K_add=0.0000727085;
kd_pATR=0.0034509106;
k_Chk1=290.4180220598;
C_Chk1=0.7500055064;
pChk1_ref12_5_24h=0.0061552931;
pChk1_ref100_24h=0.0061642041;
pChk1_ref100_48h=0.0073566245;
kd_pChk1=0.0754476550;
k_cdc25=195.7169099259;
K_cdc25=1.4604852539;
kf_p53=0.0004022803;
k_p53=38.9925554702;
K_ATR=0.0004263825;
p53ser46_ref50_72h=0.0003497262;
kp_ser46=4.0279797673;
K_p53=0.4399151929;
upAsy=0.1796370986;
sness=0.0038740669;
k_apop=0.0629281954;
tED50=443.2009131118;
cell_pop_norm0_Jack_MGMT_P=73.8887923297;
k_dis=0.0164071046;

%%%%%%%%%

cost=124.3372227453;

%%%%%%%%%

