TMZout0_Ka_XTMZ(norm)=0.25366;
MGMT_P0(norm)=0.73609;
k_MGMT(norm)=0.77785;
k_addO(norm)=0.55905;
k_addN(norm)=0.29882;
DSB_72h_fac(norm)=0.67657;
k_DSBO(norm)=0.63729;
k_DSBN(norm)=0.66325;
k_CyA(norm)=0.74229;
fVX(norm)=0.64055;
kf_ATR_MGMT_P(norm)=0.58179;
k_ATR(norm)=0.61437;
K_add(norm)=0.73239;
kd_pATR(norm)=0.17003;
k_Chk1(norm)=0.36561;
C_Chk1(norm)=0.59418;
pChk1_ref12_5_24h(norm)=0.38922;
pChk1_ref100_24h(norm)=0.39375;
pChk1_ref100_48h(norm)=0.43995;
kd_pChk1(norm)=0.72470;
k_cdc25(norm)=0.86157;
K_cdc25(norm)=0.64198;
kf_p53(norm)=0.17175;
k_p53(norm)=0.47657;
K_ATR(norm)=0.49171;
p53ser46_ref50_72h(norm)=0.23891;
kp_ser46(norm)=0.50023;
K_p53(norm)=0.43881;
upAsy(norm)=0.22760;
sness(norm)=0.39289;
k_apop(norm)=0.65636;
tED50(norm)=0.74359;
cell_pop_norm0_Jack_MGMT_P(norm)=0.15222;
k_dis(norm)=0.61180;

%%%%%%%%%

TMZout0_Ka_XTMZ=32.8588645366;
MGMT_P0=2.1654470161;
k_MGMT=49.2802352732;
k_addO=0.0106747909;
k_addN=0.1096840871;
DSB_72h_fac=1.0980983740;
k_DSBO=0.0003328107;
k_DSBN=0.0000443044;
k_CyA=2.3671295704;
fVX=0.0014399519;
kf_ATR_MGMT_P=0.0000108408;
k_ATR=0.0194950178;
K_add=0.0000822060;
kd_pATR=0.0022350183;
k_Chk1=361.5138314917;
C_Chk1=0.7508932325;
pChk1_ref12_5_24h=0.0060242423;
pChk1_ref100_24h=0.0060553158;
pChk1_ref100_48h=0.0073950093;
kd_pChk1=0.0883215888;
k_cdc25=373.9583909004;
K_cdc25=1.4055432017;
kf_p53=0.0004737830;
k_p53=27.3737173333;
K_ATR=0.0003182264;
p53ser46_ref50_72h=0.0004123361;
kp_ser46=3.9607619312;
K_p53=0.7303258228;
upAsy=0.2049128800;
sness=0.0033555587;
k_apop=0.0674584082;
tED50=468.4643756728;
cell_pop_norm0_Jack_MGMT_P=73.9056899084;
k_dis=0.0166276653;

%%%%%%%%%

cost=124.4083416473;

%%%%%%%%%

