TMZout0_Ka_XTMZ(norm)=0.43561;
MGMT_P0(norm)=1.00000;
k_MGMT(norm)=0.16469;
k_addO(norm)=0.51658;
k_addN(norm)=0.56798;
DSB_72h_fac(norm)=0.17970;
k_DSBO(norm)=0.42974;
k_DSBN(norm)=0.32097;
k_CyA(norm)=0.63138;
fVX(norm)=0.59711;
kf_ATR_MGMT_P(norm)=0.45141;
k_ATR(norm)=0.69473;
K_add(norm)=0.71560;
kd_pATR(norm)=0.27244;
k_Chk1(norm)=0.65835;
C_Chk1(norm)=0.28344;
pChk1_ref12_5_24h(norm)=0.45214;
pChk1_ref100_24h(norm)=0.46201;
pChk1_ref100_48h(norm)=0.40499;
kd_pChk1(norm)=0.28638;
k_cdc25(norm)=0.29142;
K_cdc25(norm)=0.38619;
kf_p53(norm)=0.25824;
k_p53(norm)=0.82531;
K_ATR(norm)=0.42907;
p53ser46_ref50_72h(norm)=0.40937;
kp_ser46(norm)=0.33198;
K_p53(norm)=0.21514;
upAsy(norm)=0.23583;
sness(norm)=0.41874;
k_apop(norm)=0.73954;
tED50(norm)=0.73877;
cell_pop_norm0_Jack_MGMT_P(norm)=0.53914;
k_dis(norm)=0.61161;

%%%%%%%%%

TMZout0_Ka_XTMZ=34.2605052403;
MGMT_P0=2.5000000000;
k_MGMT=27.4803846038;
k_addO=0.0096057332;
k_addN=0.1128959390;
DSB_72h_fac=0.7507637285;
k_DSBO=0.0002840463;
k_DSBN=0.0000327109;
k_CyA=2.4362901912;
fVX=0.0012838830;
kf_ATR_MGMT_P=0.0000095502;
k_ATR=0.0270156690;
K_add=0.0000835382;
kd_pATR=0.0025948173;
k_Chk1=429.7040881134;
C_Chk1=0.5877467214;
pChk1_ref12_5_24h=0.0069293422;
pChk1_ref100_24h=0.0069990272;
pChk1_ref100_48h=0.0077746377;
kd_pChk1=0.0591068794;
k_cdc25=198.5305827082;
K_cdc25=1.1139626998;
kf_p53=0.0004478293;
k_p53=45.1204473258;
K_ATR=0.0004126488;
p53ser46_ref50_72h=0.0004039900;
kp_ser46=2.7165887418;
K_p53=0.4504098961;
upAsy=0.1851831782;
sness=0.0033090195;
k_apop=0.0752675043;
tED50=497.2972527158;
cell_pop_norm0_Jack_MGMT_P=84.8423052497;
k_dis=0.0167015233;

%%%%%%%%%

cost=245.9726388305;

%%%%%%%%%

