TMZout0_Ka_XTMZ(norm)=0.23643;
MGMT_P0(norm)=0.89878;
k_MGMT(norm)=0.80649;
k_addO(norm)=0.61521;
k_addN(norm)=0.27861;
DSB_72h_fac(norm)=0.64820;
k_DSBO(norm)=0.58535;
k_DSBN(norm)=0.93578;
k_CyA(norm)=0.70936;
fVX(norm)=0.59979;
kf_ATR_MGMT_P(norm)=0.61733;
k_ATR(norm)=0.63540;
K_add(norm)=0.70638;
kd_pATR(norm)=0.34042;
k_Chk1(norm)=0.48832;
C_Chk1(norm)=0.60916;
pChk1_ref12_5_24h(norm)=0.63399;
pChk1_ref100_24h(norm)=0.64084;
pChk1_ref100_48h(norm)=0.68329;
kd_pChk1(norm)=0.50486;
k_cdc25(norm)=0.18654;
K_cdc25(norm)=0.59945;
kf_p53(norm)=0.62657;
k_p53(norm)=0.56252;
K_ATR(norm)=0.61702;
p53ser46_ref50_72h(norm)=0.63725;
kp_ser46(norm)=0.59455;
K_p53(norm)=0.90963;
upAsy(norm)=0.42356;
sness(norm)=0.59213;
k_apop(norm)=0.42389;
tED50(norm)=0.53227;
cell_pop_norm0_Jack_MGMT_P(norm)=0.14141;
k_dis(norm)=0.58201;

%%%%%%%%%

TMZout0_Ka_XTMZ=32.7291343618;
MGMT_P0=2.3520846892;
k_MGMT=47.3357329540;
k_addO=0.0104429380;
k_addN=0.0883480530;
DSB_72h_fac=1.0716838994;
k_DSBO=0.0003240772;
k_DSBN=0.0000550718;
k_CyA=2.6027083622;
fVX=0.0012868075;
kf_ATR_MGMT_P=0.0000109918;
k_ATR=0.0256910495;
K_add=0.0000828883;
kd_pATR=0.0027486633;
k_Chk1=372.0509966195;
C_Chk1=0.7745487809;
pChk1_ref12_5_24h=0.0080837209;
pChk1_ref100_24h=0.0081440826;
pChk1_ref100_48h=0.0098421060;
kd_pChk1=0.0711268289;
k_cdc25=181.6502134786;
K_cdc25=1.3345794882;
kf_p53=0.0006118597;
k_p53=36.1137092657;
K_ATR=0.0004838809;
p53ser46_ref50_72h=0.0004900311;
kp_ser46=3.3934624050;
K_p53=0.8112630254;
upAsy=0.2171113877;
sness=0.0038327014;
k_apop=0.0576043815;
tED50=417.4750849925;
cell_pop_norm0_Jack_MGMT_P=73.6210861960;
k_dis=0.0162878245;

%%%%%%%%%

cost=123.5512707368;

%%%%%%%%%

