TMZout0_Ka_XTMZ(norm)=0.26349;
MGMT_P0(norm)=0.82642;
k_MGMT(norm)=0.63432;
k_addO(norm)=0.59181;
k_addN(norm)=0.64053;
DSB_72h_fac(norm)=0.70203;
k_DSBO(norm)=0.60124;
k_DSBN(norm)=0.56286;
k_CyA(norm)=0.72633;
fVX(norm)=0.54736;
kf_ATR_MGMT_P(norm)=0.57513;
k_ATR(norm)=0.52807;
K_add(norm)=0.66345;
kd_pATR(norm)=0.46712;
k_Chk1(norm)=0.49348;
C_Chk1(norm)=0.61993;
pChk1_ref12_5_24h(norm)=0.51246;
pChk1_ref100_24h(norm)=0.51990;
pChk1_ref100_48h(norm)=0.54966;
kd_pChk1(norm)=0.56080;
k_cdc25(norm)=0.93124;
K_cdc25(norm)=0.58634;
kf_p53(norm)=0.70541;
k_p53(norm)=0.47823;
K_ATR(norm)=0.44629;
p53ser46_ref50_72h(norm)=0.71917;
kp_ser46(norm)=0.62055;
K_p53(norm)=0.25445;
upAsy(norm)=0.64093;
sness(norm)=0.40058;
k_apop(norm)=0.69496;
tED50(norm)=0.65659;
cell_pop_norm0_Jack_MGMT_P(norm)=0.15085;
k_dis(norm)=0.62532;

%%%%%%%%%

TMZout0_Ka_XTMZ=32.9330933780;
MGMT_P0=2.2745839800;
k_MGMT=43.6369468265;
k_addO=0.0109752420;
k_addN=0.1465149278;
DSB_72h_fac=1.1192970735;
k_DSBO=0.0003228002;
k_DSBN=0.0000406919;
k_CyA=2.3353213798;
fVX=0.0013306298;
kf_ATR_MGMT_P=0.0000107798;
k_ATR=0.0181203755;
K_add=0.0000775414;
kd_pATR=0.0028747891;
k_Chk1=402.8840274066;
C_Chk1=0.7674545198;
pChk1_ref12_5_24h=0.0066872971;
pChk1_ref100_24h=0.0067384043;
pChk1_ref100_48h=0.0081153546;
kd_pChk1=0.0768697765;
k_cdc25=396.6990750888;
K_cdc25=1.3408196104;
kf_p53=0.0007446529;
k_p53=27.4121121156;
K_ATR=0.0003062113;
p53ser46_ref50_72h=0.0006194085;
kp_ser46=4.3858365765;
K_p53=0.6247100461;
upAsy=0.2908481148;
sness=0.0033775019;
k_apop=0.0697011582;
tED50=435.1724997647;
cell_pop_norm0_Jack_MGMT_P=73.8695907798;
k_dis=0.0168192981;

%%%%%%%%%

cost=123.4388820522;

%%%%%%%%%

