TMZout0_Ka_XTMZ(norm)=0.63817;
MGMT_P0(norm)=0.61655;
k_MGMT(norm)=0.39193;
k_addO(norm)=0.00010;
k_addN(norm)=0.18100;
DSB_72h_fac(norm)=0.68888;
k_DSBO(norm)=0.04048;
k_DSBN(norm)=1.00000;
k_CyA(norm)=0.75100;
fVX(norm)=0.49941;
kf_ATR_MGMT_P(norm)=0.88401;
k_ATR(norm)=0.53955;
K_add(norm)=0.42531;
kd_pATR(norm)=0.00010;
k_Chk1(norm)=0.38806;
C_Chk1(norm)=0.14955;
pChk1_ref12_5_24h(norm)=0.28679;
pChk1_ref100_24h(norm)=0.37811;
pChk1_ref100_48h(norm)=0.66170;
kd_pChk1(norm)=0.83783;
k_cdc25(norm)=0.42758;
K_cdc25(norm)=0.78810;
kf_p53(norm)=0.25490;
k_p53(norm)=0.00010;
K_ATR(norm)=0.68030;
p53ser46_ref50_72h(norm)=0.63957;
kp_ser46(norm)=0.42496;
K_p53(norm)=0.24076;
upAsy(norm)=0.00010;
sness(norm)=0.86333;
k_apop(norm)=0.40999;
tED50(norm)=0.52087;
cell_pop_norm0_Jack_MGMT_P(norm)=0.66853;
k_dis(norm)=0.32295;

%%%%%%%%%

TMZout0_Ka_XTMZ=35.8913183074;
MGMT_P0=2.0290115234;
k_MGMT=35.5353284259;
k_addO=0.0066478063;
k_addN=0.0992631090;
DSB_72h_fac=1.1082959134;
k_DSBO=0.0002007182;
k_DSBN=0.0000589337;
k_CyA=2.3846543186;
fVX=0.0012776472;
kf_ATR_MGMT_P=0.0000140047;
k_ATR=0.0182975308;
K_add=0.0000633729;
kd_pATR=0.0019353174;
k_Chk1=368.4582146643;
C_Chk1=0.5151841968;
pChk1_ref12_5_24h=0.0055234563;
pChk1_ref100_24h=0.0059755803;
pChk1_ref100_48h=0.0089235611;
kd_pChk1=0.0972068527;
k_cdc25=258.8954591173;
K_cdc25=1.5907874142;
kf_p53=0.0005083662;
k_p53=18.2811532904;
K_ATR=0.0003733639;
p53ser46_ref50_72h=0.0005790079;
kp_ser46=3.7160472191;
K_p53=0.6175020791;
upAsy=0.1689873208;
sness=0.0049989266;
k_apop=0.0547492471;
tED50=387.9003307036;
cell_pop_norm0_Jack_MGMT_P=88.8493171101;
k_dis=0.0130178977;

%%%%%%%%%

cost=364.8831078163;

%%%%%%%%%

