TMZout0_Ka_XTMZ(norm)=0.21394;
MGMT_P0(norm)=0.26168;
k_MGMT(norm)=0.87398;
k_addO(norm)=0.71423;
k_addN(norm)=0.67452;
DSB_72h_fac(norm)=0.62438;
k_DSBO(norm)=0.54574;
k_DSBN(norm)=0.42244;
k_CyA(norm)=0.15849;
fVX(norm)=1.00000;
kf_ATR_MGMT_P(norm)=1.00000;
k_ATR(norm)=0.43511;
K_add(norm)=0.41857;
kd_pATR(norm)=0.73943;
k_Chk1(norm)=0.03270;
C_Chk1(norm)=0.20960;
pChk1_ref12_5_24h(norm)=0.70609;
pChk1_ref100_24h(norm)=0.96181;
pChk1_ref100_48h(norm)=0.85914;
kd_pChk1(norm)=0.40321;
k_cdc25(norm)=0.81295;
K_cdc25(norm)=0.08917;
kf_p53(norm)=0.45120;
k_p53(norm)=0.00010;
K_ATR(norm)=0.00010;
p53ser46_ref50_72h(norm)=0.45776;
kp_ser46(norm)=0.26708;
K_p53(norm)=0.32354;
upAsy(norm)=0.50620;
sness(norm)=0.37903;
k_apop(norm)=1.00000;
tED50(norm)=0.71837;
cell_pop_norm0_Jack_MGMT_P(norm)=0.90790;
k_dis(norm)=0.56777;

%%%%%%%%%

TMZout0_Ka_XTMZ=32.5605539825;
MGMT_P0=1.5797530219;
k_MGMT=59.9166011451;
k_addO=0.0123521484;
k_addN=0.1634751331;
DSB_72h_fac=1.0651911384;
k_DSBO=0.0003028889;
k_DSBN=0.0000321571;
k_CyA=1.4209533126;
fVX=0.0020042231;
kf_ATR_MGMT_P=0.0000154307;
k_ATR=0.0183050102;
K_add=0.0000608900;
kd_pATR=0.0044195629;
k_Chk1=300.7465329684;
C_Chk1=0.5412314904;
pChk1_ref12_5_24h=0.0084414075;
pChk1_ref100_24h=0.0105076204;
pChk1_ref100_48h=0.0108899970;
kd_pChk1=0.0699771780;
k_cdc25=292.5243239789;
K_cdc25=0.8859768526;
kf_p53=0.0006168681;
k_p53=22.6274627823;
K_ATR=0.0002527144;
p53ser46_ref50_72h=0.0004890440;
kp_ser46=2.9365829823;
K_p53=0.4242592008;
upAsy=0.2356504705;
sness=0.0034962323;
k_apop=0.0906739715;
tED50=417.0767299333;
cell_pop_norm0_Jack_MGMT_P=96.7682705655;
k_dis=0.0159749246;

%%%%%%%%%

cost=272.3289971975;

%%%%%%%%%

