TMZout0_Ka_XTMZ(norm)=0.39738;
MGMT_P0(norm)=0.80879;
k_MGMT(norm)=0.35704;
k_addO(norm)=0.35647;
k_addN(norm)=0.76592;
DSB_72h_fac(norm)=0.80673;
k_DSBO(norm)=0.28678;
k_DSBN(norm)=0.40298;
k_CyA(norm)=0.54239;
fVX(norm)=0.39770;
kf_ATR_MGMT_P(norm)=0.73204;
k_ATR(norm)=0.28934;
K_add(norm)=0.58933;
kd_pATR(norm)=0.65871;
k_Chk1(norm)=0.00010;
C_Chk1(norm)=0.33311;
pChk1_ref12_5_24h(norm)=0.58869;
pChk1_ref100_24h(norm)=0.74447;
pChk1_ref100_48h(norm)=0.89120;
kd_pChk1(norm)=0.46458;
k_cdc25(norm)=0.17696;
K_cdc25(norm)=0.33270;
kf_p53(norm)=0.66229;
k_p53(norm)=0.58563;
K_ATR(norm)=0.01032;
p53ser46_ref50_72h(norm)=0.53497;
kp_ser46(norm)=0.38881;
K_p53(norm)=0.59276;
upAsy(norm)=0.62777;
sness(norm)=0.34489;
k_apop(norm)=0.77446;
tED50(norm)=0.74756;
cell_pop_norm0_Jack_MGMT_P(norm)=0.84835;
k_dis(norm)=0.48558;

%%%%%%%%%

TMZout0_Ka_XTMZ=33.9610833881;
MGMT_P0=2.2528630358;
k_MGMT=34.5003585789;
k_addO=0.0089911559;
k_addN=0.1629382877;
DSB_72h_fac=1.2108578606;
k_DSBO=0.0002472969;
k_DSBN=0.0000355366;
k_CyA=1.9983131714;
fVX=0.0011721546;
kf_ATR_MGMT_P=0.0000123126;
k_ATR=0.0148020525;
K_add=0.0000728216;
kd_pATR=0.0033814705;
k_Chk1=265.2328093531;
C_Chk1=0.6018775369;
pChk1_ref12_5_24h=0.0071334664;
pChk1_ref100_24h=0.0081506952;
pChk1_ref100_48h=0.0108389567;
kd_pChk1=0.0708511902;
k_cdc25=209.3636087241;
K_cdc25=1.0815245093;
kf_p53=0.0007179370;
k_p53=30.0238391717;
K_ATR=0.0002116391;
p53ser46_ref50_72h=0.0005299023;
kp_ser46=3.6039487156;
K_p53=0.8320810165;
upAsy=0.2876220214;
sness=0.0032218117;
k_apop=0.0745578077;
tED50=470.0400263211;
cell_pop_norm0_Jack_MGMT_P=94.7346745191;
k_dis=0.0149411900;

%%%%%%%%%

cost=241.4318212714;

%%%%%%%%%

