TMZout0_Ka_XTMZ(norm)=0.15079;
MGMT_P0(norm)=0.86107;
k_MGMT(norm)=0.41924;
k_addO(norm)=0.50088;
k_addN(norm)=0.40742;
DSB_72h_fac(norm)=0.19413;
k_DSBO(norm)=0.59322;
k_DSBN(norm)=0.47723;
k_CyA(norm)=0.12386;
fVX(norm)=0.39399;
kf_ATR_MGMT_P(norm)=0.83142;
k_ATR(norm)=0.56369;
K_add(norm)=0.24211;
kd_pATR(norm)=0.16028;
k_Chk1(norm)=0.20471;
C_Chk1(norm)=0.79185;
pChk1_ref12_5_24h(norm)=0.49099;
pChk1_ref100_24h(norm)=0.57331;
pChk1_ref100_48h(norm)=0.79666;
kd_pChk1(norm)=0.48746;
k_cdc25(norm)=0.30004;
K_cdc25(norm)=0.49733;
kf_p53(norm)=0.81604;
k_p53(norm)=0.08768;
K_ATR(norm)=0.09897;
p53ser46_ref50_72h(norm)=0.78499;
kp_ser46(norm)=0.41779;
K_p53(norm)=0.39621;
upAsy(norm)=0.83513;
sness(norm)=0.59685;
k_apop(norm)=0.60060;
tED50(norm)=0.37483;
cell_pop_norm0_Jack_MGMT_P(norm)=0.59937;
k_dis(norm)=0.35881;

%%%%%%%%%

TMZout0_Ka_XTMZ=32.0919518233;
MGMT_P0=2.2992484819;
k_MGMT=34.0949293407;
k_addO=0.0094787979;
k_addN=0.0985357799;
DSB_72h_fac=0.7590377832;
k_DSBO=0.0003262462;
k_DSBN=0.0000373416;
k_CyA=1.5847993066;
fVX=0.0010808888;
kf_ATR_MGMT_P=0.0000131780;
k_ATR=0.0241765946;
K_add=0.0000559307;
kd_pATR=0.0023595768;
k_Chk1=292.5772699854;
C_Chk1=0.9042234274;
pChk1_ref12_5_24h=0.0071612777;
pChk1_ref100_24h=0.0076912127;
pChk1_ref100_48h=0.0108344299;
kd_pChk1=0.0700860173;
k_cdc25=199.9868839276;
K_cdc25=1.2239567804;
kf_p53=0.0007184095;
k_p53=24.1513989094;
K_ATR=0.0003119684;
p53ser46_ref50_72h=0.0005553764;
kp_ser46=2.9214496392;
K_p53=0.5250915943;
upAsy=0.3077024251;
sness=0.0038480344;
k_apop=0.0669084223;
tED50=365.3388104783;
cell_pop_norm0_Jack_MGMT_P=86.6845618752;
k_dis=0.0134812776;

%%%%%%%%%

cost=225.6495252740;

%%%%%%%%%

