TMZout0_Ka_XTMZ(norm)=0.84823;
MGMT_P0(norm)=0.11509;
k_MGMT(norm)=0.87554;
k_addO(norm)=0.47763;
k_addN(norm)=0.26658;
DSB_72h_fac(norm)=0.25032;
k_DSBO(norm)=0.18768;
k_DSBN(norm)=0.43289;
k_CyA(norm)=1.00000;
fVX(norm)=0.83110;
kf_ATR_MGMT_P(norm)=0.75777;
k_ATR(norm)=0.33129;
K_add(norm)=0.40746;
kd_pATR(norm)=0.16579;
k_Chk1(norm)=0.26830;
C_Chk1(norm)=0.71640;
pChk1_ref12_5_24h(norm)=0.44612;
pChk1_ref100_24h(norm)=0.55355;
pChk1_ref100_48h(norm)=0.77404;
kd_pChk1(norm)=0.94323;
k_cdc25(norm)=0.45497;
K_cdc25(norm)=0.16410;
kf_p53(norm)=0.53474;
k_p53(norm)=0.31956;
K_ATR(norm)=0.12190;
p53ser46_ref50_72h(norm)=0.52514;
kp_ser46(norm)=0.45127;
K_p53(norm)=0.86605;
upAsy(norm)=0.88461;
sness(norm)=0.87148;
k_apop(norm)=0.43951;
tED50(norm)=0.65432;
cell_pop_norm0_Jack_MGMT_P(norm)=0.00010;
k_dis(norm)=0.45664;

%%%%%%%%%

TMZout0_Ka_XTMZ=37.6645596799;
MGMT_P0=1.4421475588;
k_MGMT=59.9958560327;
k_addO=0.0101082669;
k_addN=0.1157014105;
DSB_72h_fac=0.8113693035;
k_DSBO=0.0002236280;
k_DSBN=0.0000324430;
k_CyA=2.8989184694;
fVX=0.0017369870;
kf_ATR_MGMT_P=0.0000125675;
k_ATR=0.0167635401;
K_add=0.0000603196;
kd_pATR=0.0027182822;
k_Chk1=367.1939708776;
C_Chk1=0.8315199203;
pChk1_ref12_5_24h=0.0067725536;
pChk1_ref100_24h=0.0074348822;
pChk1_ref100_48h=0.0101324219;
kd_pChk1=0.1105789617;
k_cdc25=215.9901130478;
K_cdc25=0.9440475416;
kf_p53=0.0006621136;
k_p53=29.6613849712;
K_ATR=0.0002801881;
p53ser46_ref50_72h=0.0005177754;
kp_ser46=3.4325639880;
K_p53=0.6718320975;
upAsy=0.3247232272;
sness=0.0053065133;
k_apop=0.0563942340;
tED50=395.0450446241;
cell_pop_norm0_Jack_MGMT_P=70.0024967691;
k_dis=0.0145393323;

%%%%%%%%%

cost=184.2241659810;

%%%%%%%%%

