TMZout0_Ka_XTMZ(norm)=0.23727;
MGMT_P0(norm)=0.89900;
k_MGMT(norm)=0.91525;
k_addO(norm)=0.40309;
k_addN(norm)=0.35990;
DSB_72h_fac(norm)=0.25014;
k_DSBO(norm)=0.32151;
k_DSBN(norm)=0.41067;
k_CyA(norm)=0.65500;
fVX(norm)=0.00010;
kf_ATR_MGMT_P(norm)=0.72748;
k_ATR(norm)=0.65375;
K_add(norm)=0.26287;
kd_pATR(norm)=0.00010;
k_Chk1(norm)=0.00010;
C_Chk1(norm)=0.40244;
pChk1_ref12_5_24h(norm)=0.00010;
pChk1_ref100_24h(norm)=0.29311;
pChk1_ref100_48h(norm)=0.65753;
kd_pChk1(norm)=0.20372;
k_cdc25(norm)=0.65783;
K_cdc25(norm)=0.61254;
kf_p53(norm)=0.39161;
k_p53(norm)=0.48135;
K_ATR(norm)=0.43341;
p53ser46_ref50_72h(norm)=0.47679;
kp_ser46(norm)=0.50028;
K_p53(norm)=0.14188;
upAsy(norm)=0.92574;
sness(norm)=0.88361;
k_apop(norm)=0.63753;
tED50(norm)=0.44394;
cell_pop_norm0_Jack_MGMT_P(norm)=0.00010;
k_dis(norm)=0.22566;

%%%%%%%%%

TMZout0_Ka_XTMZ=32.7354230434;
MGMT_P0=2.3478502380;
k_MGMT=62.0486359462;
k_addO=0.0094895911;
k_addN=0.1252209334;
DSB_72h_fac=0.8112628782;
k_DSBO=0.0002504795;
k_DSBN=0.0000318380;
k_CyA=2.1641361820;
fVX=0.0008590255;
kf_ATR_MGMT_P=0.0000122490;
k_ATR=0.0220304105;
K_add=0.0000533647;
kd_pATR=0.0023622425;
k_Chk1=292.5525408855;
C_Chk1=0.6372989497;
pChk1_ref12_5_24h=0.0046411643;
pChk1_ref100_24h=0.0059626756;
pChk1_ref100_48h=0.0091799675;
kd_pChk1=0.0590952235;
k_cdc25=256.4967076301;
K_cdc25=1.3804155420;
kf_p53=0.0005864963;
k_p53=34.0192026246;
K_ATR=0.0003648186;
p53ser46_ref50_72h=0.0004969953;
kp_ser46=3.5781158017;
K_p53=0.3637347188;
upAsy=0.3362396640;
sness=0.0053613125;
k_apop=0.0666962264;
tED50=330.5451361264;
cell_pop_norm0_Jack_MGMT_P=70.0024967691;
k_dis=0.0119550270;

%%%%%%%%%

cost=268.6762506359;

%%%%%%%%%

