TMZout0_Ka_XTMZ(norm)=0.89682;
MGMT_P0(norm)=0.74868;
k_MGMT(norm)=0.65218;
k_addO(norm)=0.51824;
k_addN(norm)=0.67214;
DSB_72h_fac(norm)=0.77621;
k_DSBO(norm)=0.70716;
k_DSBN(norm)=0.55136;
k_CyA(norm)=0.55949;
fVX(norm)=0.37888;
kf_ATR_MGMT_P(norm)=0.60671;
k_ATR(norm)=0.53816;
K_add(norm)=0.59682;
kd_pATR(norm)=0.71774;
k_Chk1(norm)=0.56432;
C_Chk1(norm)=0.59712;
pChk1_ref12_5_24h(norm)=0.57444;
pChk1_ref100_24h(norm)=0.57838;
pChk1_ref100_48h(norm)=0.52572;
kd_pChk1(norm)=0.62563;
k_cdc25(norm)=0.56126;
K_cdc25(norm)=0.61853;
kf_p53(norm)=0.48210;
k_p53(norm)=0.83420;
K_ATR(norm)=0.66339;
p53ser46_ref50_72h(norm)=0.47992;
kp_ser46(norm)=0.60259;
K_p53(norm)=0.81148;
upAsy(norm)=0.33697;
sness(norm)=0.77743;
k_apop(norm)=0.59248;
tED50(norm)=0.36675;
cell_pop_norm0_Jack_MGMT_P(norm)=0.17586;
k_dis(norm)=0.59865;

%%%%%%%%%

TMZout0_Ka_XTMZ=38.0870842757;
MGMT_P0=2.1803380663;
k_MGMT=44.3024091190;
k_addO=0.0103120052;
k_addN=0.1504921921;
DSB_72h_fac=1.1834207214;
k_DSBO=0.0003531087;
k_DSBN=0.0000402972;
k_CyA=2.0274741796;
fVX=0.0011536129;
kf_ATR_MGMT_P=0.0000110722;
k_ATR=0.0182759491;
K_add=0.0000732850;
kd_pATR=0.0035549081;
k_Chk1=427.8079004930;
C_Chk1=0.7527644236;
pChk1_ref12_5_24h=0.0070478625;
pChk1_ref100_24h=0.0070806775;
pChk1_ref100_48h=0.0079524293;
kd_pChk1=0.0812102462;
k_cdc25=289.9450889543;
K_cdc25=1.3778892632;
kf_p53=0.0006162832;
k_p53=37.0622956821;
K_ATR=0.0003680521;
p53ser46_ref50_72h=0.0005057524;
kp_ser46=4.3196227002;
K_p53=1.0015041018;
upAsy=0.2248100308;
sness=0.0046480153;
k_apop=0.0639041106;
tED50=340.4131687378;
cell_pop_norm0_Jack_MGMT_P=74.5314597833;
k_dis=0.0164434384;

%%%%%%%%%

cost=123.4116976182;

%%%%%%%%%

