TMZout0_Ka_XTMZ(norm)=0.61831;
MGMT_P0(norm)=0.80037;
k_MGMT(norm)=0.54719;
k_addO(norm)=0.53522;
k_addN(norm)=0.71729;
DSB_72h_fac(norm)=0.73540;
k_DSBO(norm)=0.72102;
k_DSBN(norm)=0.49831;
k_CyA(norm)=0.64715;
fVX(norm)=0.48999;
kf_ATR_MGMT_P(norm)=0.60335;
k_ATR(norm)=0.37388;
K_add(norm)=0.66764;
kd_pATR(norm)=0.30392;
k_Chk1(norm)=0.38534;
C_Chk1(norm)=0.57908;
pChk1_ref12_5_24h(norm)=0.42749;
pChk1_ref100_24h(norm)=0.43058;
pChk1_ref100_48h(norm)=0.51016;
kd_pChk1(norm)=0.50935;
k_cdc25(norm)=0.14147;
K_cdc25(norm)=0.70355;
kf_p53(norm)=0.59605;
k_p53(norm)=0.58739;
K_ATR(norm)=0.40641;
p53ser46_ref50_72h(norm)=0.67514;
kp_ser46(norm)=0.77462;
K_p53(norm)=0.81609;
upAsy(norm)=0.17661;
sness(norm)=0.28905;
k_apop(norm)=0.48700;
tED50(norm)=0.34855;
cell_pop_norm0_Jack_MGMT_P(norm)=0.15615;
k_dis(norm)=0.61165;

%%%%%%%%%

TMZout0_Ka_XTMZ=35.7280187480;
MGMT_P0=2.2082074621;
k_MGMT=45.4251751725;
k_addO=0.0106137916;
k_addN=0.1695080501;
DSB_72h_fac=1.1548116248;
k_DSBO=0.0003513871;
k_DSBN=0.0000342922;
k_CyA=2.1497777284;
fVX=0.0013009862;
kf_ATR_MGMT_P=0.0000110262;
k_ATR=0.0173795764;
K_add=0.0000751966;
kd_pATR=0.0030557894;
k_Chk1=405.4735632051;
C_Chk1=0.7401880008;
pChk1_ref12_5_24h=0.0066664565;
pChk1_ref100_24h=0.0066992269;
pChk1_ref100_48h=0.0081023539;
kd_pChk1=0.0765622460;
k_cdc25=165.6047874948;
K_cdc25=1.4910719401;
kf_p53=0.0006974167;
k_p53=37.2173825028;
K_ATR=0.0003565667;
p53ser46_ref50_72h=0.0005879498;
kp_ser46=4.5144566629;
K_p53=0.6439839053;
upAsy=0.1782315632;
sness=0.0032395867;
k_apop=0.0587099162;
tED50=304.8809663354;
cell_pop_norm0_Jack_MGMT_P=74.0092084374;
k_dis=0.0165799786;

%%%%%%%%%

cost=124.0430625717;

%%%%%%%%%

