TMZout0_Ka_XTMZ(norm)=0.67318;
MGMT_P0(norm)=0.30714;
k_MGMT(norm)=0.82118;
k_addO(norm)=0.91194;
k_addN(norm)=0.09120;
DSB_72h_fac(norm)=1.00000;
k_DSBO(norm)=0.80578;
k_DSBN(norm)=1.00000;
k_CyA(norm)=0.38328;
fVX(norm)=0.07050;
kf_ATR_MGMT_P(norm)=0.36888;
k_ATR(norm)=0.32408;
K_add(norm)=0.66443;
kd_pATR(norm)=0.80063;
k_Chk1(norm)=0.13894;
C_Chk1(norm)=0.16994;
pChk1_ref12_5_24h(norm)=0.40906;
pChk1_ref100_24h(norm)=0.04235;
pChk1_ref100_48h(norm)=0.49226;
kd_pChk1(norm)=0.41172;
k_cdc25(norm)=0.12142;
K_cdc25(norm)=0.60486;
kf_p53(norm)=0.47473;
k_p53(norm)=0.96305;
K_ATR(norm)=0.85492;
p53ser46_ref50_72h(norm)=0.77564;
kp_ser46(norm)=0.00010;
K_p53(norm)=0.76801;
upAsy(norm)=0.00010;
sness(norm)=0.55877;
k_apop(norm)=0.67592;
tED50(norm)=0.30948;
cell_pop_norm0_Jack_MGMT_P(norm)=0.10378;
k_dis(norm)=0.00010;

%%%%%%%%%

TMZout0_Ka_XTMZ=36.1808887624;
MGMT_P0=1.6250418461;
k_MGMT=57.2953907151;
k_addO=0.0146047774;
k_addN=0.0997244321;
DSB_72h_fac=1.4000000000;
k_DSBO=0.0003775484;
k_DSBN=0.0000524573;
k_CyA=1.7190872061;
fVX=0.0009118247;
kf_ATR_MGMT_P=0.0000090396;
k_ATR=0.0166614390;
K_add=0.0000749925;
kd_pATR=0.0046547846;
k_Chk1=329.0755260673;
C_Chk1=0.5233466841;
pChk1_ref12_5_24h=0.0065632003;
pChk1_ref100_24h=0.0048213126;
pChk1_ref100_48h=0.0079804053;
kd_pChk1=0.0704836679;
k_cdc25=162.8146624349;
K_cdc25=1.3714591066;
kf_p53=0.0006292902;
k_p53=51.1656582911;
K_ATR=0.0005214153;
p53ser46_ref50_72h=0.0006402080;
kp_ser46=2.3420713618;
K_p53=0.6182771619;
upAsy=0.1534735768;
sness=0.0040713552;
k_apop=0.0689015217;
tED50=294.9531318550;
cell_pop_norm0_Jack_MGMT_P=72.6397068688;
k_dis=0.0098752604;

%%%%%%%%%

cost=100000.0000000000;

%%%%%%%%%

