TMZout0_Ka_XTMZ(norm)=0.79500;
MGMT_P0(norm)=0.65060;
k_MGMT(norm)=0.56581;
k_addO(norm)=0.34139;
k_addN(norm)=0.37289;
DSB_72h_fac(norm)=0.40877;
k_DSBO(norm)=0.83233;
k_DSBN(norm)=0.30138;
k_CyA(norm)=0.96118;
fVX(norm)=0.63782;
kf_ATR_MGMT_P(norm)=0.26619;
k_ATR(norm)=0.80313;
K_add(norm)=0.50104;
kd_pATR(norm)=0.15117;
k_Chk1(norm)=0.00010;
C_Chk1(norm)=0.59377;
pChk1_ref12_5_24h(norm)=0.96492;
pChk1_ref100_24h(norm)=0.50335;
pChk1_ref100_48h(norm)=0.39612;
kd_pChk1(norm)=0.42508;
k_cdc25(norm)=0.56344;
K_cdc25(norm)=0.57484;
kf_p53(norm)=0.61604;
k_p53(norm)=0.81769;
K_ATR(norm)=0.00010;
p53ser46_ref50_72h(norm)=0.90712;
kp_ser46(norm)=0.15286;
K_p53(norm)=0.96710;
upAsy(norm)=0.18254;
sness(norm)=0.47299;
k_apop(norm)=0.51386;
tED50(norm)=0.00010;
cell_pop_norm0_Jack_MGMT_P(norm)=0.46602;
k_dis(norm)=0.05646;

%%%%%%%%%

TMZout0_Ka_XTMZ=37.2070893519;
MGMT_P0=2.0669702092;
k_MGMT=41.1761668609;
k_addO=0.0088769743;
k_addN=0.1167877599;
DSB_72h_fac=0.8980466740;
k_DSBO=0.0003926179;
k_DSBN=0.0000326051;
k_CyA=2.8494928963;
fVX=0.0014366287;
kf_ATR_MGMT_P=0.0000082972;
k_ATR=0.0228761576;
K_add=0.0000675727;
kd_pATR=0.0021995899;
k_Chk1=265.2328093531;
C_Chk1=0.7506286649;
pChk1_ref12_5_24h=0.0098117559;
pChk1_ref100_24h=0.0066445592;
pChk1_ref100_48h=0.0071254041;
kd_pChk1=0.0685191049;
k_cdc25=290.4810392362;
K_cdc25=1.3278145410;
kf_p53=0.0006903479;
k_p53=36.5474415321;
K_ATR=0.0002098135;
p53ser46_ref50_72h=0.0007263325;
kp_ser46=2.9509001252;
K_p53=1.1426539690;
upAsy=0.1972363456;
sness=0.0035912074;
k_apop=0.0597857714;
tED50=249.5099207946;
cell_pop_norm0_Jack_MGMT_P=82.6580549036;
k_dis=0.0103867588;

%%%%%%%%%

cost=100000.0000000000;

%%%%%%%%%

