TMZout0_Ka_XTMZ(norm)=0.93888;
MGMT_P0(norm)=0.62098;
k_MGMT(norm)=0.38689;
k_addO(norm)=0.16185;
k_addN(norm)=0.05471;
DSB_72h_fac(norm)=0.39881;
k_DSBO(norm)=0.24714;
k_DSBN(norm)=0.66814;
k_CyA(norm)=0.12247;
fVX(norm)=0.31423;
kf_ATR_MGMT_P(norm)=0.84827;
k_ATR(norm)=0.70060;
K_add(norm)=0.14482;
kd_pATR(norm)=0.19872;
k_Chk1(norm)=0.41756;
C_Chk1(norm)=0.41322;
pChk1_ref12_5_24h(norm)=0.51818;
pChk1_ref100_24h(norm)=0.60653;
pChk1_ref100_48h(norm)=0.80894;
kd_pChk1(norm)=0.90655;
k_cdc25(norm)=0.33002;
K_cdc25(norm)=0.00286;
kf_p53(norm)=0.21216;
k_p53(norm)=0.17146;
K_ATR(norm)=0.35568;
p53ser46_ref50_72h(norm)=0.52767;
kp_ser46(norm)=1.00000;
K_p53(norm)=0.06347;
upAsy(norm)=0.63772;
sness(norm)=0.29775;
k_apop(norm)=0.22982;
tED50(norm)=0.80717;
cell_pop_norm0_Jack_MGMT_P(norm)=0.03232;
k_dis(norm)=0.59430;

%%%%%%%%%

TMZout0_Ka_XTMZ=38.4565855316;
MGMT_P0=1.9751601041;
k_MGMT=39.6559434610;
k_addO=0.0077353318;
k_addN=0.0966888789;
DSB_72h_fac=0.9039501328;
k_DSBO=0.0002351833;
k_DSBN=0.0000395995;
k_CyA=1.3782415213;
fVX=0.0011209830;
kf_ATR_MGMT_P=0.0000135691;
k_ATR=0.0229224946;
K_add=0.0000482851;
kd_pATR=0.0027951859;
k_Chk1=416.6964246618;
C_Chk1=0.6431462973;
pChk1_ref12_5_24h=0.0071989529;
pChk1_ref100_24h=0.0077762726;
pChk1_ref100_48h=0.0104365505;
kd_pChk1=0.1071956336;
k_cdc25=194.2916289790;
K_cdc25=0.8234945519;
kf_p53=0.0005037697;
k_p53=26.1632390238;
K_ATR=0.0003415669;
p53ser46_ref50_72h=0.0005188875;
kp_ser46=5.4643701630;
K_p53=0.3403543390;
upAsy=0.2634295229;
sness=0.0032635447;
k_apop=0.0472143075;
tED50=449.6690744374;
cell_pop_norm0_Jack_MGMT_P=70.8115667222;
k_dis=0.0163380180;

%%%%%%%%%

cost=232.9625482954;

%%%%%%%%%

