TMZout0_Ka_XTMZ(norm)=0.69014;
MGMT_P0(norm)=0.78181;
k_MGMT(norm)=0.58555;
k_addO(norm)=0.56039;
k_addN(norm)=0.73582;
DSB_72h_fac(norm)=0.65750;
k_DSBO(norm)=0.64438;
k_DSBN(norm)=0.77189;
k_CyA(norm)=0.73710;
fVX(norm)=0.58646;
kf_ATR_MGMT_P(norm)=0.58286;
k_ATR(norm)=0.48222;
K_add(norm)=0.61144;
kd_pATR(norm)=0.42222;
k_Chk1(norm)=0.44048;
C_Chk1(norm)=0.60210;
pChk1_ref12_5_24h(norm)=0.53976;
pChk1_ref100_24h(norm)=0.54812;
pChk1_ref100_48h(norm)=0.60173;
kd_pChk1(norm)=0.45861;
k_cdc25(norm)=0.22424;
K_cdc25(norm)=0.59145;
kf_p53(norm)=0.57766;
k_p53(norm)=0.60191;
K_ATR(norm)=0.53461;
p53ser46_ref50_72h(norm)=0.59744;
kp_ser46(norm)=0.68576;
K_p53(norm)=0.40924;
upAsy(norm)=0.19524;
sness(norm)=0.24654;
k_apop(norm)=0.74624;
tED50(norm)=0.23918;
cell_pop_norm0_Jack_MGMT_P(norm)=0.18051;
k_dis(norm)=0.65647;

%%%%%%%%%

TMZout0_Ka_XTMZ=36.3220456701;
MGMT_P0=2.1828612446;
k_MGMT=46.9257591791;
k_addO=0.0108425808;
k_addN=0.1721906826;
DSB_72h_fac=1.0911751516;
k_DSBO=0.0003292936;
k_DSBN=0.0000432381;
k_CyA=2.3200284284;
fVX=0.0014118021;
kf_ATR_MGMT_P=0.0000108365;
k_ATR=0.0190504737;
K_add=0.0000717002;
kd_pATR=0.0033779643;
k_Chk1=424.8690267765;
C_Chk1=0.7547686340;
pChk1_ref12_5_24h=0.0073317588;
pChk1_ref100_24h=0.0074008054;
pChk1_ref100_48h=0.0087560286;
kd_pChk1=0.0733406647;
k_cdc25=177.6358105525;
K_cdc25=1.3559638946;
kf_p53=0.0006866375;
k_p53=37.6779437524;
K_ATR=0.0003974808;
p53ser46_ref50_72h=0.0005504866;
kp_ser46=4.1870567812;
K_p53=0.4562105158;
upAsy=0.1810671795;
sness=0.0031249563;
k_apop=0.0731314565;
tED50=277.8981657625;
cell_pop_norm0_Jack_MGMT_P=74.6551999350;
k_dis=0.0172218269;

%%%%%%%%%

cost=123.8485147345;

%%%%%%%%%

