TMZout0_Ka_XTMZ(norm)=0.48150;
MGMT_P0(norm)=0.78991;
k_MGMT(norm)=0.75620;
k_addO(norm)=0.54094;
k_addN(norm)=0.46405;
DSB_72h_fac(norm)=0.73619;
k_DSBO(norm)=0.69756;
k_DSBN(norm)=0.78387;
k_CyA(norm)=0.42649;
fVX(norm)=0.51886;
kf_ATR_MGMT_P(norm)=0.59669;
k_ATR(norm)=0.56551;
K_add(norm)=0.55149;
kd_pATR(norm)=0.90823;
k_Chk1(norm)=0.72345;
C_Chk1(norm)=0.59334;
pChk1_ref12_5_24h(norm)=0.46633;
pChk1_ref100_24h(norm)=0.47533;
pChk1_ref100_48h(norm)=0.49042;
kd_pChk1(norm)=0.75937;
k_cdc25(norm)=0.68341;
K_cdc25(norm)=0.50857;
kf_p53(norm)=0.45772;
k_p53(norm)=0.56385;
K_ATR(norm)=0.52243;
p53ser46_ref50_72h(norm)=0.40485;
kp_ser46(norm)=0.58711;
K_p53(norm)=0.53754;
upAsy(norm)=0.72763;
sness(norm)=0.80138;
k_apop(norm)=0.77897;
tED50(norm)=0.61203;
cell_pop_norm0_Jack_MGMT_P(norm)=0.15296;
k_dis(norm)=0.60525;

%%%%%%%%%

TMZout0_Ka_XTMZ=34.6233309205;
MGMT_P0=2.2298227366;
k_MGMT=48.3842999343;
k_addO=0.0105122378;
k_addN=0.1261658914;
DSB_72h_fac=1.1483827054;
k_DSBO=0.0003502485;
k_DSBN=0.0000490721;
k_CyA=1.8113975587;
fVX=0.0012988764;
kf_ATR_MGMT_P=0.0000109786;
k_ATR=0.0187045451;
K_add=0.0000705236;
kd_pATR=0.0041775646;
k_Chk1=489.5582120794;
C_Chk1=0.7503546586;
pChk1_ref12_5_24h=0.0064309459;
pChk1_ref100_24h=0.0064886744;
pChk1_ref100_48h=0.0077181067;
kd_pChk1=0.0909548414;
k_cdc25=321.5628395752;
K_cdc25=1.2553150137;
kf_p53=0.0006036829;
k_p53=29.4748175494;
K_ATR=0.0003266162;
p53ser46_ref50_72h=0.0004745834;
kp_ser46=4.2633207989;
K_p53=0.7940509318;
upAsy=0.3130180690;
sness=0.0047433045;
k_apop=0.0748434438;
tED50=419.0489986313;
cell_pop_norm0_Jack_MGMT_P=73.9249751083;
k_dis=0.0165356965;

%%%%%%%%%

cost=123.4910171642;

%%%%%%%%%

