TMZout0_Ka_XTMZ(norm)=0.59752;
MGMT_P0(norm)=0.79999;
k_MGMT(norm)=0.66661;
k_addO(norm)=0.58052;
k_addN(norm)=0.83016;
DSB_72h_fac(norm)=0.65375;
k_DSBO(norm)=0.72400;
k_DSBN(norm)=0.71734;
k_CyA(norm)=0.47424;
fVX(norm)=0.60820;
kf_ATR_MGMT_P(norm)=0.60670;
k_ATR(norm)=0.29538;
K_add(norm)=0.59414;
kd_pATR(norm)=0.44552;
k_Chk1(norm)=0.69409;
C_Chk1(norm)=0.60302;
pChk1_ref12_5_24h(norm)=0.49916;
pChk1_ref100_24h(norm)=0.50002;
pChk1_ref100_48h(norm)=0.55010;
kd_pChk1(norm)=0.59897;
k_cdc25(norm)=0.62944;
K_cdc25(norm)=0.56747;
kf_p53(norm)=0.64795;
k_p53(norm)=0.55381;
K_ATR(norm)=0.34751;
p53ser46_ref50_72h(norm)=0.65718;
kp_ser46(norm)=0.83815;
K_p53(norm)=0.54775;
upAsy(norm)=0.34132;
sness(norm)=0.46509;
k_apop(norm)=0.53998;
tED50(norm)=0.42399;
cell_pop_norm0_Jack_MGMT_P(norm)=0.15702;
k_dis(norm)=0.61373;

%%%%%%%%%

TMZout0_Ka_XTMZ=35.5579087377;
MGMT_P0=2.2076783470;
k_MGMT=50.2620609373;
k_addO=0.0110290407;
k_addN=0.1865191122;
DSB_72h_fac=1.0882026237;
k_DSBO=0.0003522753;
k_DSBN=0.0000412853;
k_CyA=1.8568111229;
fVX=0.0014380455;
kf_ATR_MGMT_P=0.0000110575;
k_ATR=0.0162612074;
K_add=0.0000706566;
kd_pATR=0.0034453248;
k_Chk1=526.7139826309;
C_Chk1=0.7553585317;
pChk1_ref12_5_24h=0.0070838778;
pChk1_ref100_24h=0.0071052003;
pChk1_ref100_48h=0.0083812888;
kd_pChk1=0.0826028147;
k_cdc25=250.3990123835;
K_cdc25=1.3286929391;
kf_p53=0.0007287681;
k_p53=36.1733856217;
K_ATR=0.0003392089;
p53ser46_ref50_72h=0.0005790700;
kp_ser46=4.7641157542;
K_p53=0.5130184845;
upAsy=0.2049255952;
sness=0.0037606732;
k_apop=0.0614053776;
tED50=325.0046856429;
cell_pop_norm0_Jack_MGMT_P=74.0321289476;
k_dis=0.0166092042;

%%%%%%%%%

cost=123.9669949347;

%%%%%%%%%

