TMZout0_Ka_XTMZ(norm)=0.65503;
MGMT_P0(norm)=0.71487;
k_MGMT(norm)=0.49410;
k_addO(norm)=0.85134;
k_addN(norm)=0.73889;
DSB_72h_fac(norm)=0.52097;
k_DSBO(norm)=0.14380;
k_DSBN(norm)=0.37252;
k_CyA(norm)=0.00010;
fVX(norm)=0.14129;
kf_ATR_MGMT_P(norm)=0.72815;
k_ATR(norm)=0.34699;
K_add(norm)=0.63145;
kd_pATR(norm)=0.47104;
k_Chk1(norm)=0.70736;
C_Chk1(norm)=0.53776;
pChk1_ref12_5_24h(norm)=0.20644;
pChk1_ref100_24h(norm)=0.83250;
pChk1_ref100_48h(norm)=0.68800;
kd_pChk1(norm)=0.75441;
k_cdc25(norm)=0.81736;
K_cdc25(norm)=0.74655;
kf_p53(norm)=0.49212;
k_p53(norm)=0.26298;
K_ATR(norm)=0.06900;
p53ser46_ref50_72h(norm)=0.40633;
kp_ser46(norm)=0.77111;
K_p53(norm)=0.92184;
upAsy(norm)=0.52671;
sness(norm)=0.54842;
k_apop(norm)=0.36371;
tED50(norm)=0.97919;
cell_pop_norm0_Jack_MGMT_P(norm)=0.05755;
k_dis(norm)=0.49523;

%%%%%%%%%

TMZout0_Ka_XTMZ=36.0304542289;
MGMT_P0=2.0938858166;
k_MGMT=43.4268860661;
k_addO=0.0138737741;
k_addN=0.1726394064;
DSB_72h_fac=0.9879775038;
k_DSBO=0.0002154672;
k_DSBN=0.0000308254;
k_CyA=1.2424989020;
fVX=0.0009681923;
kf_ATR_MGMT_P=0.0000122561;
k_ATR=0.0169879816;
K_add=0.0000729257;
kd_pATR=0.0035206118;
k_Chk1=532.6693070423;
C_Chk1=0.7147247990;
pChk1_ref12_5_24h=0.0055278160;
pChk1_ref100_24h=0.0094172210;
pChk1_ref100_48h=0.0094200378;
kd_pChk1=0.0942305111;
k_cdc25=293.6194372126;
K_cdc25=1.5463959467;
kf_p53=0.0006386282;
k_p53=28.2728760285;
K_ATR=0.0002679060;
p53ser46_ref50_72h=0.0004681903;
kp_ser46=4.5010369739;
K_p53=0.7043501302;
upAsy=0.2397808777;
sness=0.0040358124;
k_apop=0.0528861086;
tED50=520.2265219899;
cell_pop_norm0_Jack_MGMT_P=71.4517600628;
k_dis=0.0150225295;

%%%%%%%%%

cost=190.4746595270;

%%%%%%%%%

