TMZout0_Ka_XTMZ(norm)=0.43024;
MGMT_P0(norm)=0.58527;
k_MGMT(norm)=0.74756;
k_addO(norm)=0.45029;
k_addN(norm)=0.18307;
DSB_72h_fac(norm)=0.42041;
k_DSBO(norm)=0.34137;
k_DSBN(norm)=0.52411;
k_CyA(norm)=0.28245;
fVX(norm)=0.12543;
kf_ATR_MGMT_P(norm)=0.78525;
k_ATR(norm)=0.78830;
K_add(norm)=0.75532;
kd_pATR(norm)=0.41320;
k_Chk1(norm)=0.23434;
C_Chk1(norm)=0.26292;
pChk1_ref12_5_24h(norm)=0.25069;
pChk1_ref100_24h(norm)=0.33010;
pChk1_ref100_48h(norm)=0.40503;
kd_pChk1(norm)=0.00954;
k_cdc25(norm)=0.67670;
K_cdc25(norm)=1.00000;
kf_p53(norm)=1.00000;
k_p53(norm)=0.16312;
K_ATR(norm)=0.45756;
p53ser46_ref50_72h(norm)=0.52812;
kp_ser46(norm)=0.11305;
K_p53(norm)=0.03957;
upAsy(norm)=0.65537;
sness(norm)=0.24419;
k_apop(norm)=0.98194;
tED50(norm)=0.64105;
cell_pop_norm0_Jack_MGMT_P(norm)=0.32765;
k_dis(norm)=0.39751;

%%%%%%%%%

TMZout0_Ka_XTMZ=34.2182425210;
MGMT_P0=1.9947544643;
k_MGMT=48.0313762861;
k_addO=0.0097350574;
k_addN=0.0994369747;
DSB_72h_fac=0.9059324072;
k_DSBO=0.0002590034;
k_DSBN=0.0000393774;
k_CyA=1.6032835016;
fVX=0.0009306702;
kf_ATR_MGMT_P=0.0000128805;
k_ATR=0.0225906658;
K_add=0.0000838186;
kd_pATR=0.0027463888;
k_Chk1=323.4605593383;
C_Chk1=0.5671286156;
pChk1_ref12_5_24h=0.0053570719;
pChk1_ref100_24h=0.0057373793;
pChk1_ref100_48h=0.0071793826;
kd_pChk1=0.0481842007;
k_cdc25=319.7377183440;
K_cdc25=1.9036550126;
kf_p53=0.0009557765;
k_p53=20.9889265245;
K_ATR=0.0003091486;
p53ser46_ref50_72h=0.0005268344;
kp_ser46=2.8530232646;
K_p53=0.5207234679;
upAsy=0.2944282913;
sness=0.0029583418;
k_apop=0.0888880000;
tED50=429.4813035968;
cell_pop_norm0_Jack_MGMT_P=78.6776367061;
k_dis=0.0138668367;

%%%%%%%%%

cost=258.2634562869;

%%%%%%%%%

