TMZout0_Ka_XTMZ(norm)=0.68661;
MGMT_P0(norm)=0.40786;
k_MGMT(norm)=0.59333;
k_addO(norm)=0.22950;
k_addN(norm)=0.66542;
DSB_72h_fac(norm)=0.64741;
k_DSBO(norm)=0.57524;
k_DSBN(norm)=0.56189;
k_CyA(norm)=0.39671;
fVX(norm)=0.70268;
kf_ATR_MGMT_P(norm)=0.72876;
k_ATR(norm)=0.81909;
K_add(norm)=0.48487;
kd_pATR(norm)=0.29719;
k_Chk1(norm)=0.34966;
C_Chk1(norm)=0.33445;
pChk1_ref12_5_24h(norm)=0.25901;
pChk1_ref100_24h(norm)=0.49177;
pChk1_ref100_48h(norm)=0.45906;
kd_pChk1(norm)=0.88934;
k_cdc25(norm)=0.33432;
K_cdc25(norm)=0.53222;
kf_p53(norm)=0.81639;
k_p53(norm)=0.77418;
K_ATR(norm)=0.79052;
p53ser46_ref50_72h(norm)=0.59631;
kp_ser46(norm)=0.14395;
K_p53(norm)=0.00010;
upAsy(norm)=0.60399;
sness(norm)=0.26670;
k_apop(norm)=1.00000;
tED50(norm)=0.44599;
cell_pop_norm0_Jack_MGMT_P(norm)=0.58537;
k_dis(norm)=0.77306;

%%%%%%%%%

TMZout0_Ka_XTMZ=36.2926641724;
MGMT_P0=1.7498129184;
k_MGMT=39.5139424081;
k_addO=0.0075316450;
k_addN=0.1226122509;
DSB_72h_fac=1.0710383737;
k_DSBO=0.0003213119;
k_DSBN=0.0000401187;
k_CyA=1.9969836483;
fVX=0.0014040158;
kf_ATR_MGMT_P=0.0000120801;
k_ATR=0.0300175855;
K_add=0.0000687041;
kd_pATR=0.0026498031;
k_Chk1=330.8117416361;
C_Chk1=0.6137109509;
pChk1_ref12_5_24h=0.0058833779;
pChk1_ref100_24h=0.0071777314;
pChk1_ref100_48h=0.0081390612;
kd_pChk1=0.0985176659;
k_cdc25=205.8800392758;
K_cdc25=1.2606834028;
kf_p53=0.0007186191;
k_p53=43.2073325806;
K_ATR=0.0005605092;
p53ser46_ref50_72h=0.0004733243;
kp_ser46=2.3165026548;
K_p53=0.3753853031;
upAsy=0.2529741313;
sness=0.0029090496;
k_apop=0.0938532913;
tED50=388.0443864492;
cell_pop_norm0_Jack_MGMT_P=86.2528593778;
k_dis=0.0191498322;

%%%%%%%%%

cost=267.8508483079;

%%%%%%%%%

