TMZout0_Ka_XTMZ(norm)=0.92905;
MGMT_P0(norm)=0.92613;
k_MGMT(norm)=0.72512;
k_addO(norm)=0.00010;
k_addN(norm)=0.27214;
DSB_72h_fac(norm)=0.52126;
k_DSBO(norm)=0.71011;
k_DSBN(norm)=0.90271;
k_CyA(norm)=0.93994;
fVX(norm)=0.90153;
kf_ATR_MGMT_P(norm)=0.70925;
k_ATR(norm)=1.00000;
K_add(norm)=0.31518;
kd_pATR(norm)=0.57751;
k_Chk1(norm)=0.57805;
C_Chk1(norm)=0.24932;
pChk1_ref12_5_24h(norm)=0.55994;
pChk1_ref100_24h(norm)=0.56245;
pChk1_ref100_48h(norm)=0.41898;
kd_pChk1(norm)=1.00000;
k_cdc25(norm)=0.70249;
K_cdc25(norm)=0.30037;
kf_p53(norm)=0.40770;
k_p53(norm)=0.13743;
K_ATR(norm)=0.69624;
p53ser46_ref50_72h(norm)=0.75118;
kp_ser46(norm)=0.74390;
K_p53(norm)=0.15047;
upAsy(norm)=0.23243;
sness(norm)=0.32557;
k_apop(norm)=0.51130;
tED50(norm)=0.98572;
cell_pop_norm0_Jack_MGMT_P(norm)=0.52068;
k_dis(norm)=0.63263;

%%%%%%%%%

TMZout0_Ka_XTMZ=38.3699263984;
MGMT_P0=2.3877805833;
k_MGMT=52.8166516975;
k_addO=0.0067446269;
k_addN=0.1162478185;
DSB_72h_fac=0.9881915861;
k_DSBO=0.0003481528;
k_DSBN=0.0000483067;
k_CyA=2.7550928283;
fVX=0.0018437926;
kf_ATR_MGMT_P=0.0000120613;
k_ATR=0.0295416857;
K_add=0.0000557832;
kd_pATR=0.0038530004;
k_Chk1=477.3936156167;
C_Chk1=0.5597553459;
pChk1_ref12_5_24h=0.0074582371;
pChk1_ref100_24h=0.0074912129;
pChk1_ref100_48h=0.0074999621;
kd_pChk1=0.1160280820;
k_cdc25=266.3874090306;
K_cdc25=1.0595937448;
kf_p53=0.0005945464;
k_p53=25.4197757261;
K_ATR=0.0004558182;
p53ser46_ref50_72h=0.0006270749;
kp_ser46=4.3984754620;
K_p53=0.3663901072;
upAsy=0.1868633426;
sness=0.0033413960;
k_apop=0.0599309602;
tED50=523.1112098112;
cell_pop_norm0_Jack_MGMT_P=84.2854481143;
k_dis=0.0168774041;

%%%%%%%%%

cost=517.9459607122;

%%%%%%%%%

