TMZout0_Ka_XTMZ(norm)=0.85694;
MGMT_P0(norm)=0.10540;
k_MGMT(norm)=0.21309;
k_addO(norm)=0.72943;
k_addN(norm)=0.51387;
DSB_72h_fac(norm)=0.54221;
k_DSBO(norm)=0.52784;
k_DSBN(norm)=0.58981;
k_CyA(norm)=0.58092;
fVX(norm)=0.25909;
kf_ATR_MGMT_P(norm)=0.70969;
k_ATR(norm)=0.30006;
K_add(norm)=1.00000;
kd_pATR(norm)=0.10277;
k_Chk1(norm)=0.42616;
C_Chk1(norm)=0.71404;
pChk1_ref12_5_24h(norm)=0.38786;
pChk1_ref100_24h(norm)=0.69353;
pChk1_ref100_48h(norm)=0.52599;
kd_pChk1(norm)=0.00010;
k_cdc25(norm)=0.78059;
K_cdc25(norm)=0.41115;
kf_p53(norm)=0.80996;
k_p53(norm)=0.54613;
K_ATR(norm)=0.15554;
p53ser46_ref50_72h(norm)=0.56515;
kp_ser46(norm)=0.50324;
K_p53(norm)=0.63543;
upAsy(norm)=0.97257;
sness(norm)=0.72023;
k_apop(norm)=0.84292;
tED50(norm)=0.51459;
cell_pop_norm0_Jack_MGMT_P(norm)=0.64923;
k_dis(norm)=0.58963;

%%%%%%%%%

TMZout0_Ka_XTMZ=37.7399648636;
MGMT_P0=1.4583002738;
k_MGMT=28.6307662370;
k_addO=0.0115041433;
k_addN=0.1078364063;
DSB_72h_fac=0.9887808801;
k_DSBO=0.0003086634;
k_DSBN=0.0000410788;
k_CyA=2.3343243157;
fVX=0.0009641418;
kf_ATR_MGMT_P=0.0000118865;
k_ATR=0.0193368793;
K_add=0.0001063010;
kd_pATR=0.0022473651;
k_Chk1=352.9626680096;
C_Chk1=0.8465305711;
pChk1_ref12_5_24h=0.0065620756;
pChk1_ref100_24h=0.0085159472;
pChk1_ref100_48h=0.0086139668;
kd_pChk1=0.0463761475;
k_cdc25=300.4914788895;
K_cdc25=1.1377772806;
kf_p53=0.0007147176;
k_p53=35.6155317099;
K_ATR=0.0003272855;
p53ser46_ref50_72h=0.0004609893;
kp_ser46=3.1408059666;
K_p53=0.6430759766;
upAsy=0.3457027741;
sness=0.0042720902;
k_apop=0.0821574270;
tED50=411.2654311343;
cell_pop_norm0_Jack_MGMT_P=88.2398106705;
k_dis=0.0163933601;

%%%%%%%%%

cost=227.5963898990;

%%%%%%%%%

