TMZout0_Ka_XTMZ(norm)=0.83390;
MGMT_P0(norm)=0.83879;
k_MGMT(norm)=0.42117;
k_addO(norm)=0.44520;
k_addN(norm)=0.15644;
DSB_72h_fac(norm)=0.69458;
k_DSBO(norm)=0.70837;
k_DSBN(norm)=0.93719;
k_CyA(norm)=0.85301;
fVX(norm)=0.53960;
kf_ATR_MGMT_P(norm)=0.59962;
k_ATR(norm)=0.51288;
K_add(norm)=0.71768;
kd_pATR(norm)=0.30268;
k_Chk1(norm)=0.59612;
C_Chk1(norm)=0.62339;
pChk1_ref12_5_24h(norm)=0.54542;
pChk1_ref100_24h(norm)=0.57583;
pChk1_ref100_48h(norm)=0.61777;
kd_pChk1(norm)=0.59712;
k_cdc25(norm)=0.57999;
K_cdc25(norm)=0.63274;
kf_p53(norm)=0.79199;
k_p53(norm)=0.46289;
K_ATR(norm)=0.43849;
p53ser46_ref50_72h(norm)=0.83777;
kp_ser46(norm)=0.68405;
K_p53(norm)=0.22805;
upAsy(norm)=0.51509;
sness(norm)=0.46681;
k_apop(norm)=0.52437;
tED50(norm)=0.42076;
cell_pop_norm0_Jack_MGMT_P(norm)=0.16348;
k_dis(norm)=0.60012;

%%%%%%%%%

TMZout0_Ka_XTMZ=37.5408657802;
MGMT_P0=2.2615825052;
k_MGMT=40.8246487808;
k_addO=0.0098342960;
k_addN=0.1053929574;
DSB_72h_fac=1.1210169689;
k_DSBO=0.0003476389;
k_DSBN=0.0000497386;
k_CyA=2.5594631672;
fVX=0.0013568469;
kf_ATR_MGMT_P=0.0000109914;
k_ATR=0.0195518396;
K_add=0.0000784536;
kd_pATR=0.0030525830;
k_Chk1=484.7578377898;
C_Chk1=0.7685077511;
pChk1_ref12_5_24h=0.0073670215;
pChk1_ref100_24h=0.0075765851;
pChk1_ref100_48h=0.0088758706;
kd_pChk1=0.0824730076;
k_cdc25=240.1251923808;
K_cdc25=1.4042477177;
kf_p53=0.0008233713;
k_p53=33.4913069176;
K_ATR=0.0003663927;
p53ser46_ref50_72h=0.0006748154;
kp_ser46=4.1809857122;
K_p53=0.3912821409;
upAsy=0.2374322878;
sness=0.0037661586;
k_apop=0.0605984424;
tED50=324.1181238338;
cell_pop_norm0_Jack_MGMT_P=74.2030977191;
k_dis=0.0164188655;

%%%%%%%%%

cost=123.3578390320;

%%%%%%%%%

