TMZout0_Ka_XTMZ(norm)=0.69107;
MGMT_P0(norm)=0.46491;
k_MGMT(norm)=0.78281;
k_addO(norm)=0.38392;
k_addN(norm)=0.07647;
DSB_72h_fac(norm)=0.16196;
k_DSBO(norm)=0.00010;
k_DSBN(norm)=0.48467;
k_CyA(norm)=0.33552;
fVX(norm)=0.72078;
kf_ATR_MGMT_P(norm)=1.00000;
k_ATR(norm)=0.03459;
K_add(norm)=0.43288;
kd_pATR(norm)=0.41738;
k_Chk1(norm)=0.57335;
C_Chk1(norm)=0.91823;
pChk1_ref12_5_24h(norm)=0.16245;
pChk1_ref100_24h(norm)=0.34802;
pChk1_ref100_48h(norm)=0.38354;
kd_pChk1(norm)=0.16214;
k_cdc25(norm)=0.59278;
K_cdc25(norm)=0.43076;
kf_p53(norm)=0.23303;
k_p53(norm)=0.30459;
K_ATR(norm)=0.12941;
p53ser46_ref50_72h(norm)=0.68828;
kp_ser46(norm)=1.00000;
K_p53(norm)=0.30072;
upAsy(norm)=0.17088;
sness(norm)=0.94524;
k_apop(norm)=0.65775;
tED50(norm)=0.61520;
cell_pop_norm0_Jack_MGMT_P(norm)=0.40060;
k_dis(norm)=0.31206;

%%%%%%%%%

TMZout0_Ka_XTMZ=36.3298556629;
MGMT_P0=1.7925166201;
k_MGMT=55.4625457679;
k_addO=0.0093367585;
k_addN=0.0984880110;
DSB_72h_fac=0.7608458441;
k_DSBO=0.0001907665;
k_DSBN=0.0000338981;
k_CyA=1.6509024632;
fVX=0.0015819802;
kf_ATR_MGMT_P=0.0000154307;
k_ATR=0.0130373079;
K_add=0.0000616330;
kd_pATR=0.0033641286;
k_Chk1=475.4972779549;
C_Chk1=0.9865972881;
pChk1_ref12_5_24h=0.0053256090;
pChk1_ref100_24h=0.0062466252;
pChk1_ref100_48h=0.0072781111;
kd_pChk1=0.0570491440;
k_cdc25=242.7406296090;
K_cdc25=1.1833588142;
kf_p53=0.0005127573;
k_p53=29.2873390874;
K_ATR=0.0002819773;
p53ser46_ref50_72h=0.0005945297;
kp_ser46=5.4643701630;
K_p53=0.4161351654;
upAsy=0.1773679399;
sness=0.0056487463;
k_apop=0.0678487014;
tED50=382.1673363887;
cell_pop_norm0_Jack_MGMT_P=80.7518539645;
k_dis=0.0128629837;

%%%%%%%%%

cost=356.6766146245;

%%%%%%%%%

