TMZout0_Ka_XTMZ(norm)=0.25694;
MGMT_P0(norm)=0.30421;
k_MGMT(norm)=0.23124;
k_addO(norm)=0.37693;
k_addN(norm)=0.03844;
DSB_72h_fac(norm)=0.31020;
k_DSBO(norm)=0.32868;
k_DSBN(norm)=0.68517;
k_CyA(norm)=0.64550;
fVX(norm)=0.84260;
kf_ATR_MGMT_P(norm)=0.75664;
k_ATR(norm)=0.22413;
K_add(norm)=0.68925;
kd_pATR(norm)=0.54239;
k_Chk1(norm)=0.35770;
C_Chk1(norm)=0.71873;
pChk1_ref12_5_24h(norm)=0.21392;
pChk1_ref100_24h(norm)=0.57855;
pChk1_ref100_48h(norm)=1.00000;
kd_pChk1(norm)=0.39976;
k_cdc25(norm)=0.00010;
K_cdc25(norm)=0.16925;
kf_p53(norm)=0.64017;
k_p53(norm)=0.82027;
K_ATR(norm)=0.07709;
p53ser46_ref50_72h(norm)=0.50158;
kp_ser46(norm)=0.78467;
K_p53(norm)=0.34846;
upAsy(norm)=0.34346;
sness(norm)=0.24525;
k_apop(norm)=0.25091;
tED50(norm)=0.96463;
cell_pop_norm0_Jack_MGMT_P(norm)=0.48897;
k_dis(norm)=0.45304;

%%%%%%%%%

TMZout0_Ka_XTMZ=32.8835933519;
MGMT_P0=1.6220773986;
k_MGMT=34.7564429000;
k_addO=0.0092816264;
k_addN=0.0953646315;
DSB_72h_fac=0.8475038790;
k_DSBO=0.0002520058;
k_DSBN=0.0000401749;
k_CyA=2.1467753188;
fVX=0.0017539908;
kf_ATR_MGMT_P=0.0000125555;
k_ATR=0.0153085744;
K_add=0.0000765866;
kd_pATR=0.0037400391;
k_Chk1=396.0888610852;
C_Chk1=0.8331660362;
pChk1_ref12_5_24h=0.0055629798;
pChk1_ref100_24h=0.0075940866;
pChk1_ref100_48h=0.0122705020;
kd_pChk1=0.0697729447;
k_cdc25=146.9099469980;
K_cdc25=0.9481781789;
kf_p53=0.0007239802;
k_p53=45.3357046029;
K_ATR=0.0002697493;
p53ser46_ref50_72h=0.0005075443;
kp_ser46=4.5530783264;
K_p53=0.4333099923;
upAsy=0.2052973677;
sness=0.0031215545;
k_apop=0.0480657615;
tED50=513.8478061649;
cell_pop_norm0_Jack_MGMT_P=83.3375092277;
k_dis=0.0144950801;

%%%%%%%%%

cost=228.8961354338;

%%%%%%%%%

