TMZout0_Ka_XTMZ(norm)=0.67094;
MGMT_P0(norm)=0.35110;
k_MGMT(norm)=0.57573;
k_addO(norm)=0.75585;
k_addN(norm)=0.42867;
DSB_72h_fac(norm)=0.30389;
k_DSBO(norm)=1.00000;
k_DSBN(norm)=0.82025;
k_CyA(norm)=0.00494;
fVX(norm)=0.79078;
kf_ATR_MGMT_P(norm)=0.20880;
k_ATR(norm)=0.61759;
K_add(norm)=0.93408;
kd_pATR(norm)=0.79377;
k_Chk1(norm)=0.18672;
C_Chk1(norm)=0.42122;
pChk1_ref12_5_24h(norm)=0.00010;
pChk1_ref100_24h(norm)=0.50143;
pChk1_ref100_48h(norm)=0.83848;
kd_pChk1(norm)=0.17192;
k_cdc25(norm)=0.78924;
K_cdc25(norm)=1.00000;
kf_p53(norm)=1.00000;
k_p53(norm)=0.87538;
K_ATR(norm)=0.50589;
p53ser46_ref50_72h(norm)=0.91272;
kp_ser46(norm)=0.96759;
K_p53(norm)=0.00010;
upAsy(norm)=0.40043;
sness(norm)=0.74616;
k_apop(norm)=0.28637;
tED50(norm)=0.80497;
cell_pop_norm0_Jack_MGMT_P(norm)=0.19715;
k_dis(norm)=0.49767;

%%%%%%%%%

TMZout0_Ka_XTMZ=36.1623566137;
MGMT_P0=1.6700652281;
k_MGMT=46.5371389272;
k_addO=0.0127954887;
k_addN=0.1327352326;
DSB_72h_fac=0.8436224195;
k_DSBO=0.0004450842;
k_DSBN=0.0000450465;
k_CyA=1.2476045978;
fVX=0.0016786465;
kf_ATR_MGMT_P=0.0000078930;
k_ATR=0.0213657413;
K_add=0.0000942414;
kd_pATR=0.0046278127;
k_Chk1=342.6688427084;
C_Chk1=0.6475178258;
pChk1_ref12_5_24h=0.0046411643;
pChk1_ref100_24h=0.0071137277;
pChk1_ref100_48h=0.0107010386;
kd_pChk1=0.0575238670;
k_cdc25=286.7054676215;
K_cdc25=1.9168368689;
kf_p53=0.0009820586;
k_p53=47.5027511743;
K_ATR=0.0003879259;
p53ser46_ref50_72h=0.0007190587;
kp_ser46=5.3163766107;
K_p53=0.3225607171;
upAsy=0.2154503703;
sness=0.0047719487;
k_apop=0.0495316914;
tED50=448.8299003099;
cell_pop_norm0_Jack_MGMT_P=75.0995787201;
k_dis=0.0150536965;

%%%%%%%%%

cost=596.5202921981;

%%%%%%%%%

