TMZout0_Ka_XTMZ(norm)=0.58506;
MGMT_P0(norm)=0.46631;
k_MGMT(norm)=0.49309;
k_addO(norm)=0.30404;
k_addN(norm)=0.39808;
DSB_72h_fac(norm)=0.78100;
k_DSBO(norm)=1.00000;
k_DSBN(norm)=0.57139;
k_CyA(norm)=0.28967;
fVX(norm)=0.00010;
kf_ATR_MGMT_P(norm)=0.51292;
k_ATR(norm)=0.48469;
K_add(norm)=0.19801;
kd_pATR(norm)=0.58452;
k_Chk1(norm)=0.79984;
C_Chk1(norm)=0.39448;
pChk1_ref12_5_24h(norm)=0.09843;
pChk1_ref100_24h(norm)=0.10702;
pChk1_ref100_48h(norm)=0.64861;
kd_pChk1(norm)=0.81921;
k_cdc25(norm)=0.22795;
K_cdc25(norm)=0.50764;
kf_p53(norm)=0.21082;
k_p53(norm)=0.59468;
K_ATR(norm)=0.97459;
p53ser46_ref50_72h(norm)=0.62527;
kp_ser46(norm)=0.35687;
K_p53(norm)=0.00010;
upAsy(norm)=1.00000;
sness(norm)=0.52237;
k_apop(norm)=0.67506;
tED50(norm)=0.42647;
cell_pop_norm0_Jack_MGMT_P(norm)=0.00010;
k_dis(norm)=1.00000;

%%%%%%%%%

TMZout0_Ka_XTMZ=35.4563525963;
MGMT_P0=1.8125357432;
k_MGMT=36.2964811106;
k_addO=0.0080226728;
k_addN=0.0977593066;
DSB_72h_fac=1.1854337494;
k_DSBO=0.0004605009;
k_DSBN=0.0000404429;
k_CyA=1.8238400805;
fVX=0.0007741765;
kf_ATR_MGMT_P=0.0000100611;
k_ATR=0.0226113302;
K_add=0.0000538795;
kd_pATR=0.0033802322;
k_Chk1=484.4358830644;
C_Chk1=0.6457312577;
pChk1_ref12_5_24h=0.0051349641;
pChk1_ref100_24h=0.0051809369;
pChk1_ref100_48h=0.0095570856;
kd_pChk1=0.0928339256;
k_cdc25=188.1356354249;
K_cdc25=1.2347058394;
kf_p53=0.0004301935;
k_p53=37.1114214412;
K_ATR=0.0006551158;
p53ser46_ref50_72h=0.0004850813;
kp_ser46=2.7744772172;
K_p53=0.3753853031;
upAsy=0.3538326637;
sness=0.0036127217;
k_apop=0.0712654550;
tED50=381.6782167806;
cell_pop_norm0_Jack_MGMT_P=70.0024967691;
k_dis=0.0232099160;

%%%%%%%%%

cost=100000.0000000000;

%%%%%%%%%

