TMZout0_Ka_XTMZ(norm)=0.50913;
MGMT_P0(norm)=0.06438;
k_MGMT(norm)=0.26500;
k_addO(norm)=0.35825;
k_addN(norm)=0.62429;
DSB_72h_fac(norm)=0.61181;
k_DSBO(norm)=0.27003;
k_DSBN(norm)=0.52299;
k_CyA(norm)=1.00000;
fVX(norm)=0.21728;
kf_ATR_MGMT_P(norm)=0.46158;
k_ATR(norm)=0.56248;
K_add(norm)=0.82477;
kd_pATR(norm)=0.19309;
k_Chk1(norm)=0.45893;
C_Chk1(norm)=0.82250;
pChk1_ref12_5_24h(norm)=0.11820;
pChk1_ref100_24h(norm)=0.66901;
pChk1_ref100_48h(norm)=0.68886;
kd_pChk1(norm)=0.31905;
k_cdc25(norm)=0.60418;
K_cdc25(norm)=0.30153;
kf_p53(norm)=0.41745;
k_p53(norm)=0.33892;
K_ATR(norm)=0.26591;
p53ser46_ref50_72h(norm)=0.95899;
kp_ser46(norm)=0.89297;
K_p53(norm)=0.38330;
upAsy(norm)=0.48739;
sness(norm)=0.35179;
k_apop(norm)=0.70718;
tED50(norm)=0.65369;
cell_pop_norm0_Jack_MGMT_P(norm)=0.06378;
k_dis(norm)=0.78727;

%%%%%%%%%

TMZout0_Ka_XTMZ=34.8436066620;
MGMT_P0=1.4226978653;
k_MGMT=29.9179922110;
k_addO=0.0083997761;
k_addN=0.1184121626;
DSB_72h_fac=1.0424646029;
k_DSBO=0.0002480951;
k_DSBN=0.0000388177;
k_CyA=3.3294504548;
fVX=0.0009305888;
kf_ATR_MGMT_P=0.0000096329;
k_ATR=0.0241519057;
K_add=0.0000916339;
kd_pATR=0.0024260969;
k_Chk1=362.9024069424;
C_Chk1=0.9280091712;
pChk1_ref12_5_24h=0.0052217062;
pChk1_ref100_24h=0.0083408100;
pChk1_ref100_48h=0.0098886312;
kd_pChk1=0.0607662159;
k_cdc25=258.7717695909;
K_cdc25=1.0368559708;
kf_p53=0.0005125068;
k_p53=29.8807159474;
K_ATR=0.0003593676;
p53ser46_ref50_72h=0.0006435993;
kp_ser46=4.3697244624;
K_p53=0.5193804749;
upAsy=0.2291755174;
sness=0.0031265392;
k_apop=0.0732315359;
tED50=462.7081916297;
cell_pop_norm0_Jack_MGMT_P=71.6105407741;
k_dis=0.0193817340;

%%%%%%%%%

cost=236.7437770420;

%%%%%%%%%

