TMZout0_Ka_XTMZ(norm)=0.44435;
MGMT_P0(norm)=0.43854;
k_MGMT(norm)=0.38792;
k_addO(norm)=0.39903;
k_addN(norm)=0.22296;
DSB_72h_fac(norm)=0.46463;
k_DSBO(norm)=0.29277;
k_DSBN(norm)=0.57569;
k_CyA(norm)=0.55789;
fVX(norm)=1.00000;
kf_ATR_MGMT_P(norm)=0.81451;
k_ATR(norm)=0.79538;
K_add(norm)=0.64079;
kd_pATR(norm)=0.32141;
k_Chk1(norm)=0.83347;
C_Chk1(norm)=0.14519;
pChk1_ref12_5_24h(norm)=0.32095;
pChk1_ref100_24h(norm)=0.63636;
pChk1_ref100_48h(norm)=0.60968;
kd_pChk1(norm)=0.63914;
k_cdc25(norm)=0.38643;
K_cdc25(norm)=0.78776;
kf_p53(norm)=0.25848;
k_p53(norm)=0.42804;
K_ATR(norm)=0.47254;
p53ser46_ref50_72h(norm)=0.32244;
kp_ser46(norm)=0.48168;
K_p53(norm)=0.78970;
upAsy(norm)=0.37302;
sness(norm)=0.68820;
k_apop(norm)=0.61262;
tED50(norm)=0.48520;
cell_pop_norm0_Jack_MGMT_P(norm)=0.31172;
k_dis(norm)=0.41157;

%%%%%%%%%

TMZout0_Ka_XTMZ=34.3292843587;
MGMT_P0=1.7633630514;
k_MGMT=39.6907499892;
k_addO=0.0094570694;
k_addN=0.1115029245;
DSB_72h_fac=0.9482975245;
k_DSBO=0.0002444544;
k_DSBN=0.0000366159;
k_CyA=1.9931879014;
fVX=0.0020042231;
kf_ATR_MGMT_P=0.0000131865;
k_ATR=0.0248394160;
K_add=0.0000735053;
kd_pATR=0.0031014020;
k_Chk1=592.7417180769;
C_Chk1=0.5124846472;
pChk1_ref12_5_24h=0.0060910685;
pChk1_ref100_24h=0.0079753472;
pChk1_ref100_48h=0.0088152368;
kd_pChk1=0.0854625153;
k_cdc25=203.8037094923;
K_cdc25=1.6013518770;
kf_p53=0.0005239325;
k_p53=32.5168053158;
K_ATR=0.0003771176;
p53ser46_ref50_72h=0.0004360687;
kp_ser46=3.5221761535;
K_p53=0.6297442813;
upAsy=0.2105040048;
sness=0.0045432267;
k_apop=0.0653033014;
tED50=342.3068889118;
cell_pop_norm0_Jack_MGMT_P=78.2319724350;
k_dis=0.0139945971;

%%%%%%%%%

cost=192.4854320636;

%%%%%%%%%

