TMZout0_Ka_XTMZ(norm)=0.60677;
MGMT_P0(norm)=0.46588;
k_MGMT(norm)=0.04107;
k_addO(norm)=0.26093;
k_addN(norm)=1.00000;
DSB_72h_fac(norm)=0.15328;
k_DSBO(norm)=0.60747;
k_DSBN(norm)=0.18613;
k_CyA(norm)=0.11053;
fVX(norm)=1.00000;
kf_ATR_MGMT_P(norm)=0.78582;
k_ATR(norm)=0.79184;
K_add(norm)=0.06776;
kd_pATR(norm)=0.45102;
k_Chk1(norm)=0.72396;
C_Chk1(norm)=0.79696;
pChk1_ref12_5_24h(norm)=0.00010;
pChk1_ref100_24h(norm)=0.08885;
pChk1_ref100_48h(norm)=0.13272;
kd_pChk1(norm)=0.64005;
k_cdc25(norm)=0.41237;
K_cdc25(norm)=0.00010;
kf_p53(norm)=0.16664;
k_p53(norm)=0.43800;
K_ATR(norm)=0.48367;
p53ser46_ref50_72h(norm)=0.36031;
kp_ser46(norm)=0.68524;
K_p53(norm)=0.00010;
upAsy(norm)=0.00010;
sness(norm)=0.42806;
k_apop(norm)=0.66271;
tED50(norm)=0.18180;
cell_pop_norm0_Jack_MGMT_P(norm)=1.00000;
k_dis(norm)=0.65029;

%%%%%%%%%

TMZout0_Ka_XTMZ=35.6335269779;
MGMT_P0=1.7935922397;
k_MGMT=29.5838837281;
k_addO=0.0084127364;
k_addN=0.2153875622;
DSB_72h_fac=0.7560567572;
k_DSBO=0.0003191538;
k_DSBN=0.0000263221;
k_CyA=1.3643645098;
fVX=0.0020042231;
kf_ATR_MGMT_P=0.0000128698;
k_ATR=0.0247648405;
K_add=0.0000452334;
kd_pATR=0.0034614195;
k_Chk1=540.2163361248;
C_Chk1=0.8902636225;
pChk1_ref12_5_24h=0.0046411643;
pChk1_ref100_24h=0.0050150682;
pChk1_ref100_48h=0.0058846857;
kd_pChk1=0.0855280393;
k_cdc25=208.3329946622;
K_cdc25=0.8215711239;
kf_p53=0.0004847095;
k_p53=32.7923130723;
K_ATR=0.0003806896;
p53ser46_ref50_72h=0.0004502883;
kp_ser46=4.1852116871;
K_p53=0.3225607171;
upAsy=0.1534735768;
sness=0.0036445087;
k_apop=0.0681346946;
tED50=264.7110185824;
cell_pop_norm0_Jack_MGMT_P=100.0000000000;
k_dis=0.0171317923;

%%%%%%%%%

cost=515.0649274400;

%%%%%%%%%

