TMZout0_Ka_XTMZ(norm)=1.00000;
MGMT_P0(norm)=0.12244;
k_MGMT(norm)=0.69417;
k_addO(norm)=0.14002;
k_addN(norm)=0.46624;
DSB_72h_fac(norm)=0.66521;
k_DSBO(norm)=0.38189;
k_DSBN(norm)=0.57490;
k_CyA(norm)=0.69647;
fVX(norm)=0.48134;
kf_ATR_MGMT_P(norm)=0.63801;
k_ATR(norm)=0.79207;
K_add(norm)=0.02463;
kd_pATR(norm)=0.28667;
k_Chk1(norm)=0.56538;
C_Chk1(norm)=0.50348;
pChk1_ref12_5_24h(norm)=0.79715;
pChk1_ref100_24h(norm)=0.95471;
pChk1_ref100_48h(norm)=1.00000;
kd_pChk1(norm)=0.15895;
k_cdc25(norm)=0.02475;
K_cdc25(norm)=0.32965;
kf_p53(norm)=0.32087;
k_p53(norm)=0.66035;
K_ATR(norm)=0.31839;
p53ser46_ref50_72h(norm)=0.50337;
kp_ser46(norm)=0.00010;
K_p53(norm)=0.39303;
upAsy(norm)=0.00010;
sness(norm)=0.31185;
k_apop(norm)=0.64227;
tED50(norm)=0.77557;
cell_pop_norm0_Jack_MGMT_P(norm)=0.70492;
k_dis(norm)=0.41435;

%%%%%%%%%

TMZout0_Ka_XTMZ=39.0000000000;
MGMT_P0=1.5504894087;
k_MGMT=45.9070345269;
k_addO=0.0074845661;
k_addN=0.1264004696;
DSB_72h_fac=1.0887721152;
k_DSBO=0.0002680508;
k_DSBN=0.0000411089;
k_CyA=2.2769848063;
fVX=0.0012582394;
kf_ATR_MGMT_P=0.0000113698;
k_ATR=0.0226628186;
K_add=0.0000451296;
kd_pATR=0.0024671948;
k_Chk1=428.1894202295;
C_Chk1=0.6953490794;
pChk1_ref12_5_24h=0.0085115642;
pChk1_ref100_24h=0.0097399750;
pChk1_ref100_48h=0.0118856711;
kd_pChk1=0.0546871415;
k_cdc25=184.0319443453;
K_cdc25=1.0787400252;
kf_p53=0.0005375917;
k_p53=31.9860049020;
K_ATR=0.0002747628;
p53ser46_ref50_72h=0.0005159014;
kp_ser46=2.5926400881;
K_p53=0.7025396646;
upAsy=0.1689873208;
sness=0.0031328895;
k_apop=0.0666577219;
tED50=481.3284820359;
cell_pop_norm0_Jack_MGMT_P=90.0101607199;
k_dis=0.0140661201;

%%%%%%%%%

cost=4266.6690407380;

%%%%%%%%%

