TMZout0_Ka_XTMZ(norm)=0.19661;
MGMT_P0(norm)=0.66915;
k_MGMT(norm)=0.42739;
k_addO(norm)=0.27431;
k_addN(norm)=0.48811;
DSB_72h_fac(norm)=0.39855;
k_DSBO(norm)=0.27671;
k_DSBN(norm)=0.43716;
k_CyA(norm)=1.00000;
fVX(norm)=0.40229;
kf_ATR_MGMT_P(norm)=0.64604;
k_ATR(norm)=0.66085;
K_add(norm)=0.47453;
kd_pATR(norm)=0.60984;
k_Chk1(norm)=0.77644;
C_Chk1(norm)=0.16928;
pChk1_ref12_5_24h(norm)=0.40438;
pChk1_ref100_24h(norm)=0.57562;
pChk1_ref100_48h(norm)=0.43950;
kd_pChk1(norm)=1.00000;
k_cdc25(norm)=0.61395;
K_cdc25(norm)=0.08472;
kf_p53(norm)=0.62565;
k_p53(norm)=0.79072;
K_ATR(norm)=0.42212;
p53ser46_ref50_72h(norm)=0.83378;
kp_ser46(norm)=0.27725;
K_p53(norm)=0.59220;
upAsy(norm)=1.00000;
sness(norm)=1.00000;
k_apop(norm)=0.93524;
tED50(norm)=0.33260;
cell_pop_norm0_Jack_MGMT_P(norm)=0.46844;
k_dis(norm)=0.00010;

%%%%%%%%%

TMZout0_Ka_XTMZ=32.4312594076;
MGMT_P0=2.0352084715;
k_MGMT=41.0403959026;
k_addO=0.0085086198;
k_addN=0.1395908163;
DSB_72h_fac=0.9037820856;
k_DSBO=0.0002411497;
k_DSBN=0.0000325608;
k_CyA=2.8989184694;
fVX=0.0012078203;
kf_ATR_MGMT_P=0.0000114324;
k_ATR=0.0221633715;
K_add=0.0000638468;
kd_pATR=0.0039600046;
k_Chk1=564.7774749210;
C_Chk1=0.5230538493;
pChk1_ref12_5_24h=0.0065372262;
pChk1_ref100_24h=0.0075752593;
pChk1_ref100_48h=0.0076315266;
kd_pChk1=0.1160280820;
k_cdc25=247.1349368897;
K_cdc25=0.8826395400;
kf_p53=0.0007151277;
k_p53=44.2146866295;
K_ATR=0.0003613461;
p53ser46_ref50_72h=0.0006725352;
kp_ser46=2.9619866332;
K_p53=0.5327099120;
upAsy=0.3580746716;
sness=0.0059169975;
k_apop=0.0858327549;
tED50=300.7882299150;
cell_pop_norm0_Jack_MGMT_P=82.7295942181;
k_dis=0.0098752604;

%%%%%%%%%

cost=344.7413578825;

%%%%%%%%%

