TMZout0_Ka_XTMZ(norm)=0.76710;
MGMT_P0(norm)=0.73898;
k_MGMT(norm)=0.75157;
k_addO(norm)=1.00000;
k_addN(norm)=0.55904;
DSB_72h_fac(norm)=0.63864;
k_DSBO(norm)=0.12371;
k_DSBN(norm)=0.13579;
k_CyA(norm)=0.75492;
fVX(norm)=0.00010;
kf_ATR_MGMT_P(norm)=0.27440;
k_ATR(norm)=0.54269;
K_add(norm)=0.84751;
kd_pATR(norm)=0.69730;
k_Chk1(norm)=0.00010;
C_Chk1(norm)=0.00010;
pChk1_ref12_5_24h(norm)=1.00000;
pChk1_ref100_24h(norm)=0.76030;
pChk1_ref100_48h(norm)=0.58909;
kd_pChk1(norm)=0.83167;
k_cdc25(norm)=0.28198;
K_cdc25(norm)=1.00000;
kf_p53(norm)=0.66841;
k_p53(norm)=0.33632;
K_ATR(norm)=0.16899;
p53ser46_ref50_72h(norm)=0.59645;
kp_ser46(norm)=0.30815;
K_p53(norm)=0.67654;
upAsy(norm)=0.78552;
sness(norm)=0.20446;
k_apop(norm)=0.84774;
tED50(norm)=0.47246;
cell_pop_norm0_Jack_MGMT_P(norm)=0.62346;
k_dis(norm)=0.00010;

%%%%%%%%%

TMZout0_Ka_XTMZ=36.9694794368;
MGMT_P0=2.1255070432;
k_MGMT=54.0135483919;
k_addO=0.0157361294;
k_addN=0.1482367907;
DSB_72h_fac=1.0762998038;
k_DSBO=0.0002118310;
k_DSBN=0.0000252230;
k_CyA=2.3553302979;
fVX=0.0008590255;
kf_ATR_MGMT_P=0.0000083441;
k_ATR=0.0200519837;
K_add=0.0000875763;
kd_pATR=0.0042645986;
k_Chk1=292.5525408855;
C_Chk1=0.4532009724;
pChk1_ref12_5_24h=0.0108284658;
pChk1_ref100_24h=0.0088583903;
pChk1_ref100_48h=0.0086627883;
kd_pChk1=0.1006056739;
k_cdc25=186.5420869452;
K_cdc25=1.9168368689;
kf_p53=0.0007415176;
k_p53=30.0854397412;
K_ATR=0.0002915938;
p53ser46_ref50_72h=0.0005500265;
kp_ser46=3.0405786716;
K_p53=0.5721715666;
upAsy=0.2985737209;
sness=0.0030155197;
k_apop=0.0796994931;
tED50=338.6301570016;
cell_pop_norm0_Jack_MGMT_P=87.4324518964;
k_dis=0.0098752604;

%%%%%%%%%

cost=100000.0000000000;

%%%%%%%%%

