TMZout0_Ka_XTMZ(norm)=0.52946;
MGMT_P0(norm)=0.43618;
k_MGMT(norm)=0.58213;
k_addO(norm)=0.80437;
k_addN(norm)=0.43629;
DSB_72h_fac(norm)=0.73424;
k_DSBO(norm)=0.57151;
k_DSBN(norm)=1.00000;
k_CyA(norm)=0.39741;
fVX(norm)=0.23868;
kf_ATR_MGMT_P(norm)=0.80418;
k_ATR(norm)=0.61699;
K_add(norm)=0.92381;
kd_pATR(norm)=0.61201;
k_Chk1(norm)=0.18207;
C_Chk1(norm)=0.45545;
pChk1_ref12_5_24h(norm)=0.47324;
pChk1_ref100_24h(norm)=0.57954;
pChk1_ref100_48h(norm)=0.56694;
kd_pChk1(norm)=0.45485;
k_cdc25(norm)=0.68942;
K_cdc25(norm)=0.65034;
kf_p53(norm)=0.28018;
k_p53(norm)=0.44238;
K_ATR(norm)=0.49188;
p53ser46_ref50_72h(norm)=0.21278;
kp_ser46(norm)=0.56521;
K_p53(norm)=0.17079;
upAsy(norm)=0.75332;
sness(norm)=0.89740;
k_apop(norm)=0.57940;
tED50(norm)=0.88900;
cell_pop_norm0_Jack_MGMT_P(norm)=0.44941;
k_dis(norm)=0.38735;

%%%%%%%%%

TMZout0_Ka_XTMZ=35.0066104775;
MGMT_P0=1.7799280167;
k_MGMT=39.1407902860;
k_addO=0.0122582600;
k_addN=0.1009759944;
DSB_72h_fac=1.1440662050;
k_DSBO=0.0003202998;
k_DSBN=0.0000581514;
k_CyA=1.9981720325;
fVX=0.0009476143;
kf_ATR_MGMT_P=0.0000128773;
k_ATR=0.0252935627;
K_add=0.0000996552;
kd_pATR=0.0034598918;
k_Chk1=287.0195039660;
C_Chk1=0.6799655366;
pChk1_ref12_5_24h=0.0070543665;
pChk1_ref100_24h=0.0077318855;
pChk1_ref100_48h=0.0089180841;
kd_pChk1=0.0681761393;
k_cdc25=278.1531200693;
K_cdc25=1.3933819274;
kf_p53=0.0004562353;
k_p53=32.6184888738;
K_ATR=0.0004352023;
p53ser46_ref50_72h=0.0003420018;
kp_ser46=3.3101387159;
K_p53=0.4337993575;
upAsy=0.2870958926;
sness=0.0049640284;
k_apop=0.0657171558;
tED50=564.8010907315;
cell_pop_norm0_Jack_MGMT_P=82.1697730446;
k_dis=0.0138112060;

%%%%%%%%%

cost=238.9337172360;

%%%%%%%%%

