TMZout0_Ka_XTMZ(norm)=0.85550;
MGMT_P0(norm)=0.07265;
k_MGMT(norm)=1.00000;
k_addO(norm)=0.75661;
k_addN(norm)=0.33744;
DSB_72h_fac(norm)=0.17990;
k_DSBO(norm)=0.00010;
k_DSBN(norm)=0.57416;
k_CyA(norm)=1.00000;
fVX(norm)=0.00010;
kf_ATR_MGMT_P(norm)=0.52423;
k_ATR(norm)=0.88300;
K_add(norm)=0.56139;
kd_pATR(norm)=0.13213;
k_Chk1(norm)=0.17923;
C_Chk1(norm)=0.44162;
pChk1_ref12_5_24h(norm)=0.17305;
pChk1_ref100_24h(norm)=0.19705;
pChk1_ref100_48h(norm)=0.95772;
kd_pChk1(norm)=0.19488;
k_cdc25(norm)=0.32814;
K_cdc25(norm)=0.38519;
kf_p53(norm)=0.20014;
k_p53(norm)=0.96312;
K_ATR(norm)=0.64728;
p53ser46_ref50_72h(norm)=0.50640;
kp_ser46(norm)=0.00010;
K_p53(norm)=1.00000;
upAsy(norm)=0.01484;
sness(norm)=0.59102;
k_apop(norm)=0.77733;
tED50(norm)=0.95376;
cell_pop_norm0_Jack_MGMT_P(norm)=0.55929;
k_dis(norm)=0.00010;

%%%%%%%%%

TMZout0_Ka_XTMZ=37.7274143199;
MGMT_P0=1.4298037450;
k_MGMT=55.7695448421;
k_addO=0.0117721012;
k_addN=0.0928633890;
DSB_72h_fac=0.7508755575;
k_DSBO=0.0001973742;
k_DSBN=0.0000405379;
k_CyA=3.3294504548;
fVX=0.0007741765;
kf_ATR_MGMT_P=0.0000101581;
k_ATR=0.0316879645;
K_add=0.0000733061;
kd_pATR=0.0023039627;
k_Chk1=286.3298296864;
C_Chk1=0.6720470280;
pChk1_ref12_5_24h=0.0054700930;
pChk1_ref100_24h=0.0055916224;
pChk1_ref100_48h=0.0124185707;
kd_pChk1=0.0546975861;
k_cdc25=204.8045477266;
K_cdc25=1.1130163287;
kf_p53=0.0004263191;
k_p53=50.7089184352;
K_ATR=0.0004964489;
p53ser46_ref50_72h=0.0004386062;
kp_ser46=2.0506814443;
K_p53=0.8758248289;
upAsy=0.1535615365;
sness=0.0038290888;
k_apop=0.0777159884;
tED50=596.6628439770;
cell_pop_norm0_Jack_MGMT_P=85.4541210185;
k_dis=0.0099479497;

%%%%%%%%%

cost=1036.3429789312;

%%%%%%%%%

