TMZout0_Ka_XTMZ(norm)=0.17971;
MGMT_P0(norm)=0.95926;
k_MGMT(norm)=0.41358;
k_addO(norm)=0.55573;
k_addN(norm)=0.23081;
DSB_72h_fac(norm)=0.68085;
k_DSBO(norm)=0.76320;
k_DSBN(norm)=0.85949;
k_CyA(norm)=0.42778;
fVX(norm)=0.43614;
kf_ATR_MGMT_P(norm)=0.59451;
k_ATR(norm)=0.47781;
K_add(norm)=0.71180;
kd_pATR(norm)=0.18909;
k_Chk1(norm)=0.49332;
C_Chk1(norm)=0.63341;
pChk1_ref12_5_24h(norm)=0.61249;
pChk1_ref100_24h(norm)=0.61411;
pChk1_ref100_48h(norm)=0.62846;
kd_pChk1(norm)=0.48708;
k_cdc25(norm)=0.86325;
K_cdc25(norm)=0.67199;
kf_p53(norm)=0.51501;
k_p53(norm)=0.30854;
K_ATR(norm)=0.31294;
p53ser46_ref50_72h(norm)=0.56551;
kp_ser46(norm)=0.64306;
K_p53(norm)=0.52892;
upAsy(norm)=0.10990;
sness(norm)=0.32120;
k_apop(norm)=0.57309;
tED50(norm)=0.31732;
cell_pop_norm0_Jack_MGMT_P(norm)=0.14697;
k_dis(norm)=0.62346;

%%%%%%%%%

TMZout0_Ka_XTMZ=32.3057175301;
MGMT_P0=2.4374708080;
k_MGMT=40.5632197694;
k_addO=0.0107998731;
k_addN=0.1122471922;
DSB_72h_fac=1.1098737892;
k_DSBO=0.0003641718;
k_DSBN=0.0000465695;
k_CyA=1.7851354305;
fVX=0.0012429599;
kf_ATR_MGMT_P=0.0000109440;
k_ATR=0.0189793320;
K_add=0.0000780637;
kd_pATR=0.0027724830;
k_Chk1=444.3212675464;
C_Chk1=0.7750575948;
pChk1_ref12_5_24h=0.0077978016;
pChk1_ref100_24h=0.0078263505;
pChk1_ref100_48h=0.0089566260;
kd_pChk1=0.0751310471;
k_cdc25=305.2596553565;
K_cdc25=1.4517222491;
kf_p53=0.0006511351;
k_p53=29.3856011609;
K_ATR=0.0003294182;
p53ser46_ref50_72h=0.0005357952;
kp_ser46=4.0382482007;
K_p53=0.5048995041;
upAsy=0.1684375913;
sness=0.0033290501;
k_apop=0.0631526209;
tED50=296.9209079288;
cell_pop_norm0_Jack_MGMT_P=73.7672712833;
k_dis=0.0167466868;

%%%%%%%%%

cost=123.8983792935;

%%%%%%%%%

