TMZout0_Ka_XTMZ(norm)=0.08083;
MGMT_P0(norm)=0.99730;
k_MGMT(norm)=0.45466;
k_addO(norm)=0.66352;
k_addN(norm)=0.68678;
DSB_72h_fac(norm)=0.64277;
k_DSBO(norm)=0.45871;
k_DSBN(norm)=0.32388;
k_CyA(norm)=0.68906;
fVX(norm)=0.47216;
kf_ATR_MGMT_P(norm)=0.59582;
k_ATR(norm)=0.71284;
K_add(norm)=0.57803;
kd_pATR(norm)=0.61168;
k_Chk1(norm)=0.56859;
C_Chk1(norm)=0.58235;
pChk1_ref12_5_24h(norm)=0.52092;
pChk1_ref100_24h(norm)=0.52331;
pChk1_ref100_48h(norm)=0.55608;
kd_pChk1(norm)=0.73532;
k_cdc25(norm)=0.59458;
K_cdc25(norm)=0.67201;
kf_p53(norm)=0.74746;
k_p53(norm)=0.80556;
K_ATR(norm)=0.78062;
p53ser46_ref50_72h(norm)=0.76856;
kp_ser46(norm)=0.54565;
K_p53(norm)=0.39062;
upAsy(norm)=0.18705;
sness(norm)=0.33151;
k_apop(norm)=0.43936;
tED50(norm)=0.31744;
cell_pop_norm0_Jack_MGMT_P(norm)=0.14958;
k_dis(norm)=0.59552;

%%%%%%%%%

TMZout0_Ka_XTMZ=31.5806014626;
MGMT_P0=2.4963273672;
k_MGMT=37.4753587780;
k_addO=0.0116627398;
k_addN=0.1523713252;
DSB_72h_fac=1.0705778674;
k_DSBO=0.0002860786;
k_DSBN=0.0000332328;
k_CyA=2.2627366836;
fVX=0.0012484916;
kf_ATR_MGMT_P=0.0000109705;
k_ATR=0.0211914430;
K_add=0.0000721275;
kd_pATR=0.0032493659;
k_Chk1=429.3578970018;
C_Chk1=0.7434007083;
pChk1_ref12_5_24h=0.0067354310;
pChk1_ref100_24h=0.0067578633;
pChk1_ref100_48h=0.0081596175;
kd_pChk1=0.0891196434;
k_cdc25=298.2485430747;
K_cdc25=1.4417653033;
kf_p53=0.0007716644;
k_p53=36.1738408215;
K_ATR=0.0004064854;
p53ser46_ref50_72h=0.0006458774;
kp_ser46=4.1161697403;
K_p53=0.7011070680;
upAsy=0.1979913083;
sness=0.0031854938;
k_apop=0.0561285915;
tED50=326.4840736949;
cell_pop_norm0_Jack_MGMT_P=73.8360408243;
k_dis=0.0163999277;

%%%%%%%%%

cost=123.6702709420;

%%%%%%%%%

