TMZout0_Ka_XTMZ(norm)=0.30252;
MGMT_P0(norm)=0.76095;
k_MGMT(norm)=0.53673;
k_addO(norm)=0.61337;
k_addN(norm)=0.60401;
DSB_72h_fac(norm)=0.63079;
k_DSBO(norm)=0.58955;
k_DSBN(norm)=0.48188;
k_CyA(norm)=0.57387;
fVX(norm)=0.84191;
kf_ATR_MGMT_P(norm)=0.62904;
k_ATR(norm)=0.58207;
K_add(norm)=0.56463;
kd_pATR(norm)=0.66318;
k_Chk1(norm)=0.64787;
C_Chk1(norm)=0.61095;
pChk1_ref12_5_24h(norm)=0.47657;
pChk1_ref100_24h(norm)=0.47755;
pChk1_ref100_48h(norm)=0.42698;
kd_pChk1(norm)=0.80509;
k_cdc25(norm)=0.45385;
K_cdc25(norm)=0.62755;
kf_p53(norm)=0.23780;
k_p53(norm)=0.77652;
K_ATR(norm)=0.69206;
p53ser46_ref50_72h(norm)=0.23675;
kp_ser46(norm)=0.60166;
K_p53(norm)=0.75553;
upAsy(norm)=0.64863;
sness(norm)=0.85417;
k_apop(norm)=0.51520;
tED50(norm)=0.61688;
cell_pop_norm0_Jack_MGMT_P(norm)=0.14492;
k_dis(norm)=0.56632;

%%%%%%%%%

TMZout0_Ka_XTMZ=33.2295345935;
MGMT_P0=2.1209114790;
k_MGMT=48.7710344993;
k_addO=0.0105985626;
k_addN=0.1465261134;
DSB_72h_fac=1.0377237523;
k_DSBO=0.0003673872;
k_DSBN=0.0000324472;
k_CyA=2.7476527243;
fVX=0.0018073637;
kf_ATR_MGMT_P=0.0000113198;
k_ATR=0.0281170340;
K_add=0.0000888961;
kd_pATR=0.0021202053;
k_Chk1=336.1259721891;
C_Chk1=0.7715436647;
pChk1_ref12_5_24h=0.0080609369;
pChk1_ref100_24h=0.0081150344;
pChk1_ref100_48h=0.0093967801;
kd_pChk1=0.0734208067;
k_cdc25=189.6634598557;
K_cdc25=1.4170297198;
kf_p53=0.0003511662;
k_p53=35.9408614255;
K_ATR=0.0005324688;
p53ser46_ref50_72h=0.0002870881;
kp_ser46=3.1334949491;
K_p53=0.6749640706;
upAsy=0.2969124411;
sness=0.0067471208;
k_apop=0.0581558464;
tED50=424.7989410149;
cell_pop_norm0_Jack_MGMT_P=73.7133965810;
k_dis=0.0154577248;

%%%%%%%%%

cost=124.5355145105;

%%%%%%%%%

