TMZout0_Ka_XTMZ(norm)=0.97385;
MGMT_P0(norm)=0.01692;
k_MGMT(norm)=0.79686;
k_addO(norm)=0.74581;
k_addN(norm)=0.54601;
DSB_72h_fac(norm)=0.48954;
k_DSBO(norm)=0.05983;
k_DSBN(norm)=0.35233;
k_CyA(norm)=0.81845;
fVX(norm)=0.67126;
kf_ATR_MGMT_P(norm)=0.68715;
k_ATR(norm)=0.77020;
K_add(norm)=0.67933;
kd_pATR(norm)=0.49527;
k_Chk1(norm)=0.96767;
C_Chk1(norm)=0.57554;
pChk1_ref12_5_24h(norm)=0.37018;
pChk1_ref100_24h(norm)=0.55208;
pChk1_ref100_48h(norm)=0.47219;
kd_pChk1(norm)=0.56661;
k_cdc25(norm)=0.47058;
K_cdc25(norm)=0.18970;
kf_p53(norm)=0.53448;
k_p53(norm)=0.35884;
K_ATR(norm)=0.49136;
p53ser46_ref50_72h(norm)=0.39471;
kp_ser46(norm)=0.25838;
K_p53(norm)=0.40543;
upAsy(norm)=0.46725;
sness(norm)=0.88465;
k_apop(norm)=0.56414;
tED50(norm)=0.57805;
cell_pop_norm0_Jack_MGMT_P(norm)=0.54683;
k_dis(norm)=0.32186;

%%%%%%%%%

TMZout0_Ka_XTMZ=38.7665976752;
MGMT_P0=1.3567630550;
k_MGMT=56.1263856061;
k_addO=0.0126870609;
k_addN=0.1466092340;
DSB_72h_fac=0.9656391951;
k_DSBO=0.0002006689;
k_DSBN=0.0000303026;
k_CyA=2.4855843710;
fVX=0.0015169674;
kf_ATR_MGMT_P=0.0000118376;
k_ATR=0.0243150660;
K_add=0.0000759452;
kd_pATR=0.0035936335;
k_Chk1=664.1232000720;
C_Chk1=0.7379698583;
pChk1_ref12_5_24h=0.0063505218;
pChk1_ref100_24h=0.0074256390;
pChk1_ref100_48h=0.0078458419;
kd_pChk1=0.0803685916;
k_cdc25=218.8657146550;
K_cdc25=0.9647480261;
kf_p53=0.0006619686;
k_p53=30.6649945558;
K_ATR=0.0003831791;
p53ser46_ref50_72h=0.0004636064;
kp_ser46=2.9150111903;
K_p53=0.4547400364;
upAsy=0.2279993265;
sness=0.0053660623;
k_apop=0.0626751219;
tED50=370.3242027402;
cell_pop_norm0_Jack_MGMT_P=85.0751370695;
k_dis=0.0129703063;

%%%%%%%%%

cost=230.6910138547;

%%%%%%%%%

