TMZout0_Ka_XTMZ(norm)=0.78201;
MGMT_P0(norm)=0.81551;
k_MGMT(norm)=0.44932;
k_addO(norm)=0.54306;
k_addN(norm)=0.68643;
DSB_72h_fac(norm)=0.70606;
k_DSBO(norm)=0.77768;
k_DSBN(norm)=0.39089;
k_CyA(norm)=0.68686;
fVX(norm)=0.63534;
kf_ATR_MGMT_P(norm)=0.58889;
k_ATR(norm)=0.56565;
K_add(norm)=0.72450;
kd_pATR(norm)=0.36857;
k_Chk1(norm)=0.67853;
C_Chk1(norm)=0.64942;
pChk1_ref12_5_24h(norm)=0.50503;
pChk1_ref100_24h(norm)=0.51552;
pChk1_ref100_48h(norm)=0.56264;
kd_pChk1(norm)=0.73067;
k_cdc25(norm)=0.32360;
K_cdc25(norm)=0.61351;
kf_p53(norm)=0.65128;
k_p53(norm)=0.57399;
K_ATR(norm)=0.57443;
p53ser46_ref50_72h(norm)=0.64214;
kp_ser46(norm)=0.60612;
K_p53(norm)=0.21693;
upAsy(norm)=0.37395;
sness(norm)=0.26180;
k_apop(norm)=0.57965;
tED50(norm)=0.60699;
cell_pop_norm0_Jack_MGMT_P(norm)=0.15238;
k_dis(norm)=0.62559;

%%%%%%%%%

TMZout0_Ka_XTMZ=37.0963128199;
MGMT_P0=2.2290800324;
k_MGMT=41.8102886179;
k_addO=0.0106844797;
k_addN=0.1651330238;
DSB_72h_fac=1.1304226015;
k_DSBO=0.0003686671;
k_DSBN=0.0000313088;
k_CyA=2.2233409650;
fVX=0.0014715039;
kf_ATR_MGMT_P=0.0000108919;
k_ATR=0.0204458714;
K_add=0.0000789084;
kd_pATR=0.0032278529;
k_Chk1=519.8151795594;
C_Chk1=0.7856445031;
pChk1_ref12_5_24h=0.0071191734;
pChk1_ref100_24h=0.0071991343;
pChk1_ref100_48h=0.0084707650;
kd_pChk1=0.0923538984;
k_cdc25=193.2384179260;
K_cdc25=1.3815441402;
kf_p53=0.0007308281;
k_p53=36.7970628153;
K_ATR=0.0004111217;
p53ser46_ref50_72h=0.0005717371;
kp_ser46=3.9138331477;
K_p53=0.3876145199;
upAsy=0.2106695700;
sness=0.0031656316;
k_apop=0.0635041174;
tED50=379.5166329413;
cell_pop_norm0_Jack_MGMT_P=73.9099270847;
k_dis=0.0167769990;

%%%%%%%%%

cost=123.2784412742;

%%%%%%%%%

