TMZout0_Ka_XTMZ(norm)=0.33842;
MGMT_P0(norm)=0.00010;
k_MGMT(norm)=0.05850;
k_addO(norm)=0.63792;
k_addN(norm)=0.76245;
DSB_72h_fac(norm)=0.49778;
k_DSBO(norm)=0.00010;
k_DSBN(norm)=0.44050;
k_CyA(norm)=0.31564;
fVX(norm)=0.84649;
kf_ATR_MGMT_P(norm)=0.73693;
k_ATR(norm)=0.53941;
K_add(norm)=0.20054;
kd_pATR(norm)=0.41972;
k_Chk1(norm)=0.20001;
C_Chk1(norm)=0.45583;
pChk1_ref12_5_24h(norm)=0.00010;
pChk1_ref100_24h(norm)=0.36893;
pChk1_ref100_48h(norm)=0.37512;
kd_pChk1(norm)=0.70028;
k_cdc25(norm)=0.01781;
K_cdc25(norm)=0.00010;
kf_p53(norm)=0.00010;
k_p53(norm)=0.17886;
K_ATR(norm)=0.54327;
p53ser46_ref50_72h(norm)=0.73704;
kp_ser46(norm)=0.70192;
K_p53(norm)=0.16642;
upAsy(norm)=0.00010;
sness(norm)=0.00010;
k_apop(norm)=0.71206;
tED50(norm)=1.00000;
cell_pop_norm0_Jack_MGMT_P(norm)=0.51704;
k_dis(norm)=0.78119;

%%%%%%%%%

TMZout0_Ka_XTMZ=33.5045302978;
MGMT_P0=1.3426454420;
k_MGMT=30.0240803084;
k_addO=0.0115787087;
k_addN=0.1761196085;
DSB_72h_fac=0.9714509944;
k_DSBO=0.0001907665;
k_DSBN=0.0000326531;
k_CyA=1.6233311371;
fVX=0.0017597728;
kf_ATR_MGMT_P=0.0000123475;
k_ATR=0.0199962693;
K_add=0.0000506195;
kd_pATR=0.0033708203;
k_Chk1=346.5488561304;
C_Chk1=0.6667919246;
pChk1_ref12_5_24h=0.0046411643;
pChk1_ref100_24h=0.0063582566;
pChk1_ref100_48h=0.0072264007;
kd_pChk1=0.0900062160;
k_cdc25=149.1315568971;
K_cdc25=0.8215711239;
kf_p53=0.0004209179;
k_p53=26.3278421513;
K_ATR=0.0004004091;
p53ser46_ref50_72h=0.0006196060;
kp_ser46=4.2447725562;
K_p53=0.3713757426;
upAsy=0.1534735768;
sness=0.0025360710;
k_apop=0.0710440971;
tED50=529.4799787438;
cell_pop_norm0_Jack_MGMT_P=84.1761094146;
k_dis=0.0191412991;

%%%%%%%%%

cost=307.2464864212;

%%%%%%%%%

