TMZout0_Ka_XTMZ(norm)=0.58037;
MGMT_P0(norm)=0.25548;
k_MGMT(norm)=0.00010;
k_addO(norm)=0.66709;
k_addN(norm)=0.56865;
DSB_72h_fac(norm)=0.00010;
k_DSBO(norm)=0.67146;
k_DSBN(norm)=0.27561;
k_CyA(norm)=0.45999;
fVX(norm)=0.62823;
kf_ATR_MGMT_P(norm)=0.60760;
k_ATR(norm)=0.46781;
K_add(norm)=0.90989;
kd_pATR(norm)=0.69762;
k_Chk1(norm)=0.59434;
C_Chk1(norm)=0.50340;
pChk1_ref12_5_24h(norm)=0.63795;
pChk1_ref100_24h(norm)=0.99465;
pChk1_ref100_48h(norm)=1.00000;
kd_pChk1(norm)=0.12220;
k_cdc25(norm)=1.00000;
K_cdc25(norm)=0.66054;
kf_p53(norm)=0.57613;
k_p53(norm)=0.48009;
K_ATR(norm)=0.00010;
p53ser46_ref50_72h(norm)=0.38955;
kp_ser46(norm)=0.59754;
K_p53(norm)=0.43426;
upAsy(norm)=0.57509;
sness(norm)=1.00000;
k_apop(norm)=0.64386;
tED50(norm)=0.64411;
cell_pop_norm0_Jack_MGMT_P(norm)=0.55517;
k_dis(norm)=1.00000;

%%%%%%%%%

TMZout0_Ka_XTMZ=35.4181492183;
MGMT_P0=1.5736759376;
k_MGMT=28.5745592480;
k_addO=0.0118684641;
k_addN=0.1494498168;
DSB_72h_fac=0.6763120313;
k_DSBO=0.0003369361;
k_DSBN=0.0000283954;
k_CyA=1.8345267776;
fVX=0.0014626584;
kf_ATR_MGMT_P=0.0000110660;
k_ATR=0.0188192400;
K_add=0.0000923295;
kd_pATR=0.0042657456;
k_Chk1=484.0285515813;
C_Chk1=0.6942163673;
pChk1_ref12_5_24h=0.0079678298;
pChk1_ref100_24h=0.0108041812;
pChk1_ref100_48h=0.0122705020;
kd_pChk1=0.0551508038;
k_cdc25=342.7608330462;
K_cdc25=1.4377144684;
kf_p53=0.0006857454;
k_p53=33.9828959461;
K_ATR=0.0002527144;
p53ser46_ref50_72h=0.0004615808;
kp_ser46=3.8854899765;
K_p53=0.4659852421;
upAsy=0.2498143484;
sness=0.0059169975;
k_apop=0.0670552679;
tED50=391.6426798673;
cell_pop_norm0_Jack_MGMT_P=85.3286007240;
k_dis=0.0230403219;

%%%%%%%%%

cost=889.0954258830;

%%%%%%%%%

