TMZout0_Ka_XTMZ(norm)=0.25097;
MGMT_P0(norm)=0.52749;
k_MGMT(norm)=0.47772;
k_addO(norm)=0.71522;
k_addN(norm)=0.63560;
DSB_72h_fac(norm)=0.35600;
k_DSBO(norm)=0.79440;
k_DSBN(norm)=0.28408;
k_CyA(norm)=0.70989;
fVX(norm)=0.65531;
kf_ATR_MGMT_P(norm)=0.73896;
k_ATR(norm)=0.70917;
K_add(norm)=1.00000;
kd_pATR(norm)=0.09736;
k_Chk1(norm)=0.55209;
C_Chk1(norm)=0.79131;
pChk1_ref12_5_24h(norm)=0.17637;
pChk1_ref100_24h(norm)=0.61598;
pChk1_ref100_48h(norm)=0.44871;
kd_pChk1(norm)=0.50307;
k_cdc25(norm)=0.00010;
K_cdc25(norm)=0.79079;
kf_p53(norm)=0.54512;
k_p53(norm)=0.45803;
K_ATR(norm)=0.18641;
p53ser46_ref50_72h(norm)=0.50968;
kp_ser46(norm)=1.00000;
K_p53(norm)=0.27968;
upAsy(norm)=0.17506;
sness(norm)=0.45749;
k_apop(norm)=0.38116;
tED50(norm)=0.45257;
cell_pop_norm0_Jack_MGMT_P(norm)=0.41127;
k_dis(norm)=0.36789;

%%%%%%%%%

TMZout0_Ka_XTMZ=32.8385350136;
MGMT_P0=1.9165644795;
k_MGMT=37.0547630937;
k_addO=0.0115911360;
k_addN=0.1285149933;
DSB_72h_fac=0.8606900897;
k_DSBO=0.0003864219;
k_DSBN=0.0000306841;
k_CyA=2.7229970690;
fVX=0.0015094310;
kf_ATR_MGMT_P=0.0000123831;
k_ATR=0.0292924237;
K_add=0.0001153919;
kd_pATR=0.0018003240;
k_Chk1=326.2233673443;
C_Chk1=0.8951432647;
pChk1_ref12_5_24h=0.0060260175;
pChk1_ref100_24h=0.0087652958;
pChk1_ref100_48h=0.0093896259;
kd_pChk1=0.0588369969;
k_cdc25=140.8140489158;
K_cdc25=1.6564180255;
kf_p53=0.0005571539;
k_p53=29.3493626546;
K_ATR=0.0003297309;
p53ser46_ref50_72h=0.0004501787;
kp_ser46=4.7057774264;
K_p53=0.4979622049;
upAsy=0.1389471354;
sness=0.0033741153;
k_apop=0.0488799048;
tED50=338.8963210716;
cell_pop_norm0_Jack_MGMT_P=81.0594825224;
k_dis=0.0134235548;

%%%%%%%%%

cost=355.2537342549;

%%%%%%%%%

