TMZout0_Ka_XTMZ(norm)=0.25088;
MGMT_P0(norm)=0.45054;
k_MGMT(norm)=0.31066;
k_addO(norm)=0.38837;
k_addN(norm)=0.66678;
DSB_72h_fac(norm)=0.43500;
k_DSBO(norm)=0.32380;
k_DSBN(norm)=0.36271;
k_CyA(norm)=0.51980;
fVX(norm)=0.40583;
kf_ATR_MGMT_P(norm)=0.98688;
k_ATR(norm)=0.78962;
K_add(norm)=0.69891;
kd_pATR(norm)=0.68829;
k_Chk1(norm)=0.14555;
C_Chk1(norm)=0.60084;
pChk1_ref12_5_24h(norm)=0.07724;
pChk1_ref100_24h(norm)=0.36277;
pChk1_ref100_48h(norm)=0.20995;
kd_pChk1(norm)=0.55972;
k_cdc25(norm)=0.89784;
K_cdc25(norm)=0.10262;
kf_p53(norm)=0.39727;
k_p53(norm)=0.54163;
K_ATR(norm)=0.44256;
p53ser46_ref50_72h(norm)=0.72457;
kp_ser46(norm)=0.20588;
K_p53(norm)=0.00771;
upAsy(norm)=0.34349;
sness(norm)=0.96629;
k_apop(norm)=0.48749;
tED50(norm)=0.62253;
cell_pop_norm0_Jack_MGMT_P(norm)=0.79078;
k_dis(norm)=0.34731;

%%%%%%%%%

TMZout0_Ka_XTMZ=32.8378939818;
MGMT_P0=1.7953967377;
k_MGMT=31.0982027121;
k_addO=0.0086169094;
k_addN=0.1227528566;
DSB_72h_fac=0.9114397234;
k_DSBO=0.0002596600;
k_DSBN=0.0000338884;
k_CyA=2.2165120431;
fVX=0.0010917884;
kf_ATR_MGMT_P=0.0000150333;
k_ATR=0.0292773882;
K_add=0.0000823652;
kd_pATR=0.0036908697;
k_Chk1=278.2731140274;
C_Chk1=0.7691066451;
pChk1_ref12_5_24h=0.0050435626;
pChk1_ref100_24h=0.0064345444;
pChk1_ref100_48h=0.0065903387;
kd_pChk1=0.0745110918;
k_cdc25=331.8755804436;
K_cdc25=0.8760424482;
kf_p53=0.0005038164;
k_p53=35.4800998737;
K_ATR=0.0004173900;
p53ser46_ref50_72h=0.0005276615;
kp_ser46=2.4412898848;
K_p53=0.3778138262;
upAsy=0.2028695311;
sness=0.0052624099;
k_apop=0.0607934051;
tED50=450.6535055765;
cell_pop_norm0_Jack_MGMT_P=92.8091437314;
k_dis=0.0133505583;

%%%%%%%%%

cost=345.2562572786;

%%%%%%%%%

