TMZout0_Ka_XTMZ(norm)=0.17775;
MGMT_P0(norm)=1.00000;
k_MGMT(norm)=0.77516;
k_addO(norm)=0.23553;
k_addN(norm)=0.31264;
DSB_72h_fac(norm)=0.00010;
k_DSBO(norm)=0.60565;
k_DSBN(norm)=0.47790;
k_CyA(norm)=0.41772;
fVX(norm)=0.00010;
kf_ATR_MGMT_P(norm)=0.90928;
k_ATR(norm)=0.77509;
K_add(norm)=0.51758;
kd_pATR(norm)=0.44267;
k_Chk1(norm)=0.43368;
C_Chk1(norm)=0.48031;
pChk1_ref12_5_24h(norm)=0.52446;
pChk1_ref100_24h(norm)=0.53740;
pChk1_ref100_48h(norm)=0.36260;
kd_pChk1(norm)=0.80306;
k_cdc25(norm)=0.67753;
K_cdc25(norm)=0.04005;
kf_p53(norm)=0.84766;
k_p53(norm)=0.21958;
K_ATR(norm)=0.61081;
p53ser46_ref50_72h(norm)=0.47531;
kp_ser46(norm)=0.63364;
K_p53(norm)=0.58772;
upAsy(norm)=0.10878;
sness(norm)=0.59142;
k_apop(norm)=0.40976;
tED50(norm)=0.44446;
cell_pop_norm0_Jack_MGMT_P(norm)=0.47373;
k_dis(norm)=0.47060;

%%%%%%%%%

TMZout0_Ka_XTMZ=32.2911912198;
MGMT_P0=2.5000000000;
k_MGMT=49.1678952113;
k_addO=0.0081154265;
k_addN=0.1109758464;
DSB_72h_fac=0.6607123948;
k_DSBO=0.0003240074;
k_DSBN=0.0000378654;
k_CyA=1.7979929349;
fVX=0.0008369071;
kf_ATR_MGMT_P=0.0000143078;
k_ATR=0.0223390704;
K_add=0.0000685265;
kd_pATR=0.0028158350;
k_Chk1=382.9777890364;
C_Chk1=0.6818282619;
pChk1_ref12_5_24h=0.0067556302;
pChk1_ref100_24h=0.0068390344;
pChk1_ref100_48h=0.0069258615;
kd_pChk1=0.0943843220;
k_cdc25=319.9641248746;
K_cdc25=0.8440107372;
kf_p53=0.0008400374;
k_p53=22.0174825663;
K_ATR=0.0003520137;
p53ser46_ref50_72h=0.0005037812;
kp_ser46=4.4347477395;
K_p53=0.8285387871;
upAsy=0.1852879048;
sness=0.0039702483;
k_apop=0.0547382741;
tED50=363.5829175417;
cell_pop_norm0_Jack_MGMT_P=82.8858723083;
k_dis=0.0147528105;

%%%%%%%%%

cost=210.5271964300;

%%%%%%%%%

