TMZout0_Ka_XTMZ(norm)=0.17320;
MGMT_P0(norm)=0.68060;
k_MGMT(norm)=0.00010;
k_addO(norm)=0.60911;
k_addN(norm)=0.64311;
DSB_72h_fac(norm)=0.33107;
k_DSBO(norm)=0.64980;
k_DSBN(norm)=0.29410;
k_CyA(norm)=0.93270;
fVX(norm)=0.96048;
kf_ATR_MGMT_P(norm)=0.55955;
k_ATR(norm)=0.43157;
K_add(norm)=0.70056;
kd_pATR(norm)=0.67985;
k_Chk1(norm)=0.82943;
C_Chk1(norm)=0.58959;
pChk1_ref12_5_24h(norm)=0.30288;
pChk1_ref100_24h(norm)=0.36337;
pChk1_ref100_48h(norm)=0.51298;
kd_pChk1(norm)=0.59379;
k_cdc25(norm)=0.39692;
K_cdc25(norm)=0.53788;
kf_p53(norm)=1.00000;
k_p53(norm)=0.92063;
K_ATR(norm)=0.38434;
p53ser46_ref50_72h(norm)=0.41565;
kp_ser46(norm)=0.31855;
K_p53(norm)=0.18583;
upAsy(norm)=0.23263;
sness(norm)=0.00010;
k_apop(norm)=0.95742;
tED50(norm)=0.55668;
cell_pop_norm0_Jack_MGMT_P(norm)=0.46586;
k_dis(norm)=0.47602;

%%%%%%%%%

TMZout0_Ka_XTMZ=32.2574459061;
MGMT_P0=2.0497517488;
k_MGMT=28.5745592480;
k_addO=0.0112994624;
k_addN=0.1591823637;
DSB_72h_fac=0.8604744100;
k_DSBO=0.0003308087;
k_DSBN=0.0000288436;
k_CyA=2.7382337528;
fVX=0.0019382282;
kf_ATR_MGMT_P=0.0000106245;
k_ATR=0.0182501617;
K_add=0.0000773238;
kd_pATR=0.0042019963;
k_Chk1=590.7149897209;
C_Chk1=0.7468060592;
pChk1_ref12_5_24h=0.0059985046;
pChk1_ref100_24h=0.0063284057;
pChk1_ref100_48h=0.0081217642;
kd_pChk1=0.0822406263;
k_cdc25=205.6223599894;
K_cdc25=1.2957949377;
kf_p53=0.0009820586;
k_p53=49.3594135203;
K_ATR=0.0003499614;
p53ser46_ref50_72h=0.0004719041;
kp_ser46=3.0674846071;
K_p53=0.3775345477;
upAsy=0.1868951621;
sness=0.0025360710;
k_apop=0.0874607344;
tED50=363.6800749441;
cell_pop_norm0_Jack_MGMT_P=82.6534539030;
k_dis=0.0147800431;

%%%%%%%%%

cost=291.5886932747;

%%%%%%%%%

