TMZout0_Ka_XTMZ(norm)=0.54916;
MGMT_P0(norm)=0.85484;
k_MGMT(norm)=0.67676;
k_addO(norm)=0.54368;
k_addN(norm)=0.55087;
DSB_72h_fac(norm)=0.62026;
k_DSBO(norm)=0.87488;
k_DSBN(norm)=0.45756;
k_CyA(norm)=0.34742;
fVX(norm)=0.69710;
kf_ATR_MGMT_P(norm)=0.60868;
k_ATR(norm)=0.63173;
K_add(norm)=0.68595;
kd_pATR(norm)=0.19443;
k_Chk1(norm)=0.52157;
C_Chk1(norm)=0.61627;
pChk1_ref12_5_24h(norm)=0.61844;
pChk1_ref100_24h(norm)=0.62031;
pChk1_ref100_48h(norm)=0.57396;
kd_pChk1(norm)=0.62067;
k_cdc25(norm)=0.40234;
K_cdc25(norm)=0.74923;
kf_p53(norm)=0.64990;
k_p53(norm)=0.59844;
K_ATR(norm)=0.62238;
p53ser46_ref50_72h(norm)=0.67869;
kp_ser46(norm)=0.48683;
K_p53(norm)=0.57790;
upAsy(norm)=0.14922;
sness(norm)=0.51603;
k_apop(norm)=0.51022;
tED50(norm)=0.20513;
cell_pop_norm0_Jack_MGMT_P(norm)=0.14161;
k_dis(norm)=0.60679;

%%%%%%%%%

TMZout0_Ka_XTMZ=35.1652877040;
MGMT_P0=2.3100546654;
k_MGMT=45.2346388504;
k_addO=0.0105366604;
k_addN=0.1357967212;
DSB_72h_fac=1.0526286011;
k_DSBO=0.0004070312;
k_DSBN=0.0000372185;
k_CyA=1.6940193666;
fVX=0.0015106290;
kf_ATR_MGMT_P=0.0000110907;
k_ATR=0.0197839702;
K_add=0.0000790340;
kd_pATR=0.0022817078;
k_Chk1=412.5890418187;
C_Chk1=0.7650755555;
pChk1_ref12_5_24h=0.0073155935;
pChk1_ref100_24h=0.0073367665;
pChk1_ref100_48h=0.0082842068;
kd_pChk1=0.0808697081;
k_cdc25=253.4176443579;
K_cdc25=1.5392554479;
kf_p53=0.0007104418;
k_p53=30.3514165876;
K_ATR=0.0003554833;
p53ser46_ref50_72h=0.0005985210;
kp_ser46=3.9160554535;
K_p53=0.8216723061;
upAsy=0.1917458322;
sness=0.0037245909;
k_apop=0.0596017721;
tED50=296.8480570796;
cell_pop_norm0_Jack_MGMT_P=73.6264894307;
k_dis=0.0165572722;

%%%%%%%%%

cost=124.8972816770;

%%%%%%%%%

