TMZout0_Ka_XTMZ(norm)=0.60311;
MGMT_P0(norm)=0.55767;
k_MGMT(norm)=1.00000;
k_addO(norm)=0.74624;
k_addN(norm)=0.36632;
DSB_72h_fac(norm)=0.41332;
k_DSBO(norm)=0.71818;
k_DSBN(norm)=0.53631;
k_CyA(norm)=0.95382;
fVX(norm)=0.51401;
kf_ATR_MGMT_P(norm)=0.83591;
k_ATR(norm)=0.30992;
K_add(norm)=0.38291;
kd_pATR(norm)=0.34747;
k_Chk1(norm)=0.67098;
C_Chk1(norm)=0.45585;
pChk1_ref12_5_24h(norm)=0.75755;
pChk1_ref100_24h(norm)=0.89669;
pChk1_ref100_48h(norm)=0.88658;
kd_pChk1(norm)=0.33875;
k_cdc25(norm)=0.49463;
K_cdc25(norm)=0.00010;
kf_p53(norm)=0.68750;
k_p53(norm)=0.14669;
K_ATR(norm)=0.00010;
p53ser46_ref50_72h(norm)=0.53038;
kp_ser46(norm)=0.48174;
K_p53(norm)=0.14920;
upAsy(norm)=0.25625;
sness(norm)=0.40490;
k_apop(norm)=0.49004;
tED50(norm)=0.29942;
cell_pop_norm0_Jack_MGMT_P(norm)=0.66902;
k_dis(norm)=0.27045;

%%%%%%%%%

TMZout0_Ka_XTMZ=35.6035321302;
MGMT_P0=1.9493736962;
k_MGMT=57.6809463461;
k_addO=0.0118997347;
k_addN=0.1022978169;
DSB_72h_fac=0.8987763736;
k_DSBO=0.0003622531;
k_DSBN=0.0000379951;
k_CyA=3.3481606703;
fVX=0.0013391073;
kf_ATR_MGMT_P=0.0000134432;
k_ATR=0.0208853622;
K_add=0.0000684068;
kd_pATR=0.0022252881;
k_Chk1=360.7977587230;
C_Chk1=0.6736796969;
pChk1_ref12_5_24h=0.0098603659;
pChk1_ref100_24h=0.0111188636;
pChk1_ref100_48h=0.0136073133;
kd_pChk1=0.0511899320;
k_cdc25=214.1031974379;
K_cdc25=0.8476482178;
kf_p53=0.0006285890;
k_p53=22.5441643542;
K_ATR=0.0002815805;
p53ser46_ref50_72h=0.0004581435;
kp_ser46=3.0333508107;
K_p53=0.4458423093;
upAsy=0.1488422723;
sness=0.0032270528;
k_apop=0.0536037359;
tED50=297.6553498208;
cell_pop_norm0_Jack_MGMT_P=88.8649746950;
k_dis=0.0123597366;

%%%%%%%%%

cost=398.4598269643;

%%%%%%%%%

