TMZout0_Ka_XTMZ(norm)=0.65910;
MGMT_P0(norm)=0.55509;
k_MGMT(norm)=0.65539;
k_addO(norm)=0.06185;
k_addN(norm)=0.75679;
DSB_72h_fac(norm)=0.74340;
k_DSBO(norm)=0.69092;
k_DSBN(norm)=0.43134;
k_CyA(norm)=0.58224;
fVX(norm)=0.63987;
kf_ATR_MGMT_P(norm)=0.61488;
k_ATR(norm)=0.67101;
K_add(norm)=0.84815;
kd_pATR(norm)=0.50562;
k_Chk1(norm)=0.51585;
C_Chk1(norm)=0.60559;
pChk1_ref12_5_24h(norm)=0.54972;
pChk1_ref100_24h(norm)=0.78048;
pChk1_ref100_48h(norm)=0.92697;
kd_pChk1(norm)=0.36725;
k_cdc25(norm)=0.42991;
K_cdc25(norm)=0.07006;
kf_p53(norm)=0.62426;
k_p53(norm)=0.53605;
K_ATR(norm)=0.43401;
p53ser46_ref50_72h(norm)=0.49041;
kp_ser46(norm)=0.57488;
K_p53(norm)=0.30552;
upAsy(norm)=0.74023;
sness(norm)=0.31651;
k_apop(norm)=0.72683;
tED50(norm)=0.79284;
cell_pop_norm0_Jack_MGMT_P(norm)=0.12637;
k_dis(norm)=0.65610;

%%%%%%%%%

TMZout0_Ka_XTMZ=36.0641451018;
MGMT_P0=1.8958872749;
k_MGMT=49.7864621622;
k_addO=0.0071068953;
k_addN=0.1752770977;
DSB_72h_fac=1.1615573766;
k_DSBO=0.0003425372;
k_DSBN=0.0000324006;
k_CyA=2.0347366420;
fVX=0.0014771588;
kf_ATR_MGMT_P=0.0000111345;
k_ATR=0.0223550010;
K_add=0.0000876237;
kd_pATR=0.0036252999;
k_Chk1=452.8836875222;
C_Chk1=0.7570038073;
pChk1_ref12_5_24h=0.0073939310;
pChk1_ref100_24h=0.0090111338;
pChk1_ref100_48h=0.0115342577;
kd_pChk1=0.0678776110;
k_cdc25=211.4514519100;
K_cdc25=0.8717419376;
kf_p53=0.0007142880;
k_p53=35.6330663542;
K_ATR=0.0003650041;
p53ser46_ref50_72h=0.0005027612;
kp_ser46=3.8115786872;
K_p53=0.4178276269;
upAsy=0.2873310948;
sness=0.0033158234;
k_apop=0.0719384580;
tED50=444.2415554256;
cell_pop_norm0_Jack_MGMT_P=73.2273468004;
k_dis=0.0172163793;

%%%%%%%%%

cost=179.9820180553;

%%%%%%%%%

