TMZout0_Ka_XTMZ(norm)=0.11759;
MGMT_P0(norm)=0.62851;
k_MGMT(norm)=0.57449;
k_addO(norm)=0.83103;
k_addN(norm)=0.43574;
DSB_72h_fac(norm)=0.41245;
k_DSBO(norm)=0.48124;
k_DSBN(norm)=0.54268;
k_CyA(norm)=0.48751;
fVX(norm)=0.97504;
kf_ATR_MGMT_P(norm)=0.58611;
k_ATR(norm)=0.63929;
K_add(norm)=0.82078;
kd_pATR(norm)=0.15838;
k_Chk1(norm)=0.81105;
C_Chk1(norm)=0.30947;
pChk1_ref12_5_24h(norm)=0.09751;
pChk1_ref100_24h(norm)=0.56116;
pChk1_ref100_48h(norm)=0.40190;
kd_pChk1(norm)=0.74392;
k_cdc25(norm)=0.17016;
K_cdc25(norm)=0.83098;
kf_p53(norm)=0.73999;
k_p53(norm)=0.32239;
K_ATR(norm)=0.60555;
p53ser46_ref50_72h(norm)=0.71031;
kp_ser46(norm)=0.91021;
K_p53(norm)=0.74603;
upAsy(norm)=0.26254;
sness(norm)=0.46481;
k_apop(norm)=0.63044;
tED50(norm)=0.18499;
cell_pop_norm0_Jack_MGMT_P(norm)=0.31469;
k_dis(norm)=0.52631;

%%%%%%%%%

TMZout0_Ka_XTMZ=31.8482786554;
MGMT_P0=2.0286073879;
k_MGMT=40.2212412961;
k_addO=0.0127861155;
k_addN=0.1084949583;
DSB_72h_fac=0.8981876783;
k_DSBO=0.0002963633;
k_DSBN=0.0000382007;
k_CyA=2.2553717276;
fVX=0.0019790841;
kf_ATR_MGMT_P=0.0000108789;
k_ATR=0.0276082767;
K_add=0.0000991351;
kd_pATR=0.0018958506;
k_Chk1=406.2610623381;
C_Chk1=0.5950968026;
pChk1_ref12_5_24h=0.0056365505;
pChk1_ref100_24h=0.0083674360;
pChk1_ref100_48h=0.0090244963;
kd_pChk1=0.0721571261;
k_cdc25=162.6393249467;
K_cdc25=1.7138073879;
kf_p53=0.0006571748;
k_p53=26.1629257468;
K_ATR=0.0004703204;
p53ser46_ref50_72h=0.0005335965;
kp_ser46=4.3610494912;
K_p53=0.7392703033;
upAsy=0.1496381706;
sness=0.0033951020;
k_apop=0.0603757406;
tED50=270.1497742141;
cell_pop_norm0_Jack_MGMT_P=78.3147958463;
k_dis=0.0153518964;

%%%%%%%%%

cost=178.2626626558;

%%%%%%%%%

