TMZout0_Ka_XTMZ(norm)=0.59552;
MGMT_P0(norm)=1.00000;
k_MGMT(norm)=0.46731;
k_addO(norm)=0.21878;
k_addN(norm)=1.00000;
DSB_72h_fac(norm)=0.26126;
k_DSBO(norm)=0.74492;
k_DSBN(norm)=0.61350;
k_CyA(norm)=0.89290;
fVX(norm)=0.32468;
kf_ATR_MGMT_P(norm)=0.55400;
k_ATR(norm)=0.00010;
K_add(norm)=0.83164;
kd_pATR(norm)=0.66387;
k_Chk1(norm)=0.47144;
C_Chk1(norm)=1.00000;
pChk1_ref12_5_24h(norm)=0.12249;
pChk1_ref100_24h(norm)=0.78251;
pChk1_ref100_48h(norm)=0.68579;
kd_pChk1(norm)=0.46044;
k_cdc25(norm)=0.38535;
K_cdc25(norm)=0.26618;
kf_p53(norm)=0.61478;
k_p53(norm)=0.65386;
K_ATR(norm)=0.00010;
p53ser46_ref50_72h(norm)=0.47104;
kp_ser46(norm)=0.44779;
K_p53(norm)=0.00010;
upAsy(norm)=0.00010;
sness(norm)=0.88038;
k_apop(norm)=0.34969;
tED50(norm)=0.81506;
cell_pop_norm0_Jack_MGMT_P(norm)=0.76896;
k_dis(norm)=0.58623;

%%%%%%%%%

TMZout0_Ka_XTMZ=35.5415450930;
MGMT_P0=2.5000000000;
k_MGMT=36.7295141703;
k_addO=0.0076110553;
k_addN=0.1750025298;
DSB_72h_fac=0.8012437523;
k_DSBO=0.0003705538;
k_DSBN=0.0000405632;
k_CyA=3.1797418463;
fVX=0.0011406338;
kf_ATR_MGMT_P=0.0000105869;
k_ATR=0.0160632722;
K_add=0.0001000513;
kd_pATR=0.0029094733;
k_Chk1=304.6740825075;
C_Chk1=1.0682849608;
pChk1_ref12_5_24h=0.0057571363;
pChk1_ref100_24h=0.0100935209;
pChk1_ref100_48h=0.0114785672;
kd_pChk1=0.0567494627;
k_cdc25=195.1689037286;
K_cdc25=1.0620078530;
kf_p53=0.0005910246;
k_p53=34.6467270638;
K_ATR=0.0002815805;
p53ser46_ref50_72h=0.0004356794;
kp_ser46=2.9473566660;
K_p53=0.3929311856;
upAsy=0.1198035342;
sness=0.0048280392;
k_apop=0.0475938658;
tED50=460.7399172329;
cell_pop_norm0_Jack_MGMT_P=92.0897445336;
k_dis=0.0161514440;

%%%%%%%%%

cost=448.3838755163;

%%%%%%%%%

