TMZout0_Ka_XTMZ(norm)=0.53737;
MGMT_P0(norm)=0.84686;
k_MGMT(norm)=0.62889;
k_addO(norm)=0.68677;
k_addN(norm)=0.47689;
DSB_72h_fac(norm)=0.04409;
k_DSBO(norm)=0.66229;
k_DSBN(norm)=0.13725;
k_CyA(norm)=0.34153;
fVX(norm)=0.63517;
kf_ATR_MGMT_P(norm)=1.00000;
k_ATR(norm)=0.66158;
K_add(norm)=0.51202;
kd_pATR(norm)=0.93841;
k_Chk1(norm)=0.37943;
C_Chk1(norm)=0.83467;
pChk1_ref12_5_24h(norm)=0.47224;
pChk1_ref100_24h(norm)=0.54036;
pChk1_ref100_48h(norm)=0.50963;
kd_pChk1(norm)=0.21045;
k_cdc25(norm)=0.71156;
K_cdc25(norm)=0.80535;
kf_p53(norm)=0.63173;
k_p53(norm)=0.32887;
K_ATR(norm)=0.38253;
p53ser46_ref50_72h(norm)=0.41573;
kp_ser46(norm)=0.73845;
K_p53(norm)=0.53674;
upAsy(norm)=0.63395;
sness(norm)=0.55951;
k_apop(norm)=0.86644;
tED50(norm)=0.20659;
cell_pop_norm0_Jack_MGMT_P(norm)=0.30494;
k_dis(norm)=0.66723;

%%%%%%%%%

TMZout0_Ka_XTMZ=35.0702423964;
MGMT_P0=2.2729627195;
k_MGMT=48.6811180676;
k_addO=0.0120679981;
k_addN=0.1382699279;
DSB_72h_fac=0.6983111053;
k_DSBO=0.0003343285;
k_DSBN=0.0000252543;
k_CyA=1.6593370752;
fVX=0.0014712919;
kf_ATR_MGMT_P=0.0000154307;
k_ATR=0.0221771665;
K_add=0.0000659077;
kd_pATR=0.0052312084;
k_Chk1=403.4475558518;
C_Chk1=0.9191670889;
pChk1_ref12_5_24h=0.0069240982;
pChk1_ref100_24h=0.0073523122;
pChk1_ref100_48h=0.0080987598;
kd_pChk1=0.0594326823;
k_cdc25=268.4433103002;
K_cdc25=1.6253899644;
kf_p53=0.0007188237;
k_p53=29.8961716161;
K_ATR=0.0003494258;
p53ser46_ref50_72h=0.0004719367;
kp_ser46=4.3781942826;
K_p53=0.5082550255;
upAsy=0.2625886394;
sness=0.0040739214;
k_apop=0.0809724412;
tED50=270.3294097612;
cell_pop_norm0_Jack_MGMT_P=78.0430945682;
k_dis=0.0173795207;

%%%%%%%%%

cost=213.5112511822;

%%%%%%%%%

