TMZout0_Ka_XTMZ(norm)=0.14461;
MGMT_P0(norm)=0.95164;
k_MGMT(norm)=0.65242;
k_addO(norm)=0.67457;
k_addN(norm)=0.86633;
DSB_72h_fac(norm)=0.73018;
k_DSBO(norm)=0.65284;
k_DSBN(norm)=0.45217;
k_CyA(norm)=0.66288;
fVX(norm)=0.37888;
kf_ATR_MGMT_P(norm)=0.60533;
k_ATR(norm)=0.65580;
K_add(norm)=0.72711;
kd_pATR(norm)=0.51987;
k_Chk1(norm)=0.17276;
C_Chk1(norm)=0.58031;
pChk1_ref12_5_24h(norm)=0.60207;
pChk1_ref100_24h(norm)=0.60723;
pChk1_ref100_48h(norm)=0.74770;
kd_pChk1(norm)=0.20230;
k_cdc25(norm)=0.34746;
K_cdc25(norm)=0.52845;
kf_p53(norm)=0.60286;
k_p53(norm)=0.36269;
K_ATR(norm)=0.52808;
p53ser46_ref50_72h(norm)=0.60431;
kp_ser46(norm)=0.61904;
K_p53(norm)=0.12152;
upAsy(norm)=0.50440;
sness(norm)=0.58238;
k_apop(norm)=0.60201;
tED50(norm)=0.54250;
cell_pop_norm0_Jack_MGMT_P(norm)=0.14674;
k_dis(norm)=0.60461;

%%%%%%%%%

TMZout0_Ka_XTMZ=32.0464157146;
MGMT_P0=2.4282046529;
k_MGMT=41.5427634955;
k_addO=0.0109816242;
k_addN=0.1453658563;
DSB_72h_fac=1.1405440277;
k_DSBO=0.0003431489;
k_DSBN=0.0000365569;
k_CyA=2.5021861887;
fVX=0.0010671449;
kf_ATR_MGMT_P=0.0000108806;
k_ATR=0.0261390131;
K_add=0.0000843565;
kd_pATR=0.0032000325;
k_Chk1=284.7642721634;
C_Chk1=0.7558470041;
pChk1_ref12_5_24h=0.0078679694;
pChk1_ref100_24h=0.0079154366;
pChk1_ref100_48h=0.0103941612;
kd_pChk1=0.0550428127;
k_cdc25=208.1853659866;
K_cdc25=1.2566690456;
kf_p53=0.0005996902;
k_p53=30.4887496260;
K_ATR=0.0004487592;
p53ser46_ref50_72h=0.0004765443;
kp_ser46=3.4645939707;
K_p53=0.4160604422;
upAsy=0.2325039895;
sness=0.0038011512;
k_apop=0.0669882224;
tED50=421.1061794386;
cell_pop_norm0_Jack_MGMT_P=73.7611814485;
k_dis=0.0166027198;

%%%%%%%%%

cost=124.5833946412;

%%%%%%%%%

