TMZout0_Ka_XTMZ(norm)=0.71583;
MGMT_P0(norm)=0.85379;
k_MGMT(norm)=0.31767;
k_addO(norm)=0.58302;
k_addN(norm)=0.46796;
DSB_72h_fac(norm)=0.49986;
k_DSBO(norm)=0.19428;
k_DSBN(norm)=0.59353;
k_CyA(norm)=0.35672;
fVX(norm)=0.35886;
kf_ATR_MGMT_P(norm)=0.55710;
k_ATR(norm)=0.70668;
K_add(norm)=0.73015;
kd_pATR(norm)=0.29009;
k_Chk1(norm)=0.61822;
C_Chk1(norm)=0.44291;
pChk1_ref12_5_24h(norm)=0.19724;
pChk1_ref100_24h(norm)=0.30808;
pChk1_ref100_48h(norm)=0.62475;
kd_pChk1(norm)=0.88175;
k_cdc25(norm)=0.45720;
K_cdc25(norm)=0.32438;
kf_p53(norm)=0.04578;
k_p53(norm)=0.53123;
K_ATR(norm)=0.23505;
p53ser46_ref50_72h(norm)=0.21292;
kp_ser46(norm)=0.77151;
K_p53(norm)=0.44886;
upAsy(norm)=0.07482;
sness(norm)=0.26902;
k_apop(norm)=0.60238;
tED50(norm)=0.19213;
cell_pop_norm0_Jack_MGMT_P(norm)=0.00010;
k_dis(norm)=0.40063;

%%%%%%%%%

TMZout0_Ka_XTMZ=36.5368908086;
MGMT_P0=2.2827745078;
k_MGMT=37.3972120262;
k_addO=0.0110524210;
k_addN=0.1372283193;
DSB_72h_fac=0.9729187107;
k_DSBO=0.0002248823;
k_DSBN=0.0000371735;
k_CyA=1.6808272090;
fVX=0.0011641804;
kf_ATR_MGMT_P=0.0000106025;
k_ATR=0.0230409808;
K_add=0.0000792870;
kd_pATR=0.0030201825;
k_Chk1=493.9222758007;
C_Chk1=0.6595322262;
pChk1_ref12_5_24h=0.0054849287;
pChk1_ref100_24h=0.0060387922;
pChk1_ref100_48h=0.0089285268;
kd_pChk1=0.1049663251;
k_cdc25=216.3980005528;
K_cdc25=1.0813704712;
kf_p53=0.0004375274;
k_p53=35.4878228439;
K_ATR=0.0003083787;
p53ser46_ref50_72h=0.0003974222;
kp_ser46=4.5025930380;
K_p53=0.4717845660;
upAsy=0.1635048526;
sness=0.0031850606;
k_apop=0.0647393330;
tED50=267.0363958187;
cell_pop_norm0_Jack_MGMT_P=70.0024967691;
k_dis=0.0138654448;

%%%%%%%%%

cost=221.5263456886;

%%%%%%%%%

