TMZout0_Ka_XTMZ(norm)=0.43747;
MGMT_P0(norm)=0.69927;
k_MGMT(norm)=0.67095;
k_addO(norm)=0.43777;
k_addN(norm)=0.56629;
DSB_72h_fac(norm)=0.58463;
k_DSBO(norm)=0.61481;
k_DSBN(norm)=0.36936;
k_CyA(norm)=0.78013;
fVX(norm)=0.77095;
kf_ATR_MGMT_P(norm)=0.72864;
k_ATR(norm)=0.65514;
K_add(norm)=0.80446;
kd_pATR(norm)=0.71682;
k_Chk1(norm)=0.31688;
C_Chk1(norm)=0.50352;
pChk1_ref12_5_24h(norm)=0.53275;
pChk1_ref100_24h(norm)=0.63052;
pChk1_ref100_48h(norm)=0.81634;
kd_pChk1(norm)=0.63746;
k_cdc25(norm)=0.35198;
K_cdc25(norm)=0.38609;
kf_p53(norm)=0.26140;
k_p53(norm)=0.52029;
K_ATR(norm)=0.20270;
p53ser46_ref50_72h(norm)=0.52215;
kp_ser46(norm)=0.55491;
K_p53(norm)=0.92471;
upAsy(norm)=0.29803;
sness(norm)=0.42309;
k_apop(norm)=0.82679;
tED50(norm)=0.56051;
cell_pop_norm0_Jack_MGMT_P(norm)=0.43734;
k_dis(norm)=0.63373;

%%%%%%%%%

TMZout0_Ka_XTMZ=34.2750683363;
MGMT_P0=2.0736819964;
k_MGMT=50.4472931543;
k_addO=0.0097726299;
k_addN=0.1491502090;
DSB_72h_fac=1.0348232532;
k_DSBO=0.0003211446;
k_DSBN=0.0000307430;
k_CyA=2.4061926456;
fVX=0.0016506738;
kf_ATR_MGMT_P=0.0000122611;
k_ATR=0.0220563951;
K_add=0.0000844397;
kd_pATR=0.0043357293;
k_Chk1=382.6246533292;
C_Chk1=0.6942819834;
pChk1_ref12_5_24h=0.0072883400;
pChk1_ref100_24h=0.0079359757;
pChk1_ref100_48h=0.0105021892;
kd_pChk1=0.0853410094;
k_cdc25=197.9410558995;
K_cdc25=1.1394160716;
kf_p53=0.0005252316;
k_p53=35.1603710321;
K_ATR=0.0003000411;
p53ser46_ref50_72h=0.0005164648;
kp_ser46=3.7476203713;
K_p53=0.7060708248;
upAsy=0.1975453209;
sness=0.0036292236;
k_apop=0.0782970099;
tED50=364.8622950150;
cell_pop_norm0_Jack_MGMT_P=81.8168932399;
k_dis=0.0168930784;

%%%%%%%%%

cost=219.9870785298;

%%%%%%%%%

