TMZout0_Ka_XTMZ(norm)=0.49691;
MGMT_P0(norm)=0.85754;
k_MGMT(norm)=0.67676;
k_addO(norm)=0.61661;
k_addN(norm)=0.79793;
DSB_72h_fac(norm)=0.72327;
k_DSBO(norm)=0.66797;
k_DSBN(norm)=0.53570;
k_CyA(norm)=0.41894;
fVX(norm)=0.96152;
kf_ATR_MGMT_P(norm)=0.60261;
k_ATR(norm)=0.59567;
K_add(norm)=0.62957;
kd_pATR(norm)=0.52454;
k_Chk1(norm)=0.48139;
C_Chk1(norm)=0.60246;
pChk1_ref12_5_24h(norm)=0.28718;
pChk1_ref100_24h(norm)=0.29028;
pChk1_ref100_48h(norm)=0.29820;
kd_pChk1(norm)=0.91754;
k_cdc25(norm)=0.89011;
K_cdc25(norm)=0.62284;
kf_p53(norm)=0.33805;
k_p53(norm)=0.39477;
K_ATR(norm)=0.45811;
p53ser46_ref50_72h(norm)=0.39461;
kp_ser46(norm)=0.64865;
K_p53(norm)=0.43910;
upAsy(norm)=0.57785;
sness(norm)=0.39982;
k_apop(norm)=0.57651;
tED50(norm)=0.90076;
cell_pop_norm0_Jack_MGMT_P(norm)=0.14067;
k_dis(norm)=0.60529;

%%%%%%%%%

TMZout0_Ka_XTMZ=34.7459951326;
MGMT_P0=2.2943592497;
k_MGMT=42.4085964101;
k_addO=0.0104553856;
k_addN=0.1371808685;
DSB_72h_fac=1.1345747406;
k_DSBO=0.0003475774;
k_DSBN=0.0000392380;
k_CyA=2.0349612820;
fVX=0.0017483233;
kf_ATR_MGMT_P=0.0000108556;
k_ATR=0.0248406893;
K_add=0.0000776654;
kd_pATR=0.0032127341;
k_Chk1=369.8723366772;
C_Chk1=0.7701667791;
pChk1_ref12_5_24h=0.0060254759;
pChk1_ref100_24h=0.0060512477;
pChk1_ref100_48h=0.0071020533;
kd_pChk1=0.1008996038;
k_cdc25=329.7111205102;
K_cdc25=1.3612955014;
kf_p53=0.0004791629;
k_p53=31.3289190458;
K_ATR=0.0004229275;
p53ser46_ref50_72h=0.0003989663;
kp_ser46=3.5526356111;
K_p53=0.5445250838;
upAsy=0.2474315370;
sness=0.0032564014;
k_apop=0.0655563602;
tED50=570.4585540895;
cell_pop_norm0_Jack_MGMT_P=73.6018209334;
k_dis=0.0166122966;

%%%%%%%%%

cost=123.0781471992;

%%%%%%%%%

