TMZout0_Ka_XTMZ(norm)=0.75000;
MGMT_P0(norm)=0.75000;
k_MGMT(norm)=0.25000;
k_addO(norm)=0.75000;
k_addN(norm)=0.50000;
DSB_72h_fac(norm)=0.25000;
k_DSBO(norm)=0.25000;
k_DSBN(norm)=0.50000;
k_CyA(norm)=0.75000;
fVX(norm)=0.75000;
kf_ATR_MGMT_P(norm)=0.25000;
k_ATR(norm)=0.75000;
K_add(norm)=0.75000;
kd_pATR(norm)=0.50000;
k_Chk1(norm)=0.75000;
C_Chk1(norm)=0.25000;
pChk1_ref12_5_24h(norm)=0.50000;
pChk1_ref100_24h(norm)=0.75000;
pChk1_ref100_48h(norm)=0.75000;
kd_pChk1(norm)=0.75000;
k_cdc25(norm)=0.50000;
K_cdc25(norm)=0.25000;
kf_p53(norm)=0.75000;
k_p53(norm)=0.75000;
K_ATR(norm)=0.75000;
p53ser46_ref50_72h(norm)=0.75000;
kp_ser46(norm)=0.75000;
K_p53(norm)=0.50000;
upAsy(norm)=0.50000;
sness(norm)=0.25000;
k_apop(norm)=0.75000;
tED50(norm)=0.25000;
cell_pop_norm0_Jack_MGMT_P(norm)=0.25000;
k_dis(norm)=0.25000;

%%%%%%%%%

TMZout0_Ka_XTMZ=36.8246712783;
MGMT_P0=2.1504113644;
k_MGMT=29.5402734422;
k_addO=0.0117063969;
k_addN=0.1065766130;
DSB_72h_fac=0.7919470059;
k_DSBO=0.0002439203;
k_DSBN=0.0000380690;
k_CyA=2.6938807088;
fVX=0.0014614562;
kf_ATR_MGMT_P=0.0000080519;
k_ATR=0.0283108435;
K_add=0.0000860089;
kd_pATR=0.0031466166;
k_Chk1=464.4030545131;
C_Chk1=0.5713295495;
pChk1_ref12_5_24h=0.0072161374;
pChk1_ref100_24h=0.0089332806;
pChk1_ref100_48h=0.0104144094;
kd_pChk1=0.0875468369;
k_cdc25=236.9086437969;
K_cdc25=0.9925585885;
kf_p53=0.0006793134;
k_p53=42.3311407788;
K_ATR=0.0005415939;
p53ser46_ref50_72h=0.0005391541;
kp_ser46=3.8711855943;
K_p53=0.5733619391;
upAsy=0.2316378521;
sness=0.0028681884;
k_apop=0.0759373279;
tED50=328.6700519572;
cell_pop_norm0_Jack_MGMT_P=76.5285579750;
k_dis=0.0122939369;

%%%%%%%%%

cost=123.0781471992;

%%%%%%%%%

