TMZout0_Ka_XTMZ(norm)=0.19017;
MGMT_P0(norm)=0.92558;
k_MGMT(norm)=0.52579;
k_addO(norm)=0.61734;
k_addN(norm)=0.87948;
DSB_72h_fac(norm)=0.74912;
k_DSBO(norm)=0.73212;
k_DSBN(norm)=0.32404;
k_CyA(norm)=0.44115;
fVX(norm)=0.34237;
kf_ATR_MGMT_P(norm)=0.62133;
k_ATR(norm)=0.74422;
K_add(norm)=0.69566;
kd_pATR(norm)=0.39274;
k_Chk1(norm)=0.23210;
C_Chk1(norm)=0.61554;
pChk1_ref12_5_24h(norm)=0.49571;
pChk1_ref100_24h(norm)=0.49588;
pChk1_ref100_48h(norm)=0.49423;
kd_pChk1(norm)=0.60847;
k_cdc25(norm)=0.37423;
K_cdc25(norm)=0.64298;
kf_p53(norm)=0.59535;
k_p53(norm)=0.43122;
K_ATR(norm)=0.60740;
p53ser46_ref50_72h(norm)=0.65866;
kp_ser46(norm)=0.51781;
K_p53(norm)=0.23058;
upAsy(norm)=0.71012;
sness(norm)=0.48250;
k_apop(norm)=0.51463;
tED50(norm)=0.76328;
cell_pop_norm0_Jack_MGMT_P(norm)=0.14618;
k_dis(norm)=0.59367;

%%%%%%%%%

TMZout0_Ka_XTMZ=32.3833710504;
MGMT_P0=2.3869680997;
k_MGMT=44.6087256206;
k_addO=0.0113785543;
k_addN=0.1944783187;
DSB_72h_fac=1.1664000698;
k_DSBO=0.0003547050;
k_DSBN=0.0000295848;
k_CyA=1.8054826571;
fVX=0.0011480307;
kf_ATR_MGMT_P=0.0000111955;
k_ATR=0.0237856666;
K_add=0.0000770037;
kd_pATR=0.0032946179;
k_Chk1=356.1010479351;
C_Chk1=0.7634080594;
pChk1_ref12_5_24h=0.0070631571;
pChk1_ref100_24h=0.0070803752;
pChk1_ref100_48h=0.0079937856;
kd_pChk1=0.0832702272;
k_cdc25=201.7081965155;
K_cdc25=1.4164793859;
kf_p53=0.0006970064;
k_p53=32.6045894136;
K_ATR=0.0004227671;
p53ser46_ref50_72h=0.0005797974;
kp_ser46=3.6316520993;
K_p53=0.3921250337;
upAsy=0.2800955380;
sness=0.0038165597;
k_apop=0.0601006225;
tED50=433.2533498605;
cell_pop_norm0_Jack_MGMT_P=73.7465708260;
k_dis=0.0163293235;

%%%%%%%%%

cost=123.6873049029;

%%%%%%%%%

