TMZout0_Ka_XTMZ(norm)=0.87631;
MGMT_P0(norm)=0.66149;
k_MGMT(norm)=0.22985;
k_addO(norm)=0.64165;
k_addN(norm)=0.54107;
DSB_72h_fac(norm)=0.38454;
k_DSBO(norm)=0.34453;
k_DSBN(norm)=0.28212;
k_CyA(norm)=0.48642;
fVX(norm)=0.38282;
kf_ATR_MGMT_P(norm)=0.44844;
k_ATR(norm)=0.42716;
K_add(norm)=0.44790;
kd_pATR(norm)=0.33545;
k_Chk1(norm)=0.83822;
C_Chk1(norm)=0.21012;
pChk1_ref12_5_24h(norm)=0.40707;
pChk1_ref100_24h(norm)=0.50890;
pChk1_ref100_48h(norm)=0.50359;
kd_pChk1(norm)=0.74529;
k_cdc25(norm)=0.39383;
K_cdc25(norm)=0.88565;
kf_p53(norm)=0.36256;
k_p53(norm)=0.42232;
K_ATR(norm)=0.13372;
p53ser46_ref50_72h(norm)=0.22449;
kp_ser46(norm)=0.90614;
K_p53(norm)=0.77660;
upAsy(norm)=0.48536;
sness(norm)=0.89648;
k_apop(norm)=0.76606;
tED50(norm)=0.41695;
cell_pop_norm0_Jack_MGMT_P(norm)=0.33022;
k_dis(norm)=0.01010;

%%%%%%%%%

TMZout0_Ka_XTMZ=37.9081229616;
MGMT_P0=2.0792605798;
k_MGMT=30.9755658890;
k_addO=0.0114486330;
k_addN=0.1346745808;
DSB_72h_fac=0.8818549458;
k_DSBO=0.0002596991;
k_DSBN=0.0000320775;
k_CyA=1.9057522051;
fVX=0.0011574652;
kf_ATR_MGMT_P=0.0000096826;
k_ATR=0.0166354607;
K_add=0.0000645976;
kd_pATR=0.0025712974;
k_Chk1=539.5532595747;
C_Chk1=0.5423148080;
pChk1_ref12_5_24h=0.0061160210;
pChk1_ref100_24h=0.0066758697;
pChk1_ref100_48h=0.0078046725;
kd_pChk1=0.0898756383;
k_cdc25=251.5981922804;
K_cdc25=1.7278637005;
kf_p53=0.0005569190;
k_p53=26.1438391873;
K_ATR=0.0002349642;
p53ser46_ref50_72h=0.0004073304;
kp_ser46=5.5865721379;
K_p53=0.9723346953;
upAsy=0.2549291978;
sness=0.0051412997;
k_apop=0.0740292325;
tED50=355.2063183550;
cell_pop_norm0_Jack_MGMT_P=78.7498789660;
k_dis=0.0099866744;

%%%%%%%%%

cost=419.7456129713;

%%%%%%%%%

