TMZout0_Ka_XTMZ(norm)=0.50873;
MGMT_P0(norm)=0.69251;
k_MGMT(norm)=0.49045;
k_addO(norm)=0.55806;
k_addN(norm)=0.58166;
DSB_72h_fac(norm)=0.76877;
k_DSBO(norm)=0.53705;
k_DSBN(norm)=0.59374;
k_CyA(norm)=0.83301;
fVX(norm)=0.29538;
kf_ATR_MGMT_P(norm)=0.57022;
k_ATR(norm)=0.55586;
K_add(norm)=0.66049;
kd_pATR(norm)=0.44155;
k_Chk1(norm)=0.19943;
C_Chk1(norm)=0.59419;
pChk1_ref12_5_24h(norm)=0.30552;
pChk1_ref100_24h(norm)=0.32008;
pChk1_ref100_48h(norm)=0.36066;
kd_pChk1(norm)=0.63590;
k_cdc25(norm)=0.77174;
K_cdc25(norm)=0.56535;
kf_p53(norm)=0.60986;
k_p53(norm)=0.65669;
K_ATR(norm)=0.58507;
p53ser46_ref50_72h(norm)=0.68387;
kp_ser46(norm)=0.65279;
K_p53(norm)=0.69660;
upAsy(norm)=0.28912;
sness(norm)=0.63391;
k_apop(norm)=0.73172;
tED50(norm)=0.05297;
cell_pop_norm0_Jack_MGMT_P(norm)=0.15899;
k_dis(norm)=0.63131;

%%%%%%%%%

TMZout0_Ka_XTMZ=34.8404595360;
MGMT_P0=2.0649741732;
k_MGMT=43.2929037939;
k_addO=0.0108211405;
k_addN=0.1511061381;
DSB_72h_fac=1.1831993048;
k_DSBO=0.0003006688;
k_DSBN=0.0000371803;
k_CyA=2.5164487455;
fVX=0.0011032245;
kf_ATR_MGMT_P=0.0000107210;
k_ATR=0.0202769926;
K_add=0.0000747427;
kd_pATR=0.0034337439;
k_Chk1=346.3809601113;
C_Chk1=0.7497247595;
pChk1_ref12_5_24h=0.0060119208;
pChk1_ref100_24h=0.0061004658;
pChk1_ref100_48h=0.0071384039;
kd_pChk1=0.0852281085;
k_cdc25=282.4866688024;
K_cdc25=1.3263076361;
kf_p53=0.0007056257;
k_p53=39.4681575334;
K_ATR=0.0004148460;
p53ser46_ref50_72h=0.0005923138;
kp_ser46=4.0716977702;
K_p53=0.5819785916;
upAsy=0.1960579764;
sness=0.0043390021;
k_apop=0.0722375612;
tED50=237.3359532847;
cell_pop_norm0_Jack_MGMT_P=74.0842973992;
k_dis=0.0168584776;

%%%%%%%%%

cost=124.3294383393;

%%%%%%%%%

