TMZout0_Ka_XTMZ(norm)=0.26418;
MGMT_P0(norm)=0.34318;
k_MGMT(norm)=0.32000;
k_addO(norm)=0.67117;
k_addN(norm)=0.31993;
DSB_72h_fac(norm)=0.69509;
k_DSBO(norm)=0.06354;
k_DSBN(norm)=0.72912;
k_CyA(norm)=0.85750;
fVX(norm)=0.56557;
kf_ATR_MGMT_P(norm)=0.67072;
k_ATR(norm)=0.49077;
K_add(norm)=0.72494;
kd_pATR(norm)=0.42369;
k_Chk1(norm)=0.38876;
C_Chk1(norm)=0.32832;
pChk1_ref12_5_24h(norm)=0.38683;
pChk1_ref100_24h(norm)=0.39559;
pChk1_ref100_48h(norm)=0.67779;
kd_pChk1(norm)=0.20140;
k_cdc25(norm)=0.57697;
K_cdc25(norm)=0.46200;
kf_p53(norm)=0.66850;
k_p53(norm)=0.16912;
K_ATR(norm)=0.48760;
p53ser46_ref50_72h(norm)=0.65264;
kp_ser46(norm)=0.94396;
K_p53(norm)=0.44721;
upAsy(norm)=0.36260;
sness(norm)=0.68040;
k_apop(norm)=0.64950;
tED50(norm)=0.55056;
cell_pop_norm0_Jack_MGMT_P(norm)=0.26950;
k_dis(norm)=0.32660;

%%%%%%%%%

TMZout0_Ka_XTMZ=32.9382847533;
MGMT_P0=1.6618638811;
k_MGMT=37.4709689265;
k_addO=0.0119095810;
k_addN=0.1210517783;
DSB_72h_fac=1.1214282501;
k_DSBO=0.0002013009;
k_DSBN=0.0000416992;
k_CyA=2.5692016997;
fVX=0.0013870253;
kf_ATR_MGMT_P=0.0000116740;
k_ATR=0.0191888923;
K_add=0.0000789378;
kd_pATR=0.0033821647;
k_Chk1=406.6499047889;
C_Chk1=0.5985071693;
pChk1_ref12_5_24h=0.0064407253;
pChk1_ref100_24h=0.0065035638;
pChk1_ref100_48h=0.0093389457;
kd_pChk1=0.0589791150;
k_cdc25=239.5110036754;
K_cdc25=1.2151088102;
kf_p53=0.0007415693;
k_p53=26.1114924821;
K_ATR=0.0003819607;
p53ser46_ref50_72h=0.0005768464;
kp_ser46=5.2109770677;
K_p53=0.4711263992;
upAsy=0.2086529708;
sness=0.0045133136;
k_apop=0.0673763132;
tED50=361.7980200694;
cell_pop_norm0_Jack_MGMT_P=77.0626377905;
k_dis=0.0130224196;

%%%%%%%%%

cost=226.5956214276;

%%%%%%%%%

