TMZout0_Ka_XTMZ(norm)=0.96562;
MGMT_P0(norm)=0.30760;
k_MGMT(norm)=0.36664;
k_addO(norm)=0.74373;
k_addN(norm)=0.73728;
DSB_72h_fac(norm)=0.56726;
k_DSBO(norm)=0.16865;
k_DSBN(norm)=0.38225;
k_CyA(norm)=0.43724;
fVX(norm)=0.26429;
kf_ATR_MGMT_P(norm)=0.82650;
k_ATR(norm)=0.29460;
K_add(norm)=0.62343;
kd_pATR(norm)=0.63615;
k_Chk1(norm)=0.77768;
C_Chk1(norm)=0.29804;
pChk1_ref12_5_24h(norm)=0.25119;
pChk1_ref100_24h(norm)=0.63467;
pChk1_ref100_48h(norm)=0.58855;
kd_pChk1(norm)=0.47749;
k_cdc25(norm)=0.73025;
K_cdc25(norm)=0.41839;
kf_p53(norm)=0.61258;
k_p53(norm)=0.67977;
K_ATR(norm)=0.18812;
p53ser46_ref50_72h(norm)=0.52152;
kp_ser46(norm)=0.96979;
K_p53(norm)=0.49505;
upAsy(norm)=0.80745;
sness(norm)=0.51646;
k_apop(norm)=0.77496;
tED50(norm)=0.24094;
cell_pop_norm0_Jack_MGMT_P(norm)=0.72889;
k_dis(norm)=0.60309;

%%%%%%%%%

TMZout0_Ka_XTMZ=38.6933621251;
MGMT_P0=1.6472399009;
k_MGMT=32.6087167234;
k_addO=0.0116443465;
k_addN=0.1303088500;
DSB_72h_fac=1.0077720338;
k_DSBO=0.0002276734;
k_DSBN=0.0000344542;
k_CyA=2.0667557211;
fVX=0.0009683990;
kf_ATR_MGMT_P=0.0000131232;
k_ATR=0.0192475732;
K_add=0.0000772625;
kd_pATR=0.0035313640;
k_Chk1=475.4219151075;
C_Chk1=0.5950635256;
pChk1_ref12_5_24h=0.0058445256;
pChk1_ref100_24h=0.0081016110;
pChk1_ref100_48h=0.0090828833;
kd_pChk1=0.0694965053;
k_cdc25=287.9433108768;
K_cdc25=1.1447716187;
kf_p53=0.0006046474;
k_p53=39.8857806666;
K_ATR=0.0003364462;
p53ser46_ref50_72h=0.0004442600;
kp_ser46=4.6635993651;
K_p53=0.5709603997;
upAsy=0.3005698964;
sness=0.0035946718;
k_apop=0.0775605189;
tED50=326.1555501670;
cell_pop_norm0_Jack_MGMT_P=90.7830128737;
k_dis=0.0165813826;

%%%%%%%%%

cost=257.1679351833;

%%%%%%%%%

