TMZout0_Ka_XTMZ(norm)=0.00010;
MGMT_P0(norm)=0.85804;
k_MGMT(norm)=0.78766;
k_addO(norm)=0.00010;
k_addN(norm)=0.70281;
DSB_72h_fac(norm)=0.73625;
k_DSBO(norm)=0.57793;
k_DSBN(norm)=0.88116;
k_CyA(norm)=0.37680;
fVX(norm)=0.88498;
kf_ATR_MGMT_P(norm)=0.58431;
k_ATR(norm)=0.42594;
K_add(norm)=0.79063;
kd_pATR(norm)=1.00000;
k_Chk1(norm)=0.39764;
C_Chk1(norm)=1.00000;
pChk1_ref12_5_24h(norm)=0.08605;
pChk1_ref100_24h(norm)=0.93020;
pChk1_ref100_48h(norm)=1.00000;
kd_pChk1(norm)=0.00010;
k_cdc25(norm)=0.17086;
K_cdc25(norm)=0.09637;
kf_p53(norm)=0.66123;
k_p53(norm)=0.53476;
K_ATR(norm)=0.21419;
p53ser46_ref50_72h(norm)=0.89915;
kp_ser46(norm)=0.67835;
K_p53(norm)=0.01640;
upAsy(norm)=0.33925;
sness(norm)=1.00000;
k_apop(norm)=0.66917;
tED50(norm)=0.30941;
cell_pop_norm0_Jack_MGMT_P(norm)=0.40164;
k_dis(norm)=0.00010;

%%%%%%%%%

TMZout0_Ka_XTMZ=31.0007116889;
MGMT_P0=2.2950557210;
k_MGMT=46.5864755290;
k_addO=0.0062012245;
k_addN=0.1265579942;
DSB_72h_fac=1.1458188299;
k_DSBO=0.0003220471;
k_DSBN=0.0000525809;
k_CyA=1.9635804307;
fVX=0.0016385353;
kf_ATR_MGMT_P=0.0000106885;
k_ATR=0.0215132176;
K_add=0.0000890210;
kd_pATR=0.0048065363;
k_Chk1=344.5352981718;
C_Chk1=1.0786220036;
pChk1_ref12_5_24h=0.0050813741;
pChk1_ref100_24h=0.0104068530;
pChk1_ref100_48h=0.0128714905;
kd_pChk1=0.0463761475;
k_cdc25=179.2525829736;
K_cdc25=0.8714135276;
kf_p53=0.0006300917;
k_p53=35.2740453351;
K_ATR=0.0003439594;
p53ser46_ref50_72h=0.0006117797;
kp_ser46=3.6431755691;
K_p53=0.3806071254;
upAsy=0.2021424319;
sness=0.0054148977;
k_apop=0.0709106332;
tED50=345.6368329144;
cell_pop_norm0_Jack_MGMT_P=80.7815892251;
k_dis=0.0099479497;

%%%%%%%%%

cost=391.8723085013;

%%%%%%%%%

