TMZout0_Ka_XTMZ(norm)=0.15206;
MGMT_P0(norm)=0.72735;
k_MGMT(norm)=0.94025;
k_addO(norm)=0.29679;
k_addN(norm)=0.51013;
DSB_72h_fac(norm)=0.64145;
k_DSBO(norm)=0.71894;
k_DSBN(norm)=0.51561;
k_CyA(norm)=0.79139;
fVX(norm)=0.73201;
kf_ATR_MGMT_P(norm)=0.82988;
k_ATR(norm)=0.34256;
K_add(norm)=0.45135;
kd_pATR(norm)=0.26657;
k_Chk1(norm)=0.55395;
C_Chk1(norm)=0.28389;
pChk1_ref12_5_24h(norm)=0.11011;
pChk1_ref100_24h(norm)=0.17447;
pChk1_ref100_48h(norm)=0.74336;
kd_pChk1(norm)=0.79531;
k_cdc25(norm)=0.32116;
K_cdc25(norm)=0.32208;
kf_p53(norm)=0.22271;
k_p53(norm)=0.20311;
K_ATR(norm)=0.29343;
p53ser46_ref50_72h(norm)=0.46486;
kp_ser46(norm)=0.58158;
K_p53(norm)=0.72419;
upAsy(norm)=0.33959;
sness(norm)=0.64813;
k_apop(norm)=0.61119;
tED50(norm)=0.57559;
cell_pop_norm0_Jack_MGMT_P(norm)=0.39753;
k_dis(norm)=0.27709;

%%%%%%%%%

TMZout0_Ka_XTMZ=32.1013205731;
MGMT_P0=2.1101931934;
k_MGMT=63.3773622966;
k_addO=0.0086722930;
k_addN=0.1422196756;
DSB_72h_fac=1.0785031083;
k_DSBO=0.0003507659;
k_DSBN=0.0000347987;
k_CyA=2.4292492914;
fVX=0.0015971002;
kf_ATR_MGMT_P=0.0000133593;
k_ATR=0.0169243844;
K_add=0.0000626050;
kd_pATR=0.0029606001;
k_Chk1=467.7424503355;
C_Chk1=0.5763915663;
pChk1_ref12_5_24h=0.0050945970;
pChk1_ref100_24h=0.0053924051;
pChk1_ref100_48h=0.0098724077;
kd_pChk1=0.0975528849;
k_cdc25=192.8380667505;
K_cdc25=1.0792598589;
kf_p53=0.0005082912;
k_p53=26.8744082737;
K_ATR=0.0003240182;
p53ser46_ref50_72h=0.0004919957;
kp_ser46=3.8332785445;
K_p53=0.5957457060;
upAsy=0.2046252237;
sness=0.0043916036;
k_apop=0.0652241046;
tED50=369.5522708037;
cell_pop_norm0_Jack_MGMT_P=80.6633292958;
k_dis=0.0124874812;

%%%%%%%%%

cost=215.0015079545;

%%%%%%%%%

