TMZout0_Ka_XTMZ(norm)=0.69583;
MGMT_P0(norm)=0.64509;
k_MGMT(norm)=0.84307;
k_addO(norm)=0.47241;
k_addN(norm)=0.25854;
DSB_72h_fac(norm)=0.66972;
k_DSBO(norm)=0.79282;
k_DSBN(norm)=0.78610;
k_CyA(norm)=0.64071;
fVX(norm)=0.40086;
kf_ATR_MGMT_P(norm)=0.61376;
k_ATR(norm)=0.65663;
K_add(norm)=0.70686;
kd_pATR(norm)=0.21441;
k_Chk1(norm)=0.39285;
C_Chk1(norm)=0.60371;
pChk1_ref12_5_24h(norm)=0.78621;
pChk1_ref100_24h(norm)=0.78973;
pChk1_ref100_48h(norm)=0.74512;
kd_pChk1(norm)=0.34755;
k_cdc25(norm)=0.87060;
K_cdc25(norm)=0.64952;
kf_p53(norm)=0.77269;
k_p53(norm)=0.61707;
K_ATR(norm)=0.67661;
p53ser46_ref50_72h(norm)=0.82854;
kp_ser46(norm)=0.55449;
K_p53(norm)=0.52254;
upAsy(norm)=0.37365;
sness(norm)=0.68626;
k_apop(norm)=0.50086;
tED50(norm)=0.12884;
cell_pop_norm0_Jack_MGMT_P(norm)=0.15202;
k_dis(norm)=0.59972;

%%%%%%%%%

TMZout0_Ka_XTMZ=36.3695521194;
MGMT_P0=2.0049843980;
k_MGMT=58.3676311473;
k_addO=0.0100636434;
k_addN=0.1149157039;
DSB_72h_fac=1.1009168417;
k_DSBO=0.0003734267;
k_DSBN=0.0000437619;
k_CyA=2.1380914377;
fVX=0.0012063595;
kf_ATR_MGMT_P=0.0000111239;
k_ATR=0.0220843578;
K_add=0.0000777374;
kd_pATR=0.0028326127;
k_Chk1=408.0614116499;
C_Chk1=0.7557994199;
pChk1_ref12_5_24h=0.0090343617;
pChk1_ref100_24h=0.0090820759;
pChk1_ref100_48h=0.0098871747;
kd_pChk1=0.0667538813;
k_cdc25=307.1669731330;
K_cdc25=1.4243485723;
kf_p53=0.0008100175;
k_p53=38.1652427586;
K_ATR=0.0004483012;
p53ser46_ref50_72h=0.0006695544;
kp_ser46=3.7462900334;
K_p53=0.5021794893;
upAsy=0.2106156706;
sness=0.0045357937;
k_apop=0.0594033394;
tED50=253.0950260196;
cell_pop_norm0_Jack_MGMT_P=73.9002843793;
k_dis=0.0164133119;

%%%%%%%%%

cost=124.0414681171;

%%%%%%%%%

