TMZout0_Ka_XTMZ(norm)=0.67665;
MGMT_P0(norm)=0.87642;
k_MGMT(norm)=0.70576;
k_addO(norm)=0.54938;
k_addN(norm)=0.26428;
DSB_72h_fac(norm)=0.67323;
k_DSBO(norm)=0.69949;
k_DSBN(norm)=0.88898;
k_CyA(norm)=0.53616;
fVX(norm)=0.72629;
kf_ATR_MGMT_P(norm)=0.62189;
k_ATR(norm)=0.47343;
K_add(norm)=0.60975;
kd_pATR(norm)=0.60735;
k_Chk1(norm)=0.76879;
C_Chk1(norm)=0.59526;
pChk1_ref12_5_24h(norm)=0.63979;
pChk1_ref100_24h(norm)=0.64182;
pChk1_ref100_48h(norm)=0.60539;
kd_pChk1(norm)=0.60645;
k_cdc25(norm)=0.23447;
K_cdc25(norm)=0.58253;
kf_p53(norm)=0.71399;
k_p53(norm)=0.62233;
K_ATR(norm)=0.53487;
p53ser46_ref50_72h(norm)=0.69807;
kp_ser46(norm)=0.73218;
K_p53(norm)=0.00146;
upAsy(norm)=0.68643;
sness(norm)=0.49890;
k_apop(norm)=0.49762;
tED50(norm)=0.71070;
cell_pop_norm0_Jack_MGMT_P(norm)=0.14708;
k_dis(norm)=0.60051;

%%%%%%%%%

TMZout0_Ka_XTMZ=36.2097735401;
MGMT_P0=2.3206068510;
k_MGMT=43.4633891129;
k_addO=0.0098764278;
k_addN=0.0872813575;
DSB_72h_fac=1.0922546640;
k_DSBO=0.0003569835;
k_DSBN=0.0000529308;
k_CyA=2.2474529858;
fVX=0.0014323903;
kf_ATR_MGMT_P=0.0000110343;
k_ATR=0.0223966260;
K_add=0.0000763723;
kd_pATR=0.0034462462;
k_Chk1=471.8553707536;
C_Chk1=0.7654809897;
pChk1_ref12_5_24h=0.0081235444;
pChk1_ref100_24h=0.0081508384;
pChk1_ref100_48h=0.0092134624;
kd_pChk1=0.0775206288;
k_cdc25=189.1780308315;
K_cdc25=1.3155907105;
kf_p53=0.0006589020;
k_p53=37.9909838657;
K_ATR=0.0004513472;
p53ser46_ref50_72h=0.0005159468;
kp_ser46=3.8131582156;
K_p53=0.3758196645;
upAsy=0.2712752058;
sness=0.0035415708;
k_apop=0.0613173896;
tED50=485.6093835799;
cell_pop_norm0_Jack_MGMT_P=73.7702063358;
k_dis=0.0165450738;

%%%%%%%%%

cost=122.8337596279;

%%%%%%%%%

