TMZout0_Ka_XTMZ(norm)=0.62827;
MGMT_P0(norm)=0.54253;
k_MGMT(norm)=0.27911;
k_addO(norm)=0.57811;
k_addN(norm)=0.11416;
DSB_72h_fac(norm)=0.41315;
k_DSBO(norm)=0.70618;
k_DSBN(norm)=0.67063;
k_CyA(norm)=0.54738;
fVX(norm)=0.35357;
kf_ATR_MGMT_P(norm)=0.58973;
k_ATR(norm)=0.50538;
K_add(norm)=0.64482;
kd_pATR(norm)=0.39403;
k_Chk1(norm)=0.75853;
C_Chk1(norm)=0.68495;
pChk1_ref12_5_24h(norm)=0.21985;
pChk1_ref100_24h(norm)=0.51299;
pChk1_ref100_48h(norm)=0.76679;
kd_pChk1(norm)=0.71886;
k_cdc25(norm)=0.17709;
K_cdc25(norm)=0.51684;
kf_p53(norm)=0.51142;
k_p53(norm)=0.84371;
K_ATR(norm)=0.56010;
p53ser46_ref50_72h(norm)=0.32266;
kp_ser46(norm)=0.55280;
K_p53(norm)=0.55921;
upAsy(norm)=0.00010;
sness(norm)=0.17370;
k_apop(norm)=0.57386;
tED50(norm)=0.92929;
cell_pop_norm0_Jack_MGMT_P(norm)=0.00010;
k_dis(norm)=0.44781;

%%%%%%%%%

TMZout0_Ka_XTMZ=35.8098262844;
MGMT_P0=1.8811350157;
k_MGMT=36.1949456475;
k_addO=0.0110066117;
k_addN=0.1016840895;
DSB_72h_fac=0.9134323209;
k_DSBO=0.0003469943;
k_DSBN=0.0000396831;
k_CyA=1.9755242862;
fVX=0.0011589779;
kf_ATR_MGMT_P=0.0000108997;
k_ATR=0.0194279141;
K_add=0.0000737571;
kd_pATR=0.0032982351;
k_Chk1=556.2715189914;
C_Chk1=0.8096560301;
pChk1_ref12_5_24h=0.0055910217;
pChk1_ref100_24h=0.0071837196;
pChk1_ref100_48h=0.0100703571;
kd_pChk1=0.0914344595;
k_cdc25=170.6792380787;
K_cdc25=1.2728960078;
kf_p53=0.0006491593;
k_p53=46.2448283038;
K_ATR=0.0004061609;
p53ser46_ref50_72h=0.0004361490;
kp_ser46=3.7409282177;
K_p53=0.5180239455;
upAsy=0.1534735768;
sness=0.0029379383;
k_apop=0.0631937359;
tED50=498.6883091683;
cell_pop_norm0_Jack_MGMT_P=70.0024967691;
k_dis=0.0144309500;

%%%%%%%%%

cost=263.9871320409;

%%%%%%%%%

