TMZout0_Ka_XTMZ(norm)=0.18245;
MGMT_P0(norm)=0.92056;
k_MGMT(norm)=0.59648;
k_addO(norm)=0.53336;
k_addN(norm)=0.11016;
DSB_72h_fac(norm)=0.73519;
k_DSBO(norm)=0.72495;
k_DSBN(norm)=0.87989;
k_CyA(norm)=0.59150;
fVX(norm)=0.46202;
kf_ATR_MGMT_P(norm)=0.59609;
k_ATR(norm)=0.63181;
K_add(norm)=0.66116;
kd_pATR(norm)=0.54881;
k_Chk1(norm)=0.41582;
C_Chk1(norm)=0.61252;
pChk1_ref12_5_24h(norm)=0.32134;
pChk1_ref100_24h(norm)=0.33573;
pChk1_ref100_48h(norm)=0.38284;
kd_pChk1(norm)=0.77046;
k_cdc25(norm)=0.32763;
K_cdc25(norm)=0.57601;
kf_p53(norm)=0.62175;
k_p53(norm)=0.53547;
K_ATR(norm)=0.57075;
p53ser46_ref50_72h(norm)=0.63051;
kp_ser46(norm)=0.51711;
K_p53(norm)=0.32768;
upAsy(norm)=0.52260;
sness(norm)=0.71510;
k_apop(norm)=0.70330;
tED50(norm)=0.39479;
cell_pop_norm0_Jack_MGMT_P(norm)=0.15479;
k_dis(norm)=0.61126;

%%%%%%%%%

TMZout0_Ka_XTMZ=32.3260712698;
MGMT_P0=2.3941889057;
k_MGMT=42.2600428152;
k_addO=0.0104449257;
k_addN=0.0934802951;
DSB_72h_fac=1.1475191209;
k_DSBO=0.0003584720;
k_DSBN=0.0000532311;
k_CyA=2.0832070409;
fVX=0.0012378079;
kf_ATR_MGMT_P=0.0000109730;
k_ATR=0.0197853539;
K_add=0.0000773915;
kd_pATR=0.0030808020;
k_Chk1=377.2282306542;
C_Chk1=0.7626475161;
pChk1_ref12_5_24h=0.0056875486;
pChk1_ref100_24h=0.0057648485;
pChk1_ref100_48h=0.0070456677;
kd_pChk1=0.0918128997;
k_cdc25=237.8739062370;
K_cdc25=1.3291420837;
kf_p53=0.0006936962;
k_p53=28.7744893450;
K_ATR=0.0003402665;
p53ser46_ref50_72h=0.0005745807;
kp_ser46=4.0178260157;
K_p53=0.6646978535;
upAsy=0.2631000771;
sness=0.0044089204;
k_apop=0.0701954797;
tED50=348.5972566433;
cell_pop_norm0_Jack_MGMT_P=73.9733407678;
k_dis=0.0166201428;

%%%%%%%%%

cost=123.9801723955;

%%%%%%%%%

