TMZout0_Ka_XTMZ(norm)=0.51220;
MGMT_P0(norm)=0.82424;
k_MGMT(norm)=0.81939;
k_addO(norm)=0.53328;
k_addN(norm)=0.36425;
DSB_72h_fac(norm)=0.82627;
k_DSBO(norm)=0.66626;
k_DSBN(norm)=0.76679;
k_CyA(norm)=0.36547;
fVX(norm)=0.47485;
kf_ATR_MGMT_P(norm)=0.64217;
k_ATR(norm)=0.68125;
K_add(norm)=0.54728;
kd_pATR(norm)=0.97481;
k_Chk1(norm)=0.44207;
C_Chk1(norm)=0.58678;
pChk1_ref12_5_24h(norm)=0.43029;
pChk1_ref100_24h(norm)=0.43614;
pChk1_ref100_48h(norm)=0.47739;
kd_pChk1(norm)=0.66093;
k_cdc25(norm)=0.08499;
K_cdc25(norm)=0.57353;
kf_p53(norm)=0.66696;
k_p53(norm)=0.60371;
K_ATR(norm)=0.61562;
p53ser46_ref50_72h(norm)=0.69718;
kp_ser46(norm)=0.64288;
K_p53(norm)=0.10479;
upAsy(norm)=0.35551;
sness(norm)=0.39948;
k_apop(norm)=0.45998;
tED50(norm)=0.49498;
cell_pop_norm0_Jack_MGMT_P(norm)=0.15293;
k_dis(norm)=0.59538;

%%%%%%%%%

TMZout0_Ka_XTMZ=34.8681925075;
MGMT_P0=2.2412105223;
k_MGMT=57.2085069538;
k_addO=0.0105963540;
k_addN=0.1256836742;
DSB_72h_fac=1.2337489875;
k_DSBO=0.0003354533;
k_DSBN=0.0000430516;
k_CyA=1.6933406154;
fVX=0.0012844029;
kf_ATR_MGMT_P=0.0000113949;
k_ATR=0.0225498672;
K_add=0.0000679065;
kd_pATR=0.0053950475;
k_Chk1=425.4387312485;
C_Chk1=0.7450305700;
pChk1_ref12_5_24h=0.0066823188;
pChk1_ref100_24h=0.0067308915;
pChk1_ref100_48h=0.0078805345;
kd_pChk1=0.0870550149;
k_cdc25=157.8664692231;
K_cdc25=1.3355343161;
kf_p53=0.0007406045;
k_p53=37.7354438010;
K_ATR=0.0004257226;
p53ser46_ref50_72h=0.0005990315;
kp_ser46=4.0376604031;
K_p53=0.3524801622;
upAsy=0.2074033925;
sness=0.0035573334;
k_apop=0.0573808074;
tED50=345.1542913813;
cell_pop_norm0_Jack_MGMT_P=73.9242526050;
k_dis=0.0163529720;

%%%%%%%%%

cost=123.6797924481;

%%%%%%%%%

