TMZout0_Ka_XTMZ(norm)=0.13151;
MGMT_P0(norm)=0.65356;
k_MGMT(norm)=0.52672;
k_addO(norm)=0.82542;
k_addN(norm)=0.58530;
DSB_72h_fac(norm)=0.61105;
k_DSBO(norm)=0.80076;
k_DSBN(norm)=0.48024;
k_CyA(norm)=0.26007;
fVX(norm)=0.41859;
kf_ATR_MGMT_P(norm)=0.86179;
k_ATR(norm)=0.18295;
K_add(norm)=0.42400;
kd_pATR(norm)=0.40126;
k_Chk1(norm)=0.27724;
C_Chk1(norm)=0.36510;
pChk1_ref12_5_24h(norm)=0.25526;
pChk1_ref100_24h(norm)=0.34694;
pChk1_ref100_48h(norm)=0.73881;
kd_pChk1(norm)=0.15586;
k_cdc25(norm)=0.30527;
K_cdc25(norm)=0.89479;
kf_p53(norm)=0.56088;
k_p53(norm)=0.73819;
K_ATR(norm)=0.20860;
p53ser46_ref50_72h(norm)=0.60222;
kp_ser46(norm)=0.46453;
K_p53(norm)=0.28557;
upAsy(norm)=0.30665;
sness(norm)=0.72323;
k_apop(norm)=0.76649;
tED50(norm)=0.33898;
cell_pop_norm0_Jack_MGMT_P(norm)=0.74310;
k_dis(norm)=0.34327;

%%%%%%%%%

TMZout0_Ka_XTMZ=31.9502223472;
MGMT_P0=2.0155703111;
k_MGMT=44.6439859869;
k_addO=0.0135724377;
k_addN=0.1515725656;
DSB_72h_fac=1.0549081581;
k_DSBO=0.0003759485;
k_DSBN=0.0000337712;
k_CyA=1.5486710440;
fVX=0.0012246207;
kf_ATR_MGMT_P=0.0000137254;
k_ATR=0.0147835700;
K_add=0.0000611707;
kd_pATR=0.0033185097;
k_Chk1=369.9867823470;
C_Chk1=0.6174504741;
pChk1_ref12_5_24h=0.0057612732;
pChk1_ref100_24h=0.0062408861;
pChk1_ref100_48h=0.0098344261;
kd_pChk1=0.0567465736;
k_cdc25=190.2601110832;
K_cdc25=1.7533606094;
kf_p53=0.0006769430;
k_p53=42.2898978486;
K_ATR=0.0003015457;
p53ser46_ref50_72h=0.0005527215;
kp_ser46=3.4713526731;
K_p53=0.4108276107;
upAsy=0.1989931931;
sness=0.0046801260;
k_apop=0.0743970747;
tED50=302.4183404974;
cell_pop_norm0_Jack_MGMT_P=91.2442509282;
k_dis=0.0132076556;

%%%%%%%%%

cost=362.5474516936;

%%%%%%%%%

