TMZout0_Ka_XTMZ(norm)=0.16474;
MGMT_P0(norm)=0.72834;
k_MGMT(norm)=0.43918;
k_addO(norm)=0.21576;
k_addN(norm)=0.67703;
DSB_72h_fac(norm)=0.91284;
k_DSBO(norm)=0.85995;
k_DSBN(norm)=0.58418;
k_CyA(norm)=0.61476;
fVX(norm)=0.60082;
kf_ATR_MGMT_P(norm)=0.62438;
k_ATR(norm)=0.33307;
K_add(norm)=0.66633;
kd_pATR(norm)=0.97440;
k_Chk1(norm)=0.35463;
C_Chk1(norm)=0.44636;
pChk1_ref12_5_24h(norm)=0.23654;
pChk1_ref100_24h(norm)=0.29437;
pChk1_ref100_48h(norm)=0.40178;
kd_pChk1(norm)=0.42495;
k_cdc25(norm)=0.22974;
K_cdc25(norm)=0.44803;
kf_p53(norm)=0.51273;
k_p53(norm)=0.37898;
K_ATR(norm)=0.19712;
p53ser46_ref50_72h(norm)=0.46428;
kp_ser46(norm)=0.88791;
K_p53(norm)=0.58641;
upAsy(norm)=0.49587;
sness(norm)=0.47459;
k_apop(norm)=0.74530;
tED50(norm)=0.68295;
cell_pop_norm0_Jack_MGMT_P(norm)=0.55212;
k_dis(norm)=0.39585;

%%%%%%%%%

TMZout0_Ka_XTMZ=32.1949009821;
MGMT_P0=2.1114922825;
k_MGMT=41.4523460033;
k_addO=0.0080968718;
k_addN=0.1638237578;
DSB_72h_fac=1.3139622074;
k_DSBO=0.0003952826;
k_DSBN=0.0000368802;
k_CyA=2.0915986395;
fVX=0.0014290759;
kf_ATR_MGMT_P=0.0000112244;
k_ATR=0.0167888642;
K_add=0.0000751135;
kd_pATR=0.0053931719;
k_Chk1=395.0583954629;
C_Chk1=0.6614622914;
pChk1_ref12_5_24h=0.0056706366;
pChk1_ref100_24h=0.0059690381;
pChk1_ref100_48h=0.0073914729;
kd_pChk1=0.0712785499;
k_cdc25=178.4651776336;
K_cdc25=1.2008096950;
kf_p53=0.0006498811;
k_p53=31.1927979608;
K_ATR=0.0002986256;
p53ser46_ref50_72h=0.0004917551;
kp_ser46=4.9692631197;
K_p53=0.5301038828;
upAsy=0.2335962828;
sness=0.0037910802;
k_apop=0.0730734764;
tED50=404.7454066729;
cell_pop_norm0_Jack_MGMT_P=85.2359356250;
k_dis=0.0138094075;

%%%%%%%%%

cost=180.3514655954;

%%%%%%%%%

