TMZout0_Ka_XTMZ(norm)=0.28949;
MGMT_P0(norm)=0.66654;
k_MGMT(norm)=0.76338;
k_addO(norm)=0.61291;
k_addN(norm)=0.56549;
DSB_72h_fac(norm)=0.57212;
k_DSBO(norm)=0.50187;
k_DSBN(norm)=0.50638;
k_CyA(norm)=0.85450;
fVX(norm)=0.65257;
kf_ATR_MGMT_P(norm)=0.59957;
k_ATR(norm)=0.60944;
K_add(norm)=0.70839;
kd_pATR(norm)=0.39263;
k_Chk1(norm)=0.72438;
C_Chk1(norm)=0.59631;
pChk1_ref12_5_24h(norm)=0.42466;
pChk1_ref100_24h(norm)=0.42813;
pChk1_ref100_48h(norm)=0.45409;
kd_pChk1(norm)=0.86110;
k_cdc25(norm)=0.33678;
K_cdc25(norm)=0.49353;
kf_p53(norm)=0.57208;
k_p53(norm)=0.35910;
K_ATR(norm)=0.44155;
p53ser46_ref50_72h(norm)=0.53632;
kp_ser46(norm)=0.56849;
K_p53(norm)=0.80695;
upAsy(norm)=0.55385;
sness(norm)=0.49259;
k_apop(norm)=0.59914;
tED50(norm)=0.70097;
cell_pop_norm0_Jack_MGMT_P(norm)=0.15772;
k_dis(norm)=0.60694;

%%%%%%%%%

TMZout0_Ka_XTMZ=33.1302569585;
MGMT_P0=1.9875432114;
k_MGMT=59.0965757358;
k_addO=0.0105944578;
k_addN=0.1418209401;
DSB_72h_fac=0.9894953336;
k_DSBO=0.0003410831;
k_DSBN=0.0000331278;
k_CyA=3.4852121782;
fVX=0.0015394702;
kf_ATR_MGMT_P=0.0000110407;
k_ATR=0.0287767804;
K_add=0.0001004112;
kd_pATR=0.0016858668;
k_Chk1=358.6370387865;
C_Chk1=0.7620350546;
pChk1_ref12_5_24h=0.0077140435;
pChk1_ref100_24h=0.0077822618;
pChk1_ref100_48h=0.0096151192;
kd_pChk1=0.0769886232;
k_cdc25=171.7524282967;
K_cdc25=1.2649214925;
kf_p53=0.0004661447;
k_p53=25.2339721549;
K_ATR=0.0004306398;
p53ser46_ref50_72h=0.0003700393;
kp_ser46=3.0466552883;
K_p53=0.7050171569;
upAsy=0.2740011120;
sness=0.0049666966;
k_apop=0.0624427136;
tED50=456.1719366605;
cell_pop_norm0_Jack_MGMT_P=74.0506549634;
k_dis=0.0159989081;

%%%%%%%%%

cost=125.7064013833;

%%%%%%%%%

