TMZout0_Ka_XTMZ(norm)=0.36583;
MGMT_P0(norm)=0.28162;
k_MGMT(norm)=0.55114;
k_addO(norm)=0.76488;
k_addN(norm)=0.27373;
DSB_72h_fac(norm)=0.33290;
k_DSBO(norm)=0.36335;
k_DSBN(norm)=0.48546;
k_CyA(norm)=0.63273;
fVX(norm)=0.75068;
kf_ATR_MGMT_P(norm)=0.72487;
k_ATR(norm)=0.67008;
K_add(norm)=0.59403;
kd_pATR(norm)=0.19901;
k_Chk1(norm)=0.88145;
C_Chk1(norm)=0.69206;
pChk1_ref12_5_24h(norm)=0.13784;
pChk1_ref100_24h(norm)=0.82841;
pChk1_ref100_48h(norm)=0.79414;
kd_pChk1(norm)=0.68553;
k_cdc25(norm)=0.18482;
K_cdc25(norm)=0.19354;
kf_p53(norm)=0.85297;
k_p53(norm)=0.46441;
K_ATR(norm)=0.69795;
p53ser46_ref50_72h(norm)=0.62602;
kp_ser46(norm)=0.59183;
K_p53(norm)=0.87860;
upAsy(norm)=0.63811;
sness(norm)=0.52488;
k_apop(norm)=0.78575;
tED50(norm)=0.24206;
cell_pop_norm0_Jack_MGMT_P(norm)=0.41470;
k_dis(norm)=0.13551;

%%%%%%%%%

TMZout0_Ka_XTMZ=33.7160127136;
MGMT_P0=1.5994565478;
k_MGMT=45.5772918054;
k_addO=0.0128938032;
k_addN=0.1164041894;
DSB_72h_fac=0.8616216029;
k_DSBO=0.0002595186;
k_DSBN=0.0000339210;
k_CyA=2.1236882626;
fVX=0.0016225667;
kf_ATR_MGMT_P=0.0000122220;
k_ATR=0.0223374810;
K_add=0.0000706498;
kd_pATR=0.0027958778;
k_Chk1=617.3351885390;
C_Chk1=0.8145449902;
pChk1_ref12_5_24h=0.0052156878;
pChk1_ref100_24h=0.0093846276;
pChk1_ref100_48h=0.0103065055;
kd_pChk1=0.0888885690;
k_cdc25=171.8006331517;
K_cdc25=0.9678936390;
kf_p53=0.0008670311;
k_p53=33.5344152161;
K_ATR=0.0004564814;
p53ser46_ref50_72h=0.0005639786;
kp_ser46=3.8667343023;
K_p53=0.6790146868;
upAsy=0.2635149344;
sness=0.0039561172;
k_apop=0.0756211943;
tED50=278.5769089642;
cell_pop_norm0_Jack_MGMT_P=81.1589482030;
k_dis=0.0110757868;

%%%%%%%%%

cost=302.7093024869;

%%%%%%%%%

