TMZout0_Ka_XTMZ(norm)=0.05263;
MGMT_P0(norm)=0.43867;
k_MGMT(norm)=0.20936;
k_addO(norm)=0.15217;
k_addN(norm)=0.93543;
DSB_72h_fac(norm)=0.49440;
k_DSBO(norm)=0.12959;
k_DSBN(norm)=0.00010;
k_CyA(norm)=0.52957;
fVX(norm)=0.58966;
kf_ATR_MGMT_P(norm)=0.63862;
k_ATR(norm)=0.70501;
K_add(norm)=0.47668;
kd_pATR(norm)=0.53922;
k_Chk1(norm)=0.08562;
C_Chk1(norm)=0.37513;
pChk1_ref12_5_24h(norm)=0.00010;
pChk1_ref100_24h(norm)=0.52079;
pChk1_ref100_48h(norm)=0.99895;
kd_pChk1(norm)=0.53419;
k_cdc25(norm)=0.67724;
K_cdc25(norm)=0.46948;
kf_p53(norm)=0.71889;
k_p53(norm)=0.52581;
K_ATR(norm)=0.57794;
p53ser46_ref50_72h(norm)=0.52424;
kp_ser46(norm)=0.47467;
K_p53(norm)=0.37776;
upAsy(norm)=0.54737;
sness(norm)=0.69648;
k_apop(norm)=0.71345;
tED50(norm)=0.45482;
cell_pop_norm0_Jack_MGMT_P(norm)=0.59856;
k_dis(norm)=0.48976;

%%%%%%%%%

TMZout0_Ka_XTMZ=31.3768050293;
MGMT_P0=1.7635088178;
k_MGMT=34.1177967487;
k_addO=0.0076721165;
k_addN=0.2039203071;
DSB_72h_fac=0.9690640239;
k_DSBO=0.0002128877;
k_DSBN=0.0000224836;
k_CyA=1.9459330205;
fVX=0.0014156273;
kf_ATR_MGMT_P=0.0000113607;
k_ATR=0.0230083512;
K_add=0.0000639630;
kd_pATR=0.0037300097;
k_Chk1=314.5392945017;
C_Chk1=0.6227196610;
pChk1_ref12_5_24h=0.0046411643;
pChk1_ref100_24h=0.0072313713;
pChk1_ref100_48h=0.0122595640;
kd_pChk1=0.0781911644;
k_cdc25=260.7493248502;
K_cdc25=1.2228270507;
kf_p53=0.0007739186;
k_p53=35.3250797573;
K_ATR=0.0004123457;
p53ser46_ref50_72h=0.0005173843;
kp_ser46=3.5013036149;
K_p53=0.4442024598;
upAsy=0.2440157440;
sness=0.0045752220;
k_apop=0.0711278057;
tED50=333.6087408747;
cell_pop_norm0_Jack_MGMT_P=86.6594860690;
k_dis=0.0149531491;

%%%%%%%%%

cost=218.7024304613;

%%%%%%%%%

