TMZout0_Ka_XTMZ(norm)=0.48425;
MGMT_P0(norm)=0.61564;
k_MGMT(norm)=0.45592;
k_addO(norm)=0.29467;
k_addN(norm)=1.00000;
DSB_72h_fac(norm)=0.87305;
k_DSBO(norm)=0.37615;
k_DSBN(norm)=0.41035;
k_CyA(norm)=0.38406;
fVX(norm)=0.73013;
kf_ATR_MGMT_P(norm)=0.73037;
k_ATR(norm)=0.87903;
K_add(norm)=0.52062;
kd_pATR(norm)=0.87388;
k_Chk1(norm)=0.31194;
C_Chk1(norm)=0.41616;
pChk1_ref12_5_24h(norm)=0.86346;
pChk1_ref100_24h(norm)=0.86562;
pChk1_ref100_48h(norm)=1.00000;
kd_pChk1(norm)=0.82372;
k_cdc25(norm)=0.57103;
K_cdc25(norm)=0.79728;
kf_p53(norm)=0.30071;
k_p53(norm)=0.75854;
K_ATR(norm)=0.66458;
p53ser46_ref50_72h(norm)=0.62008;
kp_ser46(norm)=0.62236;
K_p53(norm)=0.41415;
upAsy(norm)=0.81172;
sness(norm)=0.65870;
k_apop(norm)=0.33527;
tED50(norm)=0.89375;
cell_pop_norm0_Jack_MGMT_P(norm)=0.53795;
k_dis(norm)=0.78280;

%%%%%%%%%

TMZout0_Ka_XTMZ=34.6451952383;
MGMT_P0=1.9686177200;
k_MGMT=42.0446275853;
k_addO=0.0086567372;
k_addN=0.2153875622;
DSB_72h_fac=1.2764644992;
k_DSBO=0.0002623496;
k_DSBN=0.0000318294;
k_CyA=1.7202151783;
fVX=0.0015945603;
kf_ATR_MGMT_P=0.0000122791;
k_ATR=0.0266636568;
K_add=0.0000663896;
kd_pATR=0.0049528413;
k_Chk1=381.0245574469;
C_Chk1=0.6447519400;
pChk1_ref12_5_24h=0.0096454341;
pChk1_ref100_24h=0.0096852081;
pChk1_ref100_48h=0.0122705020;
kd_pChk1=0.0999299634;
k_cdc25=238.3089404618;
K_cdc25=1.6143154397;
kf_p53=0.0005430200;
k_p53=43.0251496166;
K_ATR=0.0004437541;
p53ser46_ref50_72h=0.0005611488;
kp_ser46=3.9680577410;
K_p53=0.4581144093;
upAsy=0.3052739481;
sness=0.0044310783;
k_apop=0.0516272244;
tED50=483.8970600409;
cell_pop_norm0_Jack_MGMT_P=84.8061870108;
k_dis=0.0191674570;

%%%%%%%%%

cost=247.2842391100;

%%%%%%%%%

