TMZout0_Ka_XTMZ(norm)=0.20517;
MGMT_P0(norm)=0.29150;
k_MGMT(norm)=0.31693;
k_addO(norm)=0.00010;
k_addN(norm)=0.14863;
DSB_72h_fac(norm)=0.02881;
k_DSBO(norm)=0.85387;
k_DSBN(norm)=0.27744;
k_CyA(norm)=0.28148;
fVX(norm)=0.00010;
kf_ATR_MGMT_P(norm)=0.67611;
k_ATR(norm)=0.92874;
K_add(norm)=0.73073;
kd_pATR(norm)=0.95950;
k_Chk1(norm)=0.87649;
C_Chk1(norm)=0.78985;
pChk1_ref12_5_24h(norm)=0.00010;
pChk1_ref100_24h(norm)=0.28449;
pChk1_ref100_48h(norm)=0.14371;
kd_pChk1(norm)=0.56596;
k_cdc25(norm)=0.72553;
K_cdc25(norm)=0.09590;
kf_p53(norm)=0.15503;
k_p53(norm)=0.69487;
K_ATR(norm)=0.53919;
p53ser46_ref50_72h(norm)=0.81468;
kp_ser46(norm)=0.97672;
K_p53(norm)=0.57812;
upAsy(norm)=0.21093;
sness(norm)=0.38121;
k_apop(norm)=0.61411;
tED50(norm)=1.00000;
cell_pop_norm0_Jack_MGMT_P(norm)=1.00000;
k_dis(norm)=0.50853;

%%%%%%%%%

TMZout0_Ka_XTMZ=32.4951164906;
MGMT_P0=1.6093135279;
k_MGMT=37.3735043849;
k_addO=0.0067446269;
k_addN=0.1046977443;
DSB_72h_fac=0.6905882895;
k_DSBO=0.0003932499;
k_DSBN=0.0000284394;
k_CyA=1.5770217532;
fVX=0.0008590255;
kf_ATR_MGMT_P=0.0000117274;
k_ATR=0.0278107201;
K_add=0.0000793260;
kd_pATR=0.0053255044;
k_Chk1=614.7430252577;
C_Chk1=0.8849123175;
pChk1_ref12_5_24h=0.0046411643;
pChk1_ref100_24h=0.0059192831;
pChk1_ref100_48h=0.0059397479;
kd_pChk1=0.0803242313;
k_cdc25=271.6388272729;
K_cdc25=0.8910431925;
kf_p53=0.0004799650;
k_p53=40.7657619831;
K_ATR=0.0003990277;
p53ser46_ref50_72h=0.0006617389;
kp_ser46=5.3576347552;
K_p53=0.5263920302;
upAsy=0.1834914769;
sness=0.0035026765;
k_apop=0.0653858178;
tED50=529.4799787438;
cell_pop_norm0_Jack_MGMT_P=100.0000000000;
k_dis=0.0151928598;

%%%%%%%%%

cost=485.9018671522;

%%%%%%%%%

