TMZout0_Ka_XTMZ(norm)=0.54426;
MGMT_P0(norm)=0.73161;
k_MGMT(norm)=0.76585;
k_addO(norm)=0.55217;
k_addN(norm)=0.65469;
DSB_72h_fac(norm)=0.77820;
k_DSBO(norm)=0.64051;
k_DSBN(norm)=0.51335;
k_CyA(norm)=0.55610;
fVX(norm)=0.27587;
kf_ATR_MGMT_P(norm)=0.63272;
k_ATR(norm)=0.31397;
K_add(norm)=0.58980;
kd_pATR(norm)=0.58258;
k_Chk1(norm)=0.47844;
C_Chk1(norm)=0.57996;
pChk1_ref12_5_24h(norm)=0.46531;
pChk1_ref100_24h(norm)=0.46428;
pChk1_ref100_48h(norm)=0.53142;
kd_pChk1(norm)=0.50907;
k_cdc25(norm)=0.08346;
K_cdc25(norm)=0.62670;
kf_p53(norm)=0.35582;
k_p53(norm)=0.68707;
K_ATR(norm)=0.39971;
p53ser46_ref50_72h(norm)=0.40768;
kp_ser46(norm)=0.85795;
K_p53(norm)=0.55926;
upAsy(norm)=0.32404;
sness(norm)=0.58156;
k_apop(norm)=0.42159;
tED50(norm)=0.62018;
cell_pop_norm0_Jack_MGMT_P(norm)=0.16015;
k_dis(norm)=0.58259;

%%%%%%%%%

TMZout0_Ka_XTMZ=35.1257578375;
MGMT_P0=2.1157902912;
k_MGMT=54.6709669097;
k_addO=0.0107672881;
k_addN=0.1607514897;
DSB_72h_fac=1.1913434025;
k_DSBO=0.0003282140;
k_DSBN=0.0000347320;
k_CyA=1.9901663757;
fVX=0.0010851291;
kf_ATR_MGMT_P=0.0000113040;
k_ATR=0.0165193374;
K_add=0.0000703973;
kd_pATR=0.0038695683;
k_Chk1=438.7549574401;
C_Chk1=0.7407398914;
pChk1_ref12_5_24h=0.0068835626;
pChk1_ref100_24h=0.0068932670;
pChk1_ref100_48h=0.0082496511;
kd_pChk1=0.0765443142;
k_cdc25=157.6618962765;
K_cdc25=1.3970793279;
kf_p53=0.0005689754;
k_p53=40.4973365191;
K_ATR=0.0003545491;
p53ser46_ref50_72h=0.0004687289;
kp_ser46=4.8447347708;
K_p53=0.5180458543;
upAsy=0.2019464557;
sness=0.0041507503;
k_apop=0.0555446367;
tED50=383.7814304936;
cell_pop_norm0_Jack_MGMT_P=74.1148847137;
k_dis=0.0161767186;

%%%%%%%%%

cost=124.0496003941;

%%%%%%%%%

