TMZout0_Ka_XTMZ(norm)=0.42746;
MGMT_P0(norm)=0.32820;
k_MGMT(norm)=0.92076;
k_addO(norm)=0.09830;
k_addN(norm)=0.43973;
DSB_72h_fac(norm)=0.43917;
k_DSBO(norm)=0.34213;
k_DSBN(norm)=0.36644;
k_CyA(norm)=0.57782;
fVX(norm)=0.31224;
kf_ATR_MGMT_P(norm)=0.85177;
k_ATR(norm)=0.59411;
K_add(norm)=0.34453;
kd_pATR(norm)=0.32246;
k_Chk1(norm)=0.15072;
C_Chk1(norm)=0.69161;
pChk1_ref12_5_24h(norm)=0.49276;
pChk1_ref100_24h(norm)=0.68330;
pChk1_ref100_48h(norm)=0.77647;
kd_pChk1(norm)=0.63342;
k_cdc25(norm)=0.33101;
K_cdc25(norm)=0.41363;
kf_p53(norm)=0.47044;
k_p53(norm)=0.16557;
K_ATR(norm)=0.66881;
p53ser46_ref50_72h(norm)=0.23099;
kp_ser46(norm)=0.98105;
K_p53(norm)=0.34392;
upAsy(norm)=0.74718;
sness(norm)=0.82316;
k_apop(norm)=0.35555;
tED50(norm)=0.90949;
cell_pop_norm0_Jack_MGMT_P(norm)=0.60683;
k_dis(norm)=0.41048;

%%%%%%%%%

TMZout0_Ka_XTMZ=34.1964605904;
MGMT_P0=1.6464585847;
k_MGMT=62.3392435431;
k_addO=0.0073297988;
k_addN=0.1339846822;
DSB_72h_fac=0.9308916334;
k_DSBO=0.0002548949;
k_DSBN=0.0000306671;
k_CyA=2.0271354281;
fVX=0.0011190905;
kf_ATR_MGMT_P=0.0000136094;
k_ATR=0.0209448886;
K_add=0.0000571876;
kd_pATR=0.0031041716;
k_Chk1=332.3749427291;
C_Chk1=0.8142350520;
pChk1_ref12_5_24h=0.0070455414;
pChk1_ref100_24h=0.0082988879;
pChk1_ref100_48h=0.0101533375;
kd_pChk1=0.0850488544;
k_cdc25=194.4554907030;
K_cdc25=1.1663127420;
kf_p53=0.0006270046;
k_p53=26.0330511548;
K_ATR=0.0004453501;
p53ser46_ref50_72h=0.0004035544;
kp_ser46=5.3773375113;
K_p53=0.4316492846;
upAsy=0.2890280211;
sness=0.0050936311;
k_apop=0.0525216554;
tED50=490.3932139094;
cell_pop_norm0_Jack_MGMT_P=86.9153712679;
k_dis=0.0139816176;

%%%%%%%%%

cost=275.6402674928;

%%%%%%%%%

