TMZout0_Ka_XTMZ(norm)=1.00000;
MGMT_P0(norm)=0.96995;
k_MGMT(norm)=0.20807;
k_addO(norm)=0.50508;
k_addN(norm)=0.91318;
DSB_72h_fac(norm)=0.37144;
k_DSBO(norm)=0.66164;
k_DSBN(norm)=0.40138;
k_CyA(norm)=0.49706;
fVX(norm)=0.24559;
kf_ATR_MGMT_P(norm)=0.72945;
k_ATR(norm)=0.62807;
K_add(norm)=1.00000;
kd_pATR(norm)=0.50486;
k_Chk1(norm)=0.70224;
C_Chk1(norm)=0.50965;
pChk1_ref12_5_24h(norm)=0.27202;
pChk1_ref100_24h(norm)=0.65387;
pChk1_ref100_48h(norm)=0.41927;
kd_pChk1(norm)=1.00000;
k_cdc25(norm)=0.80881;
K_cdc25(norm)=0.29095;
kf_p53(norm)=0.81506;
k_p53(norm)=0.70277;
K_ATR(norm)=0.35746;
p53ser46_ref50_72h(norm)=0.56379;
kp_ser46(norm)=0.72429;
K_p53(norm)=0.28290;
upAsy(norm)=0.52706;
sness(norm)=0.31570;
k_apop(norm)=0.90714;
tED50(norm)=0.37531;
cell_pop_norm0_Jack_MGMT_P(norm)=0.60885;
k_dis(norm)=0.23786;

%%%%%%%%%

TMZout0_Ka_XTMZ=39.0000000000;
MGMT_P0=2.4581016188;
k_MGMT=29.4863483550;
k_addO=0.0097005557;
k_addN=0.1625910565;
DSB_72h_fac=0.8707915360;
k_DSBO=0.0003453100;
k_DSBN=0.0000338905;
k_CyA=2.2736907580;
fVX=0.0010667085;
kf_ATR_MGMT_P=0.0000122837;
k_ATR=0.0273472096;
K_add=0.0001153919;
kd_pATR=0.0025427464;
k_Chk1=370.4815715586;
C_Chk1=0.7051007742;
pChk1_ref12_5_24h=0.0065347338;
pChk1_ref100_24h=0.0090512371;
pChk1_ref100_48h=0.0091582775;
kd_pChk1=0.0896414866;
k_cdc25=279.4044155810;
K_cdc25=1.0845334369;
kf_p53=0.0007003368;
k_p53=36.1127056109;
K_ATR=0.0003811550;
p53ser46_ref50_72h=0.0004712991;
kp_ser46=3.7254388088;
K_p53=0.4993202826;
upAsy=0.1872309403;
sness=0.0029921396;
k_apop=0.0763273982;
tED50=317.4219524334;
cell_pop_norm0_Jack_MGMT_P=86.9779856494;
k_dis=0.0120231128;

%%%%%%%%%

cost=338.6991031122;

%%%%%%%%%

