TMZout0_Ka_XTMZ(norm)=0.32801;
MGMT_P0(norm)=0.55883;
k_MGMT(norm)=1.00000;
k_addO(norm)=0.60840;
k_addN(norm)=0.64690;
DSB_72h_fac(norm)=0.56742;
k_DSBO(norm)=0.77665;
k_DSBN(norm)=0.40235;
k_CyA(norm)=0.46627;
fVX(norm)=0.28971;
kf_ATR_MGMT_P(norm)=0.64359;
k_ATR(norm)=1.00000;
K_add(norm)=0.76893;
kd_pATR(norm)=0.61002;
k_Chk1(norm)=0.25382;
C_Chk1(norm)=0.17418;
pChk1_ref12_5_24h(norm)=0.19735;
pChk1_ref100_24h(norm)=0.28661;
pChk1_ref100_48h(norm)=0.69901;
kd_pChk1(norm)=0.59602;
k_cdc25(norm)=0.39493;
K_cdc25(norm)=0.53615;
kf_p53(norm)=0.40197;
k_p53(norm)=0.74310;
K_ATR(norm)=0.66293;
p53ser46_ref50_72h(norm)=0.23747;
kp_ser46(norm)=0.46816;
K_p53(norm)=0.99139;
upAsy(norm)=0.00010;
sness(norm)=0.85806;
k_apop(norm)=0.13392;
tED50(norm)=0.41782;
cell_pop_norm0_Jack_MGMT_P(norm)=0.17983;
k_dis(norm)=0.36638;

%%%%%%%%%

TMZout0_Ka_XTMZ=33.4244989957;
MGMT_P0=1.9506463065;
k_MGMT=57.6809463461;
k_addO=0.0105880689;
k_addN=0.1297511570;
DSB_72h_fac=1.0097363295;
k_DSBO=0.0003806533;
k_DSBN=0.0000339184;
k_CyA=2.2151324539;
fVX=0.0011073349;
kf_ATR_MGMT_P=0.0000114218;
k_ATR=0.0374777928;
K_add=0.0000948744;
kd_pATR=0.0027797118;
k_Chk1=253.3718342222;
C_Chk1=0.5306471892;
pChk1_ref12_5_24h=0.0061341032;
pChk1_ref100_24h=0.0066307714;
pChk1_ref100_48h=0.0116078484;
kd_pChk1=0.0636580349;
k_cdc25=196.7591127975;
K_cdc25=1.3349681229;
kf_p53=0.0004935121;
k_p53=37.3679527181;
K_ATR=0.0004937512;
p53ser46_ref50_72h=0.0003574532;
kp_ser46=2.9986579477;
K_p53=0.9100973651;
upAsy=0.1198035342;
sness=0.0047376033;
k_apop=0.0396416371;
tED50=329.0643064855;
cell_pop_norm0_Jack_MGMT_P=74.6369445529;
k_dis=0.0134063575;

%%%%%%%%%

cost=257.9511195901;

%%%%%%%%%

