TMZout0_Ka_XTMZ(norm)=0.58703;
MGMT_P0(norm)=0.96677;
k_MGMT(norm)=0.18177;
k_addO(norm)=0.52272;
k_addN(norm)=1.00000;
DSB_72h_fac(norm)=0.74085;
k_DSBO(norm)=0.05976;
k_DSBN(norm)=0.00010;
k_CyA(norm)=0.35095;
fVX(norm)=0.87938;
kf_ATR_MGMT_P(norm)=0.95815;
k_ATR(norm)=0.41076;
K_add(norm)=0.91442;
kd_pATR(norm)=0.56907;
k_Chk1(norm)=1.00000;
C_Chk1(norm)=1.00000;
pChk1_ref12_5_24h(norm)=1.00000;
pChk1_ref100_24h(norm)=0.00726;
pChk1_ref100_48h(norm)=0.36113;
kd_pChk1(norm)=0.09523;
k_cdc25(norm)=1.00000;
K_cdc25(norm)=0.75954;
kf_p53(norm)=0.00010;
k_p53(norm)=0.70062;
K_ATR(norm)=0.96662;
p53ser46_ref50_72h(norm)=1.00000;
kp_ser46(norm)=0.24095;
K_p53(norm)=0.48440;
upAsy(norm)=0.15030;
sness(norm)=0.91125;
k_apop(norm)=0.42625;
tED50(norm)=0.71240;
cell_pop_norm0_Jack_MGMT_P(norm)=0.00422;
k_dis(norm)=0.71902;

%%%%%%%%%

TMZout0_Ka_XTMZ=35.4723823515;
MGMT_P0=2.4488790034;
k_MGMT=33.3296241747;
k_addO=0.0105019441;
k_addN=0.2153875622;
DSB_72h_fac=1.1593978844;
k_DSBO=0.0002006574;
k_DSBN=0.0000224836;
k_CyA=1.6726330053;
fVX=0.0018095144;
kf_ATR_MGMT_P=0.0000148931;
k_ATR=0.0179312050;
K_add=0.0000926849;
kd_pATR=0.0038255327;
k_Chk1=682.5647593832;
C_Chk1=1.0573793404;
pChk1_ref12_5_24h=0.0108284658;
pChk1_ref100_24h=0.0046800812;
pChk1_ref100_48h=0.0071412417;
kd_pChk1=0.0539051817;
k_cdc25=342.7608330462;
K_cdc25=1.5635162185;
kf_p53=0.0004209179;
k_p53=40.9646805666;
K_ATR=0.0005731738;
p53ser46_ref50_72h=0.0007742483;
kp_ser46=2.8722854259;
K_p53=0.4862104457;
upAsy=0.1743030986;
sness=0.0054883540;
k_apop=0.0557641731;
tED50=414.9710615003;
cell_pop_norm0_Jack_MGMT_P=70.1053361231;
k_dis=0.0181590587;

%%%%%%%%%

cost=100000.0000000000;

%%%%%%%%%

