TMZout0_Ka_XTMZ(norm)=0.44208;
MGMT_P0(norm)=0.11503;
k_MGMT(norm)=0.62240;
k_addO(norm)=0.35197;
k_addN(norm)=0.50869;
DSB_72h_fac(norm)=0.17041;
k_DSBO(norm)=0.61680;
k_DSBN(norm)=0.08569;
k_CyA(norm)=0.35146;
fVX(norm)=1.00000;
kf_ATR_MGMT_P(norm)=0.56384;
k_ATR(norm)=0.59010;
K_add(norm)=0.41917;
kd_pATR(norm)=0.86529;
k_Chk1(norm)=0.27117;
C_Chk1(norm)=0.00010;
pChk1_ref12_5_24h(norm)=0.50649;
pChk1_ref100_24h(norm)=0.69940;
pChk1_ref100_48h(norm)=0.55492;
kd_pChk1(norm)=0.05711;
k_cdc25(norm)=0.40421;
K_cdc25(norm)=0.98565;
kf_p53(norm)=0.53065;
k_p53(norm)=0.91809;
K_ATR(norm)=0.40344;
p53ser46_ref50_72h(norm)=0.21689;
kp_ser46(norm)=0.85678;
K_p53(norm)=0.76398;
upAsy(norm)=0.48938;
sness(norm)=0.83197;
k_apop(norm)=0.89483;
tED50(norm)=0.07531;
cell_pop_norm0_Jack_MGMT_P(norm)=0.48430;
k_dis(norm)=0.77856;

%%%%%%%%%

TMZout0_Ka_XTMZ=34.3113686920;
MGMT_P0=1.5442471047;
k_MGMT=43.1986832533;
k_addO=0.0089569409;
k_addN=0.1310294928;
DSB_72h_fac=0.7508586382;
k_DSBO=0.0003270832;
k_DSBN=0.0000271593;
k_CyA=1.6998210778;
fVX=0.0019526178;
kf_ATR_MGMT_P=0.0000106772;
k_ATR=0.0190982185;
K_add=0.0000630443;
kd_pATR=0.0040282918;
k_Chk1=333.7150484602;
C_Chk1=0.4539091817;
pChk1_ref12_5_24h=0.0066535905;
pChk1_ref100_24h=0.0078452921;
pChk1_ref100_48h=0.0081516636;
kd_pChk1=0.0501660437;
k_cdc25=253.8207791387;
K_cdc25=1.8806545757;
kf_p53=0.0006421670;
k_p53=39.7925963636;
K_ATR=0.0002952932;
p53ser46_ref50_72h=0.0004047145;
kp_ser46=5.3577097455;
K_p53=0.9619935288;
upAsy=0.2557982711;
sness=0.0048678442;
k_apop=0.0825634047;
tED50=265.9281842072;
cell_pop_norm0_Jack_MGMT_P=83.1986780275;
k_dis=0.0191512110;

%%%%%%%%%

cost=353.0272339986;

%%%%%%%%%

