TMZout0_Ka_XTMZ(norm)=0.15681;
MGMT_P0(norm)=0.49295;
k_MGMT(norm)=0.11142;
k_addO(norm)=0.64292;
k_addN(norm)=0.39329;
DSB_72h_fac(norm)=0.29080;
k_DSBO(norm)=0.33736;
k_DSBN(norm)=0.22161;
k_CyA(norm)=0.61710;
fVX(norm)=0.72531;
kf_ATR_MGMT_P(norm)=0.42148;
k_ATR(norm)=0.73327;
K_add(norm)=0.30873;
kd_pATR(norm)=0.86559;
k_Chk1(norm)=0.51112;
C_Chk1(norm)=0.64679;
pChk1_ref12_5_24h(norm)=0.17333;
pChk1_ref100_24h(norm)=0.84297;
pChk1_ref100_48h(norm)=0.67234;
kd_pChk1(norm)=0.40708;
k_cdc25(norm)=0.45805;
K_cdc25(norm)=0.80140;
kf_p53(norm)=0.90650;
k_p53(norm)=0.62686;
K_ATR(norm)=0.57217;
p53ser46_ref50_72h(norm)=0.78879;
kp_ser46(norm)=0.45373;
K_p53(norm)=0.00010;
upAsy(norm)=0.68256;
sness(norm)=1.00000;
k_apop(norm)=0.82129;
tED50(norm)=0.34748;
cell_pop_norm0_Jack_MGMT_P(norm)=0.00010;
k_dis(norm)=0.66659;

%%%%%%%%%

TMZout0_Ka_XTMZ=32.1363026713;
MGMT_P0=1.8969827853;
k_MGMT=28.0181537257;
k_addO=0.0114610103;
k_addN=0.1188239283;
DSB_72h_fac=0.8219098508;
k_DSBO=0.0002581254;
k_DSBN=0.0000304742;
k_CyA=2.1288968677;
fVX=0.0015471647;
kf_ATR_MGMT_P=0.0000094639;
k_ATR=0.0215614577;
K_add=0.0000574125;
kd_pATR=0.0040293168;
k_Chk1=408.9522059679;
C_Chk1=0.7851201286;
pChk1_ref12_5_24h=0.0050171885;
pChk1_ref100_24h=0.0088600677;
pChk1_ref100_48h=0.0090043366;
kd_pChk1=0.0674823749;
k_cdc25=265.6668339979;
K_cdc25=1.6088241185;
kf_p53=0.0008829758;
k_p53=31.0912734387;
K_ATR=0.0003406764;
p53ser46_ref50_72h=0.0006570415;
kp_ser46=3.8077457919;
K_p53=0.5035958205;
upAsy=0.3012894897;
sness=0.0056126384;
k_apop=0.0775756766;
tED50=334.8997586448;
cell_pop_norm0_Jack_MGMT_P=70.0024967691;
k_dis=0.0174179040;

%%%%%%%%%

cost=230.3210970289;

%%%%%%%%%

