TMZout0_Ka_XTMZ(norm)=0.28179;
MGMT_P0(norm)=0.72147;
k_MGMT(norm)=0.44331;
k_addO(norm)=0.44557;
k_addN(norm)=0.79027;
DSB_72h_fac(norm)=0.00010;
k_DSBO(norm)=0.00010;
k_DSBN(norm)=0.32103;
k_CyA(norm)=0.00010;
fVX(norm)=0.32042;
kf_ATR_MGMT_P(norm)=0.79099;
k_ATR(norm)=0.41312;
K_add(norm)=0.00010;
kd_pATR(norm)=0.08245;
k_Chk1(norm)=0.51180;
C_Chk1(norm)=0.41296;
pChk1_ref12_5_24h(norm)=0.37739;
pChk1_ref100_24h(norm)=0.48388;
pChk1_ref100_48h(norm)=0.79984;
kd_pChk1(norm)=0.05547;
k_cdc25(norm)=0.97649;
K_cdc25(norm)=0.42523;
kf_p53(norm)=0.60669;
k_p53(norm)=0.32185;
K_ATR(norm)=0.12942;
p53ser46_ref50_72h(norm)=0.19272;
kp_ser46(norm)=0.91227;
K_p53(norm)=0.06150;
upAsy(norm)=0.37145;
sness(norm)=0.65569;
k_apop(norm)=0.11104;
tED50(norm)=0.49835;
cell_pop_norm0_Jack_MGMT_P(norm)=0.23912;
k_dis(norm)=0.50261;

%%%%%%%%%

TMZout0_Ka_XTMZ=33.0717007504;
MGMT_P0=2.0640894283;
k_MGMT=45.0595284603;
k_addO=0.0091938718;
k_addN=0.1715754025;
DSB_72h_fac=0.6222027163;
k_DSBO=0.0002229574;
k_DSBN=0.0000283132;
k_CyA=1.6897762024;
fVX=0.0011618443;
kf_ATR_MGMT_P=0.0000129847;
k_ATR=0.0243669427;
K_add=0.0000550995;
kd_pATR=0.0012962286;
k_Chk1=299.5229034646;
C_Chk1=0.6523841219;
pChk1_ref12_5_24h=0.0074111965;
pChk1_ref100_24h=0.0081586713;
pChk1_ref100_48h=0.0128879915;
kd_pChk1=0.0389022043;
k_cdc25=295.3253976993;
K_cdc25=1.1937978337;
kf_p53=0.0004800179;
k_p53=24.4499855231;
K_ATR=0.0003305646;
p53ser46_ref50_72h=0.0002765736;
kp_ser46=4.0768579329;
K_p53=0.3748785878;
upAsy=0.2347649318;
sness=0.0057027551;
k_apop=0.0412925832;
tED50=384.2091936757;
cell_pop_norm0_Jack_MGMT_P=76.2321374262;
k_dis=0.0146454391;

%%%%%%%%%

cost=614.0702297113;

%%%%%%%%%

