TMZout0_Ka_XTMZ(norm)=0.30562;
MGMT_P0(norm)=0.52913;
k_MGMT(norm)=0.08643;
k_addO(norm)=0.55457;
k_addN(norm)=0.67084;
DSB_72h_fac(norm)=0.38061;
k_DSBO(norm)=0.36581;
k_DSBN(norm)=0.25710;
k_CyA(norm)=0.08031;
fVX(norm)=0.68384;
kf_ATR_MGMT_P(norm)=0.57219;
k_ATR(norm)=0.43089;
K_add(norm)=0.75614;
kd_pATR(norm)=0.22200;
k_Chk1(norm)=0.51925;
C_Chk1(norm)=0.63559;
pChk1_ref12_5_24h(norm)=0.47193;
pChk1_ref100_24h(norm)=0.56099;
pChk1_ref100_48h(norm)=0.47279;
kd_pChk1(norm)=0.59138;
k_cdc25(norm)=0.64583;
K_cdc25(norm)=0.35331;
kf_p53(norm)=0.65108;
k_p53(norm)=0.69294;
K_ATR(norm)=0.24333;
p53ser46_ref50_72h(norm)=0.62631;
kp_ser46(norm)=0.54500;
K_p53(norm)=0.78929;
upAsy(norm)=0.68280;
sness(norm)=0.96447;
k_apop(norm)=0.41009;
tED50(norm)=0.61437;
cell_pop_norm0_Jack_MGMT_P(norm)=0.51091;
k_dis(norm)=0.53213;

%%%%%%%%%

TMZout0_Ka_XTMZ=33.2531570754;
MGMT_P0=1.8824646833;
k_MGMT=25.7173553501;
k_addO=0.0099199307;
k_addN=0.1231757774;
DSB_72h_fac=0.8745527282;
k_DSBO=0.0002690693;
k_DSBN=0.0000309877;
k_CyA=1.5273841863;
fVX=0.0013817832;
kf_ATR_MGMT_P=0.0000105793;
k_ATR=0.0216037232;
K_add=0.0000864578;
kd_pATR=0.0024862620;
k_Chk1=381.9291225762;
C_Chk1=0.7920873377;
pChk1_ref12_5_24h=0.0070465178;
pChk1_ref100_24h=0.0076113363;
pChk1_ref100_48h=0.0082343378;
kd_pChk1=0.0765374002;
k_cdc25=268.0664587145;
K_cdc25=1.0833542609;
kf_p53=0.0006246957;
k_p53=40.3332601532;
K_ATR=0.0003525595;
p53ser46_ref50_72h=0.0004855078;
kp_ser46=3.2539265276;
K_p53=0.7326243991;
upAsy=0.2704425764;
sness=0.0052543346;
k_apop=0.0569345367;
tED50=447.5495276798;
cell_pop_norm0_Jack_MGMT_P=83.9922949441;
k_dis=0.0156138167;

%%%%%%%%%

cost=214.6134475874;

%%%%%%%%%

