TMZout0_Ka_XTMZ(norm)=0.33255;
MGMT_P0(norm)=0.95072;
k_MGMT(norm)=0.43378;
k_addO(norm)=0.62043;
k_addN(norm)=0.75378;
DSB_72h_fac(norm)=0.70047;
k_DSBO(norm)=0.54093;
k_DSBN(norm)=0.61686;
k_CyA(norm)=0.86356;
fVX(norm)=0.16142;
kf_ATR_MGMT_P(norm)=0.57181;
k_ATR(norm)=0.52894;
K_add(norm)=0.65947;
kd_pATR(norm)=0.48365;
k_Chk1(norm)=0.31421;
C_Chk1(norm)=0.59662;
pChk1_ref12_5_24h(norm)=0.53464;
pChk1_ref100_24h(norm)=0.53449;
pChk1_ref100_48h(norm)=0.64476;
kd_pChk1(norm)=0.35076;
k_cdc25(norm)=0.22708;
K_cdc25(norm)=0.55598;
kf_p53(norm)=0.46362;
k_p53(norm)=0.71195;
K_ATR(norm)=0.61280;
p53ser46_ref50_72h(norm)=0.45881;
kp_ser46(norm)=0.59055;
K_p53(norm)=0.39904;
upAsy(norm)=0.41581;
sness(norm)=0.92208;
k_apop(norm)=0.79579;
tED50(norm)=0.26599;
cell_pop_norm0_Jack_MGMT_P(norm)=0.18025;
k_dis(norm)=0.60750;

%%%%%%%%%

TMZout0_Ka_XTMZ=33.4593497931;
MGMT_P0=2.4338285156;
k_MGMT=36.8181012714;
k_addO=0.0112446051;
k_addN=0.1612714596;
DSB_72h_fac=1.1179877730;
k_DSBO=0.0003067197;
k_DSBN=0.0000425969;
k_CyA=2.6232788020;
fVX=0.0009594881;
kf_ATR_MGMT_P=0.0000107495;
k_ATR=0.0181337942;
K_add=0.0000772806;
kd_pATR=0.0029153303;
k_Chk1=346.1081606533;
C_Chk1=0.7524456650;
pChk1_ref12_5_24h=0.0068141905;
pChk1_ref100_24h=0.0068222218;
pChk1_ref100_48h=0.0087963840;
kd_pChk1=0.0643374629;
k_cdc25=218.4474782637;
K_cdc25=1.3067665428;
kf_p53=0.0006067111;
k_p53=33.4154314429;
K_ATR=0.0003526098;
p53ser46_ref50_72h=0.0004967860;
kp_ser46=4.2757610240;
K_p53=0.7061270281;
upAsy=0.2403404619;
sness=0.0052540624;
k_apop=0.0759174608;
tED50=312.5556799164;
cell_pop_norm0_Jack_MGMT_P=74.6482004932;
k_dis=0.0165671993;

%%%%%%%%%

cost=124.3895936558;

%%%%%%%%%

