TMZout0_Ka_XTMZ(norm)=0.01663;
MGMT_P0(norm)=0.40026;
k_MGMT(norm)=0.84967;
k_addO(norm)=0.22885;
k_addN(norm)=0.43807;
DSB_72h_fac(norm)=0.56276;
k_DSBO(norm)=1.00000;
k_DSBN(norm)=0.15557;
k_CyA(norm)=0.73194;
fVX(norm)=0.00010;
kf_ATR_MGMT_P(norm)=1.00000;
k_ATR(norm)=0.14852;
K_add(norm)=0.88549;
kd_pATR(norm)=0.34516;
k_Chk1(norm)=0.84149;
C_Chk1(norm)=0.41353;
pChk1_ref12_5_24h(norm)=0.57149;
pChk1_ref100_24h(norm)=0.40998;
pChk1_ref100_48h(norm)=1.00000;
kd_pChk1(norm)=0.63696;
k_cdc25(norm)=0.21825;
K_cdc25(norm)=0.35437;
kf_p53(norm)=0.57032;
k_p53(norm)=0.69176;
K_ATR(norm)=0.47943;
p53ser46_ref50_72h(norm)=0.00010;
kp_ser46(norm)=0.88466;
K_p53(norm)=0.31045;
upAsy(norm)=0.59454;
sness(norm)=0.68350;
k_apop(norm)=0.67005;
tED50(norm)=0.81018;
cell_pop_norm0_Jack_MGMT_P(norm)=0.00010;
k_dis(norm)=0.66905;

%%%%%%%%%

TMZout0_Ka_XTMZ=31.1186059387;
MGMT_P0=1.7842088070;
k_MGMT=50.7826281382;
k_addO=0.0076762863;
k_addN=0.1087092486;
DSB_72h_fac=1.0061882109;
k_DSBO=0.0004599560;
k_DSBN=0.0000275186;
k_CyA=2.7743385891;
fVX=0.0008663821;
kf_ATR_MGMT_P=0.0000154484;
k_ATR=0.0182158828;
K_add=0.0001047221;
kd_pATR=0.0022209439;
k_Chk1=416.8756689638;
C_Chk1=0.6499505504;
pChk1_ref12_5_24h=0.0084221789;
pChk1_ref100_24h=0.0073614185;
pChk1_ref100_48h=0.0149799251;
kd_pChk1=0.0659051104;
k_cdc25=169.4020834410;
K_cdc25=1.1444063015;
kf_p53=0.0005691751;
k_p53=35.7773495207;
K_ATR=0.0004226555;
p53ser46_ref50_72h=0.0002923290;
kp_ser46=4.2676473411;
K_p53=0.5111122467;
upAsy=0.1982477523;
sness=0.0040862460;
k_apop=0.0624360775;
tED50=458.8405885379;
cell_pop_norm0_Jack_MGMT_P=70.0024967691;
k_dis=0.0173255719;

%%%%%%%%%

cost=100000.0000000000;

%%%%%%%%%

