TMZout0_Ka_XTMZ(norm)=0.50303;
MGMT_P0(norm)=0.70394;
k_MGMT(norm)=0.49048;
k_addO(norm)=0.63531;
k_addN(norm)=0.17541;
DSB_72h_fac(norm)=0.46311;
k_DSBO(norm)=0.73787;
k_DSBN(norm)=0.76880;
k_CyA(norm)=0.79364;
fVX(norm)=0.56261;
kf_ATR_MGMT_P(norm)=0.67458;
k_ATR(norm)=0.63979;
K_add(norm)=0.56633;
kd_pATR(norm)=0.23682;
k_Chk1(norm)=0.56016;
C_Chk1(norm)=0.66060;
pChk1_ref12_5_24h(norm)=0.46051;
pChk1_ref100_24h(norm)=0.65883;
pChk1_ref100_48h(norm)=0.65999;
kd_pChk1(norm)=0.39782;
k_cdc25(norm)=0.38004;
K_cdc25(norm)=0.70722;
kf_p53(norm)=0.63849;
k_p53(norm)=0.39303;
K_ATR(norm)=0.35445;
p53ser46_ref50_72h(norm)=0.51440;
kp_ser46(norm)=0.69935;
K_p53(norm)=0.61567;
upAsy(norm)=0.48198;
sness(norm)=0.52152;
k_apop(norm)=0.15806;
tED50(norm)=0.55335;
cell_pop_norm0_Jack_MGMT_P(norm)=0.21398;
k_dis(norm)=0.37632;

%%%%%%%%%

TMZout0_Ka_XTMZ=34.7948827687;
MGMT_P0=2.0797100921;
k_MGMT=43.2938967767;
k_addO=0.0115531333;
k_addN=0.1071003253;
DSB_72h_fac=0.9472516937;
k_DSBO=0.0003564385;
k_DSBN=0.0000431251;
k_CyA=2.4338781481;
fVX=0.0013835526;
kf_ATR_MGMT_P=0.0000117122;
k_ATR=0.0217713725;
K_add=0.0000690112;
kd_pATR=0.0028868937;
k_Chk1=470.2122189357;
C_Chk1=0.7931203504;
pChk1_ref12_5_24h=0.0068556452;
pChk1_ref100_24h=0.0081286437;
pChk1_ref100_48h=0.0091991452;
kd_pChk1=0.0696583490;
k_cdc25=202.7026207370;
K_cdc25=1.4957178444;
kf_p53=0.0007229522;
k_p53=31.5663840934;
K_ATR=0.0003412116;
p53ser46_ref50_72h=0.0005130847;
kp_ser46=4.2355396649;
K_p53=0.5434072439;
upAsy=0.2308637519;
sness=0.0039448771;
k_apop=0.0444291609;
tED50=362.6541325555;
cell_pop_norm0_Jack_MGMT_P=75.5516947863;
k_dis=0.0135827748;

%%%%%%%%%

cost=280.9203199206;

%%%%%%%%%

