TMZout0_Ka_XTMZ(norm)=0.39585;
MGMT_P0(norm)=0.95623;
k_MGMT(norm)=0.51337;
k_addO(norm)=0.62078;
k_addN(norm)=0.59661;
DSB_72h_fac(norm)=0.65862;
k_DSBO(norm)=0.68012;
k_DSBN(norm)=0.54587;
k_CyA(norm)=0.54542;
fVX(norm)=0.49657;
kf_ATR_MGMT_P(norm)=0.61093;
k_ATR(norm)=0.91476;
K_add(norm)=0.63088;
kd_pATR(norm)=0.64808;
k_Chk1(norm)=0.44312;
C_Chk1(norm)=0.61418;
pChk1_ref12_5_24h(norm)=0.70632;
pChk1_ref100_24h(norm)=0.70691;
pChk1_ref100_48h(norm)=0.64995;
kd_pChk1(norm)=0.50604;
k_cdc25(norm)=0.57210;
K_cdc25(norm)=0.79389;
kf_p53(norm)=0.37888;
k_p53(norm)=0.57838;
K_ATR(norm)=0.82750;
p53ser46_ref50_72h(norm)=0.35861;
kp_ser46(norm)=0.41861;
K_p53(norm)=0.49259;
upAsy(norm)=0.64480;
sness(norm)=0.62145;
k_apop(norm)=0.58439;
tED50(norm)=0.82327;
cell_pop_norm0_Jack_MGMT_P(norm)=0.14386;
k_dis(norm)=0.58754;

%%%%%%%%%

TMZout0_Ka_XTMZ=33.9491578315;
MGMT_P0=2.4392010008;
k_MGMT=38.1912397778;
k_addO=0.0106997283;
k_addN=0.1243382772;
DSB_72h_fac=1.0817590894;
k_DSBO=0.0003507594;
k_DSBN=0.0000383043;
k_CyA=2.3687973085;
fVX=0.0013194706;
kf_ATR_MGMT_P=0.0000111101;
k_ATR=0.0348663994;
K_add=0.0000844008;
kd_pATR=0.0028707955;
k_Chk1=297.4504384078;
C_Chk1=0.7703993120;
pChk1_ref12_5_24h=0.0094415268;
pChk1_ref100_24h=0.0094672679;
pChk1_ref100_48h=0.0111352730;
kd_pChk1=0.0589851134;
k_cdc25=228.6282899612;
K_cdc25=1.6607812685;
kf_p53=0.0004839500;
k_p53=32.5002139011;
K_ATR=0.0005676324;
p53ser46_ref50_72h=0.0003960898;
kp_ser46=2.8753716323;
K_p53=0.5964033466;
upAsy=0.2068738180;
sness=0.0038769511;
k_apop=0.0580649439;
tED50=463.9583716059;
cell_pop_norm0_Jack_MGMT_P=73.6855044859;
k_dis=0.0161693882;

%%%%%%%%%

cost=124.3060967916;

%%%%%%%%%

