TMZout0_Ka_XTMZ(norm)=0.19414;
MGMT_P0(norm)=0.60029;
k_MGMT(norm)=0.30086;
k_addO(norm)=0.23470;
k_addN(norm)=0.42254;
DSB_72h_fac(norm)=0.53174;
k_DSBO(norm)=0.65385;
k_DSBN(norm)=0.49380;
k_CyA(norm)=0.52038;
fVX(norm)=0.36522;
kf_ATR_MGMT_P(norm)=0.44661;
k_ATR(norm)=0.37234;
K_add(norm)=0.50150;
kd_pATR(norm)=0.43902;
k_Chk1(norm)=0.47417;
C_Chk1(norm)=0.00010;
pChk1_ref12_5_24h(norm)=0.18713;
pChk1_ref100_24h(norm)=0.81363;
pChk1_ref100_48h(norm)=0.74204;
kd_pChk1(norm)=0.28331;
k_cdc25(norm)=0.55396;
K_cdc25(norm)=0.59583;
kf_p53(norm)=0.72445;
k_p53(norm)=0.66834;
K_ATR(norm)=0.40284;
p53ser46_ref50_72h(norm)=0.79476;
kp_ser46(norm)=1.00000;
K_p53(norm)=0.26662;
upAsy(norm)=0.56107;
sness(norm)=0.75435;
k_apop(norm)=0.49316;
tED50(norm)=0.65237;
cell_pop_norm0_Jack_MGMT_P(norm)=0.56894;
k_dis(norm)=0.31936;

%%%%%%%%%

TMZout0_Ka_XTMZ=32.4129021214;
MGMT_P0=1.9499148893;
k_MGMT=36.8683571485;
k_addO=0.0082278317;
k_addN=0.1320475865;
DSB_72h_fac=0.9957518449;
k_DSBO=0.0003319443;
k_DSBN=0.0000341616;
k_CyA=1.9308371122;
fVX=0.0011704715;
kf_ATR_MGMT_P=0.0000096550;
k_ATR=0.0173568140;
K_add=0.0000653225;
kd_pATR=0.0034263911;
k_Chk1=437.1687231163;
C_Chk1=0.4532009724;
pChk1_ref12_5_24h=0.0054381178;
pChk1_ref100_24h=0.0092678780;
pChk1_ref100_48h=0.0098614385;
kd_pChk1=0.0632175431;
k_cdc25=234.8877738478;
K_cdc25=1.3610026008;
kf_p53=0.0007775739;
k_p53=39.8595976397;
K_ATR=0.0003554928;
p53ser46_ref50_72h=0.0006506624;
kp_ser46=5.4643701630;
K_p53=0.4042815556;
upAsy=0.2468628611;
sness=0.0048051770;
k_apop=0.0590169809;
tED50=394.3925472805;
cell_pop_norm0_Jack_MGMT_P=85.7489063692;
k_dis=0.0129428430;

%%%%%%%%%

cost=282.2708401203;

%%%%%%%%%

