TMZout0_Ka_XTMZ(norm)=0.93620;
MGMT_P0(norm)=0.80767;
k_MGMT(norm)=0.74368;
k_addO(norm)=0.46510;
k_addN(norm)=0.91070;
DSB_72h_fac(norm)=0.74032;
k_DSBO(norm)=0.73115;
k_DSBN(norm)=0.52341;
k_CyA(norm)=1.00000;
fVX(norm)=0.94231;
kf_ATR_MGMT_P(norm)=0.70066;
k_ATR(norm)=0.31979;
K_add(norm)=0.85279;
kd_pATR(norm)=0.87487;
k_Chk1(norm)=0.53076;
C_Chk1(norm)=0.58492;
pChk1_ref12_5_24h(norm)=0.09341;
pChk1_ref100_24h(norm)=0.64145;
pChk1_ref100_48h(norm)=0.52566;
kd_pChk1(norm)=0.14225;
k_cdc25(norm)=0.61123;
K_cdc25(norm)=0.06176;
kf_p53(norm)=0.67114;
k_p53(norm)=0.44850;
K_ATR(norm)=0.25813;
p53ser46_ref50_72h(norm)=0.40697;
kp_ser46(norm)=0.80178;
K_p53(norm)=0.44022;
upAsy(norm)=0.16514;
sness(norm)=0.46197;
k_apop(norm)=0.27301;
tED50(norm)=0.93438;
cell_pop_norm0_Jack_MGMT_P(norm)=0.17889;
k_dis(norm)=0.61199;

%%%%%%%%%

TMZout0_Ka_XTMZ=38.4329386193;
MGMT_P0=2.2182448968;
k_MGMT=53.6539304555;
k_addO=0.0100015874;
k_addN=0.1996916215;
DSB_72h_fac=1.1589550933;
k_DSBO=0.0003544152;
k_DSBN=0.0000350294;
k_CyA=2.8989184694;
fVX=0.0019086056;
kf_ATR_MGMT_P=0.0000119739;
k_ATR=0.0166009517;
K_add=0.0000879695;
kd_pATR=0.0049569926;
k_Chk1=458.6421322648;
C_Chk1=0.7438606883;
pChk1_ref12_5_24h=0.0050229753;
pChk1_ref100_24h=0.0080098135;
pChk1_ref100_48h=0.0082094919;
kd_pChk1=0.0560957344;
k_cdc25=246.5648999954;
K_cdc25=0.8656341383;
kf_p53=0.0007432338;
k_p53=33.0852803409;
K_ATR=0.0003144707;
p53ser46_ref50_72h=0.0004684459;
kp_ser46=4.6195357463;
K_p53=0.4683464476;
upAsy=0.1765074383;
sness=0.0037507460;
k_apop=0.0489742336;
tED50=500.8454652140;
cell_pop_norm0_Jack_MGMT_P=74.6119105333;
k_dis=0.0165847383;

%%%%%%%%%

cost=221.8775275990;

%%%%%%%%%

