TMZout0_Ka_XTMZ(norm)=0.72169;
MGMT_P0(norm)=0.57793;
k_MGMT(norm)=0.36397;
k_addO(norm)=0.40343;
k_addN(norm)=0.53501;
DSB_72h_fac(norm)=0.44628;
k_DSBO(norm)=0.74049;
k_DSBN(norm)=0.34449;
k_CyA(norm)=0.32806;
fVX(norm)=0.46489;
kf_ATR_MGMT_P(norm)=0.51849;
k_ATR(norm)=0.55844;
K_add(norm)=0.60954;
kd_pATR(norm)=0.81645;
k_Chk1(norm)=0.46348;
C_Chk1(norm)=0.27489;
pChk1_ref12_5_24h(norm)=0.07751;
pChk1_ref100_24h(norm)=0.88161;
pChk1_ref100_48h(norm)=0.90274;
kd_pChk1(norm)=0.66219;
k_cdc25(norm)=0.47440;
K_cdc25(norm)=0.87892;
kf_p53(norm)=1.00000;
k_p53(norm)=0.67988;
K_ATR(norm)=0.36306;
p53ser46_ref50_72h(norm)=0.78971;
kp_ser46(norm)=0.36041;
K_p53(norm)=0.42903;
upAsy(norm)=0.27077;
sness(norm)=0.73619;
k_apop(norm)=0.43828;
tED50(norm)=0.37722;
cell_pop_norm0_Jack_MGMT_P(norm)=0.43457;
k_dis(norm)=0.59172;

%%%%%%%%%

TMZout0_Ka_XTMZ=36.5860878935;
MGMT_P0=1.9229937687;
k_MGMT=38.8934854133;
k_addO=0.0094923567;
k_addN=0.1452494308;
DSB_72h_fac=0.9357175545;
k_DSBO=0.0003572298;
k_DSBN=0.0000301018;
k_CyA=1.6405069841;
fVX=0.0012736166;
kf_ATR_MGMT_P=0.0000102612;
k_ATR=0.0203212475;
K_add=0.0000715847;
kd_pATR=0.0047175981;
k_Chk1=433.2279522039;
C_Chk1=0.5720153858;
pChk1_ref12_5_24h=0.0049557748;
pChk1_ref100_24h=0.0098173655;
pChk1_ref100_48h=0.0112998234;
kd_pChk1=0.0871478419;
k_cdc25=219.5754457369;
K_cdc25=1.7299320902;
kf_p53=0.0009820586;
k_p53=40.2511288714;
K_ATR=0.0003437097;
p53ser46_ref50_72h=0.0006478836;
kp_ser46=3.1782311931;
K_p53=0.4639261091;
upAsy=0.1930337219;
sness=0.0047318046;
k_apop=0.0563355290;
tED50=312.3796055482;
cell_pop_norm0_Jack_MGMT_P=81.7359424703;
k_dis=0.0163024290;

%%%%%%%%%

cost=216.5866455135;

%%%%%%%%%

