TMZout0_Ka_XTMZ(norm)=0.68881;
MGMT_P0(norm)=0.58497;
k_MGMT(norm)=0.47480;
k_addO(norm)=0.86896;
k_addN(norm)=0.96689;
DSB_72h_fac(norm)=0.73056;
k_DSBO(norm)=0.08730;
k_DSBN(norm)=0.47872;
k_CyA(norm)=0.64476;
fVX(norm)=0.81396;
kf_ATR_MGMT_P(norm)=0.80335;
k_ATR(norm)=0.58691;
K_add(norm)=1.00000;
kd_pATR(norm)=0.28722;
k_Chk1(norm)=0.52260;
C_Chk1(norm)=0.56515;
pChk1_ref12_5_24h(norm)=0.45279;
pChk1_ref100_24h(norm)=0.71306;
pChk1_ref100_48h(norm)=0.69889;
kd_pChk1(norm)=0.56124;
k_cdc25(norm)=0.74649;
K_cdc25(norm)=0.36527;
kf_p53(norm)=0.99695;
k_p53(norm)=0.94214;
K_ATR(norm)=0.47791;
p53ser46_ref50_72h(norm)=0.57075;
kp_ser46(norm)=0.69504;
K_p53(norm)=0.93442;
upAsy(norm)=0.57147;
sness(norm)=0.34590;
k_apop(norm)=0.43832;
tED50(norm)=0.07366;
cell_pop_norm0_Jack_MGMT_P(norm)=0.00710;
k_dis(norm)=0.00010;

%%%%%%%%%

TMZout0_Ka_XTMZ=36.3110203516;
MGMT_P0=1.9468698502;
k_MGMT=35.7384308096;
k_addO=0.0129478951;
k_addN=0.1582950073;
DSB_72h_fac=1.1408759984;
k_DSBO=0.0002125094;
k_DSBN=0.0000373888;
k_CyA=2.4640691518;
fVX=0.0015428430;
kf_ATR_MGMT_P=0.0000128683;
k_ATR=0.0246570508;
K_add=0.0001063010;
kd_pATR=0.0026275083;
k_Chk1=383.0148653734;
C_Chk1=0.7462004489;
pChk1_ref12_5_24h=0.0069332058;
pChk1_ref100_24h=0.0086580095;
pChk1_ref100_48h=0.0099730180;
kd_pChk1=0.0746071178;
k_cdc25=291.9331319866;
K_cdc25=1.0943932970;
kf_p53=0.0008374185;
k_p53=49.8153293011;
K_ATR=0.0004300831;
p53ser46_ref50_72h=0.0004631851;
kp_ser46=3.6950485929;
K_p53=0.8284878303;
upAsy=0.2460987328;
sness=0.0031109643;
k_apop=0.0583128217;
tED50=283.0549379915;
cell_pop_norm0_Jack_MGMT_P=70.1775648813;
k_dis=0.0099479497;

%%%%%%%%%

cost=399.1578771856;

%%%%%%%%%

