TMZout0_Ka_XTMZ(norm)=0.79504;
MGMT_P0(norm)=0.76490;
k_MGMT(norm)=0.92572;
k_addO(norm)=0.11281;
k_addN(norm)=0.41015;
DSB_72h_fac(norm)=1.00000;
k_DSBO(norm)=0.76817;
k_DSBN(norm)=0.89362;
k_CyA(norm)=0.00302;
fVX(norm)=0.20767;
kf_ATR_MGMT_P(norm)=0.00010;
k_ATR(norm)=0.83452;
K_add(norm)=0.32748;
kd_pATR(norm)=0.00010;
k_Chk1(norm)=0.42604;
C_Chk1(norm)=0.25019;
pChk1_ref12_5_24h(norm)=0.49258;
pChk1_ref100_24h(norm)=0.89460;
pChk1_ref100_48h(norm)=0.75844;
kd_pChk1(norm)=0.62750;
k_cdc25(norm)=0.45843;
K_cdc25(norm)=0.64675;
kf_p53(norm)=0.60249;
k_p53(norm)=0.84937;
K_ATR(norm)=0.24195;
p53ser46_ref50_72h(norm)=0.00010;
kp_ser46(norm)=0.43252;
K_p53(norm)=0.94133;
upAsy(norm)=0.24460;
sness(norm)=0.00010;
k_apop(norm)=0.50549;
tED50(norm)=0.19798;
cell_pop_norm0_Jack_MGMT_P(norm)=0.59943;
k_dis(norm)=0.77074;

%%%%%%%%%

TMZout0_Ka_XTMZ=37.2074086414;
MGMT_P0=2.1266795979;
k_MGMT=67.8112545170;
k_addO=0.0069351206;
k_addN=0.1243315345;
DSB_72h_fac=1.4000000000;
k_DSBO=0.0004274173;
k_DSBN=0.0000459926;
k_CyA=1.6939643588;
fVX=0.0010559893;
kf_ATR_MGMT_P=0.0000066436;
k_ATR=0.0348228830;
K_add=0.0000727139;
kd_pATR=0.0012088706;
k_Chk1=278.5309349109;
C_Chk1=0.5683403460;
pChk1_ref12_5_24h=0.0081710363;
pChk1_ref100_24h=0.0115546129;
pChk1_ref100_48h=0.0124437108;
kd_pChk1=0.0631636530;
k_cdc25=190.3995374456;
K_cdc25=1.4402715078;
kf_p53=0.0004783108;
k_p53=38.2290981742;
K_ATR=0.0003636360;
p53ser46_ref50_72h=0.0002349267;
kp_ser46=2.7151167904;
K_p53=0.7900394454;
upAsy=0.2108414997;
sness=0.0032722095;
k_apop=0.0576793021;
tED50=297.8769380412;
cell_pop_norm0_Jack_MGMT_P=86.6862524681;
k_dis=0.0183808245;

%%%%%%%%%

cost=100000.0000000000;

%%%%%%%%%

