TMZout0_Ka_XTMZ(norm)=0.06284;
MGMT_P0(norm)=0.07746;
k_MGMT(norm)=0.83104;
k_addO(norm)=0.47997;
k_addN(norm)=0.50509;
DSB_72h_fac(norm)=0.73744;
k_DSBO(norm)=0.31054;
k_DSBN(norm)=0.52042;
k_CyA(norm)=0.49580;
fVX(norm)=0.00010;
kf_ATR_MGMT_P(norm)=0.65965;
k_ATR(norm)=0.31597;
K_add(norm)=0.87541;
kd_pATR(norm)=0.23470;
k_Chk1(norm)=0.00010;
C_Chk1(norm)=0.21885;
pChk1_ref12_5_24h(norm)=0.13991;
pChk1_ref100_24h(norm)=0.50653;
pChk1_ref100_48h(norm)=0.43882;
kd_pChk1(norm)=0.34567;
k_cdc25(norm)=0.18104;
K_cdc25(norm)=0.62120;
kf_p53(norm)=0.60790;
k_p53(norm)=0.15306;
K_ATR(norm)=0.08098;
p53ser46_ref50_72h(norm)=0.93278;
kp_ser46(norm)=0.37283;
K_p53(norm)=0.57101;
upAsy(norm)=0.00010;
sness(norm)=0.56123;
k_apop(norm)=0.35191;
tED50(norm)=0.85310;
cell_pop_norm0_Jack_MGMT_P(norm)=0.23482;
k_dis(norm)=0.44406;

%%%%%%%%%

TMZout0_Ka_XTMZ=31.4504936044;
MGMT_P0=1.5129850561;
k_MGMT=51.5517433491;
k_addO=0.0099829919;
k_addN=0.1306309846;
DSB_72h_fac=1.1494620294;
k_DSBO=0.0002523266;
k_DSBN=0.0000392546;
k_CyA=1.9209696967;
fVX=0.0008369071;
kf_ATR_MGMT_P=0.0000115802;
k_ATR=0.0151398362;
K_add=0.0000927964;
kd_pATR=0.0023609158;
k_Chk1=265.2328093531;
C_Chk1=0.5463431487;
pChk1_ref12_5_24h=0.0048770783;
pChk1_ref100_24h=0.0066625092;
pChk1_ref100_48h=0.0073879048;
kd_pChk1=0.0640609377;
k_cdc25=210.0900806579;
K_cdc25=1.3810187305;
kf_p53=0.0006856020;
k_p53=20.8108620305;
K_ATR=0.0002246960;
p53ser46_ref50_72h=0.0007423013;
kp_ser46=3.5554806310;
K_p53=0.8168935361;
upAsy=0.1689873208;
sness=0.0038700042;
k_apop=0.0521199294;
tED50=514.0092092149;
cell_pop_norm0_Jack_MGMT_P=76.1153880303;
k_dis=0.0144247492;

%%%%%%%%%

cost=309.0131830190;

%%%%%%%%%

