TMZout0_Ka_XTMZ(norm)=0.46695;
MGMT_P0(norm)=0.68089;
k_MGMT(norm)=0.16463;
k_addO(norm)=0.40445;
k_addN(norm)=0.57869;
DSB_72h_fac(norm)=0.70920;
k_DSBO(norm)=0.00010;
k_DSBN(norm)=0.57279;
k_CyA(norm)=0.15741;
fVX(norm)=0.38431;
kf_ATR_MGMT_P(norm)=0.50145;
k_ATR(norm)=0.64043;
K_add(norm)=0.94787;
kd_pATR(norm)=0.39014;
k_Chk1(norm)=0.45469;
C_Chk1(norm)=0.17078;
pChk1_ref12_5_24h(norm)=0.21813;
pChk1_ref100_24h(norm)=0.36138;
pChk1_ref100_48h(norm)=0.62809;
kd_pChk1(norm)=0.21376;
k_cdc25(norm)=0.50663;
K_cdc25(norm)=0.14174;
kf_p53(norm)=0.47039;
k_p53(norm)=0.69892;
K_ATR(norm)=0.34246;
p53ser46_ref50_72h(norm)=0.58513;
kp_ser46(norm)=0.94925;
K_p53(norm)=0.29831;
upAsy(norm)=0.46892;
sness(norm)=0.24674;
k_apop(norm)=0.51559;
tED50(norm)=0.49346;
cell_pop_norm0_Jack_MGMT_P(norm)=0.37789;
k_dis(norm)=0.35405;

%%%%%%%%%

TMZout0_Ka_XTMZ=34.5078182327;
MGMT_P0=2.0501146798;
k_MGMT=32.8491268588;
k_addO=0.0095005605;
k_addN=0.1507258507;
DSB_72h_fac=1.1330058800;
k_DSBO=0.0001907665;
k_DSBN=0.0000365260;
k_CyA=1.4196496468;
fVX=0.0011895571;
kf_ATR_MGMT_P=0.0000101142;
k_ATR=0.0217831350;
K_add=0.0000953496;
kd_pATR=0.0032873722;
k_Chk1=430.0140755776;
C_Chk1=0.5237175606;
pChk1_ref12_5_24h=0.0055828723;
pChk1_ref100_24h=0.0063177200;
pChk1_ref100_48h=0.0089538036;
kd_pChk1=0.0595998802;
k_cdc25=225.6543730505;
K_cdc25=0.9263285837;
kf_p53=0.0006269794;
k_p53=40.9058516394;
K_ATR=0.0003377630;
p53ser46_ref50_72h=0.0005447776;
kp_ser46=5.2344005166;
K_p53=0.4152855586;
upAsy=0.2283230640;
sness=0.0031254921;
k_apop=0.0601494100;
tED50=344.7119581225;
cell_pop_norm0_Jack_MGMT_P=80.1003522878;
k_dis=0.0133288877;

%%%%%%%%%

cost=309.0649852546;

%%%%%%%%%

