TMZout0_Ka_XTMZ(norm)=0.17095;
MGMT_P0(norm)=0.46198;
k_MGMT(norm)=1.00000;
k_addO(norm)=0.76495;
k_addN(norm)=0.54139;
DSB_72h_fac(norm)=0.38556;
k_DSBO(norm)=0.54581;
k_DSBN(norm)=0.48683;
k_CyA(norm)=0.43757;
fVX(norm)=0.49761;
kf_ATR_MGMT_P(norm)=0.92637;
k_ATR(norm)=0.25499;
K_add(norm)=0.04002;
kd_pATR(norm)=0.45786;
k_Chk1(norm)=0.19374;
C_Chk1(norm)=0.41438;
pChk1_ref12_5_24h(norm)=0.56545;
pChk1_ref100_24h(norm)=0.81316;
pChk1_ref100_48h(norm)=0.87090;
kd_pChk1(norm)=0.31234;
k_cdc25(norm)=0.46044;
K_cdc25(norm)=0.82541;
kf_p53(norm)=0.72955;
k_p53(norm)=0.29051;
K_ATR(norm)=0.46255;
p53ser46_ref50_72h(norm)=0.44517;
kp_ser46(norm)=0.20415;
K_p53(norm)=0.22277;
upAsy(norm)=0.00037;
sness(norm)=0.58251;
k_apop(norm)=0.65752;
tED50(norm)=0.33590;
cell_pop_norm0_Jack_MGMT_P(norm)=0.61068;
k_dis(norm)=0.57427;

%%%%%%%%%

TMZout0_Ka_XTMZ=32.2407730537;
MGMT_P0=1.8078198530;
k_MGMT=55.7695448421;
k_addO=0.0118556762;
k_addN=0.1103806265;
DSB_72h_fac=0.8778448336;
k_DSBO=0.0003133991;
k_DSBN=0.0000376464;
k_CyA=2.0673378716;
fVX=0.0011800782;
kf_ATR_MGMT_P=0.0000142820;
k_ATR=0.0186122935;
K_add=0.0000471289;
kd_pATR=0.0030362611;
k_Chk1=289.8713526648;
C_Chk1=0.6567116413;
pChk1_ref12_5_24h=0.0076275974;
pChk1_ref100_24h=0.0094243931;
pChk1_ref100_48h=0.0115377680;
kd_pChk1=0.0604214001;
k_cdc25=229.0984430637;
K_cdc25=1.6161896586;
kf_p53=0.0006676436;
k_p53=28.6798662039;
K_ATR=0.0004245203;
p53ser46_ref50_72h=0.0004164294;
kp_ser46=2.4377110408;
K_p53=0.4533292019;
upAsy=0.1516907391;
sness=0.0038015819;
k_apop=0.0702141894;
tED50=353.4836389896;
cell_pop_norm0_Jack_MGMT_P=87.0347902811;
k_dis=0.0161814031;

%%%%%%%%%

cost=305.6764523258;

%%%%%%%%%

