TMZout0_Ka_XTMZ(norm)=0.72645;
MGMT_P0(norm)=0.21950;
k_MGMT(norm)=0.88804;
k_addO(norm)=0.54698;
k_addN(norm)=0.18210;
DSB_72h_fac(norm)=0.33870;
k_DSBO(norm)=0.95663;
k_DSBN(norm)=0.93003;
k_CyA(norm)=0.27090;
fVX(norm)=0.72477;
kf_ATR_MGMT_P(norm)=0.77941;
k_ATR(norm)=0.68684;
K_add(norm)=0.81423;
kd_pATR(norm)=0.68519;
k_Chk1(norm)=0.22823;
C_Chk1(norm)=0.73246;
pChk1_ref12_5_24h(norm)=0.47591;
pChk1_ref100_24h(norm)=0.52869;
pChk1_ref100_48h(norm)=0.52860;
kd_pChk1(norm)=0.17177;
k_cdc25(norm)=0.82739;
K_cdc25(norm)=0.57593;
kf_p53(norm)=0.76804;
k_p53(norm)=0.69958;
K_ATR(norm)=0.62522;
p53ser46_ref50_72h(norm)=0.52279;
kp_ser46(norm)=0.77105;
K_p53(norm)=0.46189;
upAsy(norm)=0.08466;
sness(norm)=0.05529;
k_apop(norm)=0.07347;
tED50(norm)=0.25722;
cell_pop_norm0_Jack_MGMT_P(norm)=0.00010;
k_dis(norm)=0.26234;

%%%%%%%%%

TMZout0_Ka_XTMZ=36.6260818843;
MGMT_P0=1.5620855647;
k_MGMT=50.7224351967;
k_addO=0.0098563977;
k_addN=0.0814111520;
DSB_72h_fac=0.8471507107;
k_DSBO=0.0004438871;
k_DSBN=0.0000548041;
k_CyA=1.7950643606;
fVX=0.0014305413;
kf_ATR_MGMT_P=0.0000126099;
k_ATR=0.0268356039;
K_add=0.0000908193;
kd_pATR=0.0036811998;
k_Chk1=298.4671855702;
C_Chk1=0.8598437229;
pChk1_ref12_5_24h=0.0070703380;
pChk1_ref100_24h=0.0074058406;
pChk1_ref100_48h=0.0086330818;
kd_pChk1=0.0536370146;
k_cdc25=312.6463612061;
K_cdc25=1.3082541427;
kf_p53=0.0006897788;
k_p53=40.5606828369;
K_ATR=0.0004872570;
p53ser46_ref50_72h=0.0004447370;
kp_ser46=3.9408609304;
K_p53=0.5551451003;
upAsy=0.1629204282;
sness=0.0024319808;
k_apop=0.0428062688;
tED50=330.6856842077;
cell_pop_norm0_Jack_MGMT_P=70.0024967691;
k_dis=0.0124231694;

%%%%%%%%%

cost=228.4519177690;

%%%%%%%%%

