TMZout0_Ka_XTMZ(norm)=0.76031;
MGMT_P0(norm)=0.84054;
k_MGMT(norm)=0.65994;
k_addO(norm)=0.58043;
k_addN(norm)=0.82647;
DSB_72h_fac(norm)=0.73316;
k_DSBO(norm)=0.67956;
k_DSBN(norm)=0.65272;
k_CyA(norm)=0.55445;
fVX(norm)=0.61201;
kf_ATR_MGMT_P(norm)=0.57273;
k_ATR(norm)=0.76198;
K_add(norm)=0.64496;
kd_pATR(norm)=0.64999;
k_Chk1(norm)=0.35046;
C_Chk1(norm)=0.56953;
pChk1_ref12_5_24h(norm)=0.52582;
pChk1_ref100_24h(norm)=0.52349;
pChk1_ref100_48h(norm)=0.47907;
kd_pChk1(norm)=0.57109;
k_cdc25(norm)=0.42268;
K_cdc25(norm)=0.58923;
kf_p53(norm)=0.81715;
k_p53(norm)=0.42404;
K_ATR(norm)=0.59525;
p53ser46_ref50_72h(norm)=0.83920;
kp_ser46(norm)=0.52097;
K_p53(norm)=0.84470;
upAsy(norm)=0.74335;
sness(norm)=0.11450;
k_apop(norm)=0.74312;
tED50(norm)=0.78259;
cell_pop_norm0_Jack_MGMT_P(norm)=0.15606;
k_dis(norm)=0.63454;

%%%%%%%%%

TMZout0_Ka_XTMZ=36.9119455601;
MGMT_P0=2.2855518717;
k_MGMT=43.2413118642;
k_addO=0.0103400917;
k_addN=0.1510738412;
DSB_72h_fac=1.1444131625;
k_DSBO=0.0003505931;
k_DSBN=0.0000419337;
k_CyA=2.3869739731;
fVX=0.0014550565;
kf_ATR_MGMT_P=0.0000107562;
k_ATR=0.0306328753;
K_add=0.0000854143;
kd_pATR=0.0028754523;
k_Chk1=274.9906485988;
C_Chk1=0.7417967680;
pChk1_ref12_5_24h=0.0081025318;
pChk1_ref100_24h=0.0081045908;
pChk1_ref100_48h=0.0096342891;
kd_pChk1=0.0623273615;
k_cdc25=201.4404476793;
K_cdc25=1.3963693587;
kf_p53=0.0007015752;
k_p53=28.5161897441;
K_ATR=0.0004662343;
p53ser46_ref50_72h=0.0005951709;
kp_ser46=3.1358739623;
K_p53=0.8037315026;
upAsy=0.2248885593;
sness=0.0025231748;
k_apop=0.0664241723;
tED50=448.2370958402;
cell_pop_norm0_Jack_MGMT_P=74.0068076514;
k_dis=0.0168263023;

%%%%%%%%%

cost=124.4202015215;

%%%%%%%%%

