TMZout0_Ka_XTMZ(norm)=0.16514;
MGMT_P0(norm)=0.90278;
k_MGMT(norm)=0.30784;
k_addO(norm)=0.86222;
k_addN(norm)=0.34219;
DSB_72h_fac(norm)=0.30450;
k_DSBO(norm)=0.27997;
k_DSBN(norm)=0.33615;
k_CyA(norm)=0.45087;
fVX(norm)=0.21129;
kf_ATR_MGMT_P(norm)=0.80159;
k_ATR(norm)=0.43210;
K_add(norm)=0.54068;
kd_pATR(norm)=0.85404;
k_Chk1(norm)=0.69492;
C_Chk1(norm)=0.23089;
pChk1_ref12_5_24h(norm)=0.33747;
pChk1_ref100_24h(norm)=0.68900;
pChk1_ref100_48h(norm)=0.67551;
kd_pChk1(norm)=0.45671;
k_cdc25(norm)=0.72116;
K_cdc25(norm)=0.48955;
kf_p53(norm)=0.97630;
k_p53(norm)=0.45583;
K_ATR(norm)=0.15411;
p53ser46_ref50_72h(norm)=0.65518;
kp_ser46(norm)=0.00010;
K_p53(norm)=0.14186;
upAsy(norm)=0.83940;
sness(norm)=0.70865;
k_apop(norm)=1.00000;
tED50(norm)=0.42616;
cell_pop_norm0_Jack_MGMT_P(norm)=0.08933;
k_dis(norm)=0.40233;

%%%%%%%%%

TMZout0_Ka_XTMZ=32.1977954991;
MGMT_P0=2.3533657376;
k_MGMT=37.0869665503;
k_addO=0.0140022067;
k_addN=0.1233565058;
DSB_72h_fac=0.8439975681;
k_DSBO=0.0002418166;
k_DSBN=0.0000298898;
k_CyA=1.8204125645;
fVX=0.0010273509;
kf_ATR_MGMT_P=0.0000130428;
k_ATR=0.0182584089;
K_add=0.0000675275;
kd_pATR=0.0048702721;
k_Chk1=527.0858597062;
C_Chk1=0.5510821205;
pChk1_ref12_5_24h=0.0061768901;
pChk1_ref100_24h=0.0083391069;
pChk1_ref100_48h=0.0093208849;
kd_pChk1=0.0732227891;
k_cdc25=270.6364747766;
K_cdc25=1.2438067695;
kf_p53=0.0009625348;
k_p53=33.2914632116;
K_ATR=0.0002879407;
p53ser46_ref50_72h=0.0005780874;
kp_ser46=2.3420713618;
K_p53=0.3637266965;
upAsy=0.3125191647;
sness=0.0046226519;
k_apop=0.0906739715;
tED50=325.6033769217;
cell_pop_norm0_Jack_MGMT_P=72.2661734060;
k_dis=0.0138853973;

%%%%%%%%%

cost=211.6150530710;

%%%%%%%%%

