TMZout0_Ka_XTMZ(norm)=0.26496;
MGMT_P0(norm)=0.84770;
k_MGMT(norm)=0.95558;
k_addO(norm)=0.43928;
k_addN(norm)=0.77944;
DSB_72h_fac(norm)=0.26069;
k_DSBO(norm)=0.62560;
k_DSBN(norm)=0.25291;
k_CyA(norm)=0.59132;
fVX(norm)=0.00010;
kf_ATR_MGMT_P(norm)=0.58497;
k_ATR(norm)=0.62799;
K_add(norm)=0.78878;
kd_pATR(norm)=0.05484;
k_Chk1(norm)=0.86062;
C_Chk1(norm)=0.62512;
pChk1_ref12_5_24h(norm)=0.00010;
pChk1_ref100_24h(norm)=0.74456;
pChk1_ref100_48h(norm)=0.55718;
kd_pChk1(norm)=0.00080;
k_cdc25(norm)=0.46650;
K_cdc25(norm)=0.51460;
kf_p53(norm)=0.33081;
k_p53(norm)=0.26228;
K_ATR(norm)=0.42421;
p53ser46_ref50_72h(norm)=0.23557;
kp_ser46(norm)=0.73899;
K_p53(norm)=0.90813;
upAsy(norm)=0.39368;
sness(norm)=1.00000;
k_apop(norm)=0.27536;
tED50(norm)=1.00000;
cell_pop_norm0_Jack_MGMT_P(norm)=0.78859;
k_dis(norm)=0.85415;

%%%%%%%%%

TMZout0_Ka_XTMZ=32.9441941144;
MGMT_P0=2.2947728928;
k_MGMT=55.5504573457;
k_addO=0.0091745446;
k_addN=0.1451723886;
DSB_72h_fac=0.8009014721;
k_DSBO=0.0003349226;
k_DSBN=0.0000298844;
k_CyA=2.4627259629;
fVX=0.0008663821;
kf_ATR_MGMT_P=0.0000108683;
k_ATR=0.0273453808;
K_add=0.0000964831;
kd_pATR=0.0017366287;
k_Chk1=423.6887115018;
C_Chk1=0.7775729715;
pChk1_ref12_5_24h=0.0051900075;
pChk1_ref100_24h=0.0097741662;
pChk1_ref100_48h=0.0102934993;
kd_pChk1=0.0384437170;
k_cdc25=209.0599125060;
K_cdc25=1.3108126815;
kf_p53=0.0004646372;
k_p53=24.8638578384;
K_ATR=0.0004033356;
p53ser46_ref50_72h=0.0003568793;
kp_ser46=3.7721178852;
K_p53=0.8481078878;
upAsy=0.1672235142;
sness=0.0053430509;
k_apop=0.0446890006;
tED50=538.9024596346;
cell_pop_norm0_Jack_MGMT_P=92.7369773703;
k_dis=0.0202673599;

%%%%%%%%%

cost=977.2587054461;

%%%%%%%%%

