TMZout0_Ka_XTMZ(norm)=0.52063;
MGMT_P0(norm)=0.73751;
k_MGMT(norm)=0.11368;
k_addO(norm)=1.00000;
k_addN(norm)=0.00010;
DSB_72h_fac(norm)=0.41701;
k_DSBO(norm)=0.78677;
k_DSBN(norm)=0.70980;
k_CyA(norm)=0.78062;
fVX(norm)=0.27337;
kf_ATR_MGMT_P(norm)=0.55240;
k_ATR(norm)=0.98503;
K_add(norm)=1.00000;
kd_pATR(norm)=0.35519;
k_Chk1(norm)=0.47324;
C_Chk1(norm)=0.86242;
pChk1_ref12_5_24h(norm)=0.44129;
pChk1_ref100_24h(norm)=1.00000;
pChk1_ref100_48h(norm)=0.84415;
kd_pChk1(norm)=0.89992;
k_cdc25(norm)=0.29948;
K_cdc25(norm)=0.00010;
kf_p53(norm)=0.77820;
k_p53(norm)=0.81493;
K_ATR(norm)=1.00000;
p53ser46_ref50_72h(norm)=1.00000;
kp_ser46(norm)=0.95631;
K_p53(norm)=0.72676;
upAsy(norm)=0.49492;
sness(norm)=0.08413;
k_apop(norm)=0.72948;
tED50(norm)=0.00010;
cell_pop_norm0_Jack_MGMT_P(norm)=0.06342;
k_dis(norm)=0.63371;

%%%%%%%%%

TMZout0_Ka_XTMZ=34.9357392100;
MGMT_P0=2.1235632518;
k_MGMT=31.4612489970;
k_addO=0.0157361294;
k_addN=0.0923167769;
DSB_72h_fac=0.9159992624;
k_DSBO=0.0003715169;
k_DSBN=0.0000410222;
k_CyA=2.4071872741;
fVX=0.0010828343;
kf_ATR_MGMT_P=0.0000105603;
k_ATR=0.0291693986;
K_add=0.0000996552;
kd_pATR=0.0031914615;
k_Chk1=436.8270570226;
C_Chk1=0.9410298468;
pChk1_ref12_5_24h=0.0067448885;
pChk1_ref100_24h=0.0108532287;
pChk1_ref100_48h=0.0107526114;
kd_pChk1=0.1065945530;
k_cdc25=189.3284999359;
K_cdc25=0.8215711239;
kf_p53=0.0008138049;
k_p53=45.1308308280;
K_ATR=0.0005896170;
p53ser46_ref50_72h=0.0007742483;
kp_ser46=5.2657747890;
K_p53=0.5970429381;
upAsy=0.2334090647;
sness=0.0027232249;
k_apop=0.0721001243;
tED50=226.9392185870;
cell_pop_norm0_Jack_MGMT_P=71.6015742937;
k_dis=0.0168928070;

%%%%%%%%%

cost=100000.0000000000;

%%%%%%%%%

