TMZout0_Ka_XTMZ(norm)=0.74435;
MGMT_P0(norm)=0.66414;
k_MGMT(norm)=0.90940;
k_addO(norm)=0.57707;
k_addN(norm)=0.53291;
DSB_72h_fac(norm)=0.68765;
k_DSBO(norm)=0.68812;
k_DSBN(norm)=0.69133;
k_CyA(norm)=0.63495;
fVX(norm)=0.67879;
kf_ATR_MGMT_P(norm)=0.61642;
k_ATR(norm)=0.51637;
K_add(norm)=0.63174;
kd_pATR(norm)=0.53154;
k_Chk1(norm)=0.62071;
C_Chk1(norm)=0.61589;
pChk1_ref12_5_24h(norm)=0.71892;
pChk1_ref100_24h(norm)=0.71868;
pChk1_ref100_48h(norm)=0.72762;
kd_pChk1(norm)=0.43684;
k_cdc25(norm)=0.11859;
K_cdc25(norm)=0.62310;
kf_p53(norm)=0.45096;
k_p53(norm)=0.65771;
K_ATR(norm)=0.59709;
p53ser46_ref50_72h(norm)=0.45079;
kp_ser46(norm)=0.66592;
K_p53(norm)=0.51769;
upAsy(norm)=0.79419;
sness(norm)=0.48865;
k_apop(norm)=0.56387;
tED50(norm)=0.92992;
cell_pop_norm0_Jack_MGMT_P(norm)=0.14829;
k_dis(norm)=0.60949;

%%%%%%%%%

TMZout0_Ka_XTMZ=36.7769406246;
MGMT_P0=2.0419904213;
k_MGMT=51.6487388884;
k_addO=0.0101108553;
k_addN=0.1095901200;
DSB_72h_fac=1.1042862735;
k_DSBO=0.0003535617;
k_DSBN=0.0000447688;
k_CyA=2.4436691007;
fVX=0.0013758893;
kf_ATR_MGMT_P=0.0000109833;
k_ATR=0.0232263652;
K_add=0.0000778085;
kd_pATR=0.0032318460;
k_Chk1=416.2179818460;
C_Chk1=0.7789776920;
pChk1_ref12_5_24h=0.0086868768;
pChk1_ref100_24h=0.0086993020;
pChk1_ref100_48h=0.0102188064;
kd_pChk1=0.0671438134;
k_cdc25=171.4865688504;
K_cdc25=1.3615980462;
kf_p53=0.0005272666;
k_p53=39.1471760704;
K_ATR=0.0004757816;
p53ser46_ref50_72h=0.0004184191;
kp_ser46=3.6049829611;
K_p53=0.5820217354;
upAsy=0.2972114994;
sness=0.0035109657;
k_apop=0.0648578483;
tED50=584.7295565454;
cell_pop_norm0_Jack_MGMT_P=73.8020239271;
k_dis=0.0166714984;

%%%%%%%%%

cost=123.2921472415;

%%%%%%%%%

