TMZout0_Ka_XTMZ(norm)=0.08572;
MGMT_P0(norm)=1.00000;
k_MGMT(norm)=1.00000;
k_addO(norm)=0.39253;
k_addN(norm)=0.68370;
DSB_72h_fac(norm)=0.13787;
k_DSBO(norm)=0.38089;
k_DSBN(norm)=0.70877;
k_CyA(norm)=0.11859;
fVX(norm)=0.91647;
kf_ATR_MGMT_P(norm)=0.29014;
k_ATR(norm)=0.73713;
K_add(norm)=0.68196;
kd_pATR(norm)=0.18504;
k_Chk1(norm)=0.07651;
C_Chk1(norm)=0.69056;
pChk1_ref12_5_24h(norm)=0.29188;
pChk1_ref100_24h(norm)=0.30742;
pChk1_ref100_48h(norm)=1.00000;
kd_pChk1(norm)=0.80916;
k_cdc25(norm)=0.39760;
K_cdc25(norm)=0.00010;
kf_p53(norm)=0.47772;
k_p53(norm)=0.24254;
K_ATR(norm)=0.72631;
p53ser46_ref50_72h(norm)=0.00010;
kp_ser46(norm)=1.00000;
K_p53(norm)=0.41784;
upAsy(norm)=0.45679;
sness(norm)=0.51592;
k_apop(norm)=0.75207;
tED50(norm)=1.00000;
cell_pop_norm0_Jack_MGMT_P(norm)=0.36113;
k_dis(norm)=0.74770;

%%%%%%%%%

TMZout0_Ka_XTMZ=31.6161030873;
MGMT_P0=2.5000000000;
k_MGMT=66.6683225466;
k_addO=0.0094051040;
k_addN=0.1647511715;
DSB_72h_fac=0.7476250106;
k_DSBO=0.0002634043;
k_DSBN=0.0000409864;
k_CyA=1.3737181710;
fVX=0.0018672765;
kf_ATR_MGMT_P=0.0000084562;
k_ATR=0.0236430929;
K_add=0.0000761145;
kd_pATR=0.0027629935;
k_Chk1=312.1193437374;
C_Chk1=0.8135125467;
pChk1_ref12_5_24h=0.0059428460;
pChk1_ref100_24h=0.0060353803;
pChk1_ref100_48h=0.0122705020;
kd_pChk1=0.0987047234;
k_cdc25=205.7415781120;
K_cdc25=0.8215711239;
kf_p53=0.0006308872;
k_p53=27.7875302482;
K_ATR=0.0004675828;
p53ser46_ref50_72h=0.0003318488;
kp_ser46=5.4643701630;
K_p53=0.4595482844;
upAsy=0.2259871780;
sness=0.0039261728;
k_apop=0.0734938776;
tED50=529.4799787438;
cell_pop_norm0_Jack_MGMT_P=79.6227567187;
k_dis=0.0186057309;

%%%%%%%%%

cost=430.7427104240;

%%%%%%%%%

