TMZout0_Ka_XTMZ(norm)=0.65282;
MGMT_P0(norm)=0.21810;
k_MGMT(norm)=0.89396;
k_addO(norm)=0.74900;
k_addN(norm)=0.37046;
DSB_72h_fac(norm)=0.37724;
k_DSBO(norm)=0.05626;
k_DSBN(norm)=0.88786;
k_CyA(norm)=0.50383;
fVX(norm)=0.50146;
kf_ATR_MGMT_P(norm)=0.76689;
k_ATR(norm)=0.56826;
K_add(norm)=0.15967;
kd_pATR(norm)=0.00010;
k_Chk1(norm)=0.00010;
C_Chk1(norm)=0.74958;
pChk1_ref12_5_24h(norm)=0.27782;
pChk1_ref100_24h(norm)=0.43720;
pChk1_ref100_48h(norm)=0.61327;
kd_pChk1(norm)=0.76620;
k_cdc25(norm)=1.00000;
K_cdc25(norm)=0.77449;
kf_p53(norm)=0.38339;
k_p53(norm)=0.78391;
K_ATR(norm)=0.55449;
p53ser46_ref50_72h(norm)=0.40478;
kp_ser46(norm)=0.84790;
K_p53(norm)=0.61554;
upAsy(norm)=0.82186;
sness(norm)=0.55343;
k_apop(norm)=0.26735;
tED50(norm)=0.58993;
cell_pop_norm0_Jack_MGMT_P(norm)=0.15037;
k_dis(norm)=0.28609;

%%%%%%%%%

TMZout0_Ka_XTMZ=36.0122252093;
MGMT_P0=1.5607686552;
k_MGMT=50.9774800451;
k_addO=0.0116964976;
k_addN=0.0954978532;
DSB_72h_fac=0.8723179266;
k_DSBO=0.0002069938;
k_DSBN=0.0000528803;
k_CyA=2.1867155991;
fVX=0.0011839386;
kf_ATR_MGMT_P=0.0000124768;
k_ATR=0.0242703420;
K_add=0.0000521573;
kd_pATR=0.0020601187;
k_Chk1=246.0080260526;
C_Chk1=0.8724076172;
pChk1_ref12_5_24h=0.0059778773;
pChk1_ref100_24h=0.0068534298;
pChk1_ref100_48h=0.0092751466;
kd_pChk1=0.0887569366;
k_cdc25=361.8839309961;
K_cdc25=1.5479495917;
kf_p53=0.0004979277;
k_p53=43.5649613044;
K_ATR=0.0004589142;
p53ser46_ref50_72h=0.0004024188;
kp_ser46=4.2059868577;
K_p53=0.6323298719;
upAsy=0.3042622349;
sness=0.0037090525;
k_apop=0.0504488254;
tED50=438.3773499842;
cell_pop_norm0_Jack_MGMT_P=73.8567627396;
k_dis=0.0126757006;

%%%%%%%%%

cost=598.0469964398;

%%%%%%%%%

