TMZout0_Ka_XTMZ(norm)=0.46335;
MGMT_P0(norm)=0.97530;
k_MGMT(norm)=0.22920;
k_addO(norm)=0.54710;
k_addN(norm)=0.33065;
DSB_72h_fac(norm)=0.69463;
k_DSBO(norm)=0.53949;
k_DSBN(norm)=0.70315;
k_CyA(norm)=0.69177;
fVX(norm)=0.87115;
kf_ATR_MGMT_P(norm)=0.58372;
k_ATR(norm)=0.66665;
K_add(norm)=0.69781;
kd_pATR(norm)=0.34772;
k_Chk1(norm)=0.25892;
C_Chk1(norm)=0.58105;
pChk1_ref12_5_24h(norm)=0.46261;
pChk1_ref100_24h(norm)=0.46765;
pChk1_ref100_48h(norm)=0.59598;
kd_pChk1(norm)=0.49011;
k_cdc25(norm)=0.25777;
K_cdc25(norm)=0.62865;
kf_p53(norm)=0.78917;
k_p53(norm)=0.39951;
K_ATR(norm)=0.48383;
p53ser46_ref50_72h(norm)=0.85699;
kp_ser46(norm)=0.59852;
K_p53(norm)=0.42809;
upAsy(norm)=0.21865;
sness(norm)=0.52536;
k_apop(norm)=0.46986;
tED50(norm)=0.00827;
cell_pop_norm0_Jack_MGMT_P(norm)=0.15826;
k_dis(norm)=0.58716;

%%%%%%%%%

TMZout0_Ka_XTMZ=34.4793605409;
MGMT_P0=2.4618972832;
k_MGMT=34.6961684979;
k_addO=0.0107211702;
k_addN=0.1221566399;
DSB_72h_fac=1.1210595540;
k_DSBO=0.0003012897;
k_DSBN=0.0000407917;
k_CyA=2.2326151495;
fVX=0.0017969373;
kf_ATR_MGMT_P=0.0000108444;
k_ATR=0.0222726269;
K_add=0.0000771440;
kd_pATR=0.0031713225;
k_Chk1=364.2857015730;
C_Chk1=0.7414253308;
pChk1_ref12_5_24h=0.0068678374;
pChk1_ref100_24h=0.0069130277;
pChk1_ref100_48h=0.0087134850;
kd_pChk1=0.0753244386;
k_cdc25=182.7538522122;
K_cdc25=1.3993808474;
kf_p53=0.0008214058;
k_p53=31.7402932750;
K_ATR=0.0003807428;
p53ser46_ref50_72h=0.0006858950;
kp_ser46=3.8887121506;
K_p53=0.4635552038;
upAsy=0.1846948026;
sness=0.0039577088;
k_apop=0.0578631491;
tED50=228.5159194082;
cell_pop_norm0_Jack_MGMT_P=74.0648797780;
k_dis=0.0162395722;

%%%%%%%%%

cost=123.9888728465;

%%%%%%%%%

