TMZout0_Ka_XTMZ(norm)=0.18689;
MGMT_P0(norm)=0.04333;
k_MGMT(norm)=0.32252;
k_addO(norm)=0.69499;
k_addN(norm)=0.51574;
DSB_72h_fac(norm)=0.44809;
k_DSBO(norm)=0.08861;
k_DSBN(norm)=0.51086;
k_CyA(norm)=0.89882;
fVX(norm)=0.15989;
kf_ATR_MGMT_P(norm)=0.91856;
k_ATR(norm)=0.60656;
K_add(norm)=0.57641;
kd_pATR(norm)=0.31684;
k_Chk1(norm)=0.20877;
C_Chk1(norm)=0.56295;
pChk1_ref12_5_24h(norm)=0.24351;
pChk1_ref100_24h(norm)=0.41860;
pChk1_ref100_48h(norm)=0.55840;
kd_pChk1(norm)=0.54553;
k_cdc25(norm)=0.64414;
K_cdc25(norm)=0.48578;
kf_p53(norm)=0.43718;
k_p53(norm)=0.42704;
K_ATR(norm)=0.48369;
p53ser46_ref50_72h(norm)=0.18280;
kp_ser46(norm)=0.50715;
K_p53(norm)=0.60367;
upAsy(norm)=0.39058;
sness(norm)=0.57286;
k_apop(norm)=0.00010;
tED50(norm)=0.87969;
cell_pop_norm0_Jack_MGMT_P(norm)=0.45906;
k_dis(norm)=0.30913;

%%%%%%%%%

TMZout0_Ka_XTMZ=32.3589779961;
MGMT_P0=1.2945763104;
k_MGMT=40.6759114946;
k_addO=0.0113574546;
k_addN=0.1359673837;
DSB_72h_fac=0.8948040385;
k_DSBO=0.0002403213;
k_DSBN=0.0000332537;
k_CyA=3.6185647425;
fVX=0.0010140868;
kf_ATR_MGMT_P=0.0000144668;
k_ATR=0.0287067217;
K_add=0.0000897880;
kd_pATR=0.0015809999;
k_Chk1=231.6991577047;
C_Chk1=0.7407972663;
pChk1_ref12_5_24h=0.0066164473;
pChk1_ref100_24h=0.0077196467;
pChk1_ref100_48h=0.0105036009;
kd_pChk1=0.0589257776;
k_cdc25=222.8456504374;
K_cdc25=1.2566442075;
kf_p53=0.0004157954;
k_p53=26.7293896353;
K_ATR=0.0004462942;
p53ser46_ref50_72h=0.0002742602;
kp_ser46=2.8923519263;
K_p53=0.5934706702;
upAsy=0.2386003143;
sness=0.0053162070;
k_apop=0.0375878524;
tED50=530.7514249552;
cell_pop_norm0_Jack_MGMT_P=82.4532913771;
k_dis=0.0124309279;

%%%%%%%%%

cost=251.7054811959;

%%%%%%%%%

