TMZout0_Ka_XTMZ(norm)=0.47093;
MGMT_P0(norm)=0.44764;
k_MGMT(norm)=0.31901;
k_addO(norm)=1.00000;
k_addN(norm)=0.41292;
DSB_72h_fac(norm)=0.82080;
k_DSBO(norm)=0.40926;
k_DSBN(norm)=0.99950;
k_CyA(norm)=0.49059;
fVX(norm)=0.70274;
kf_ATR_MGMT_P(norm)=0.61053;
k_ATR(norm)=0.52428;
K_add(norm)=0.82507;
kd_pATR(norm)=0.66497;
k_Chk1(norm)=0.42344;
C_Chk1(norm)=0.67445;
pChk1_ref12_5_24h(norm)=0.00010;
pChk1_ref100_24h(norm)=0.17745;
pChk1_ref100_48h(norm)=0.46754;
kd_pChk1(norm)=0.77508;
k_cdc25(norm)=0.05770;
K_cdc25(norm)=0.72655;
kf_p53(norm)=0.09484;
k_p53(norm)=0.83276;
K_ATR(norm)=0.43956;
p53ser46_ref50_72h(norm)=1.00000;
kp_ser46(norm)=0.73445;
K_p53(norm)=0.60168;
upAsy(norm)=0.21061;
sness(norm)=0.38141;
k_apop(norm)=0.83442;
tED50(norm)=0.25520;
cell_pop_norm0_Jack_MGMT_P(norm)=0.20723;
k_dis(norm)=0.00010;

%%%%%%%%%

TMZout0_Ka_XTMZ=34.5394199680;
MGMT_P0=1.8323954268;
k_MGMT=32.3925781006;
k_addO=0.0147542373;
k_addN=0.1064175631;
DSB_72h_fac=1.2227495475;
k_DSBO=0.0002788292;
k_DSBN=0.0000562562;
k_CyA=2.2612511199;
fVX=0.0015713138;
kf_ATR_MGMT_P=0.0000111063;
k_ATR=0.0250449535;
K_add=0.0000994961;
kd_pATR=0.0029121896;
k_Chk1=292.5324268772;
C_Chk1=0.8107566972;
pChk1_ref12_5_24h=0.0051900075;
pChk1_ref100_24h=0.0060449772;
pChk1_ref100_48h=0.0095406536;
kd_pChk1=0.0740869959;
k_cdc25=147.8565907580;
K_cdc25=1.5686749856;
kf_p53=0.0003804358;
k_p53=40.3174497651;
K_ATR=0.0004086135;
p53ser46_ref50_72h=0.0006820433;
kp_ser46=3.7576412036;
K_p53=0.6541620176;
upAsy=0.1431969706;
sness=0.0031634513;
k_apop=0.0717661623;
tED50=286.7088388407;
cell_pop_norm0_Jack_MGMT_P=75.3699347597;
k_dis=0.0098294178;

%%%%%%%%%

cost=439.4785900884;

%%%%%%%%%

