TMZout0_Ka_XTMZ(norm)=0.51436;
MGMT_P0(norm)=0.54146;
k_MGMT(norm)=0.61800;
k_addO(norm)=0.88008;
k_addN(norm)=0.18129;
DSB_72h_fac(norm)=0.18981;
k_DSBO(norm)=0.90223;
k_DSBN(norm)=0.42854;
k_CyA(norm)=0.19685;
fVX(norm)=0.60182;
kf_ATR_MGMT_P(norm)=0.84856;
k_ATR(norm)=0.82525;
K_add(norm)=0.53624;
kd_pATR(norm)=0.53987;
k_Chk1(norm)=0.67527;
C_Chk1(norm)=0.52758;
pChk1_ref12_5_24h(norm)=0.06037;
pChk1_ref100_24h(norm)=0.24455;
pChk1_ref100_48h(norm)=1.00000;
kd_pChk1(norm)=0.90814;
k_cdc25(norm)=0.42991;
K_cdc25(norm)=0.44023;
kf_p53(norm)=0.19570;
k_p53(norm)=0.11636;
K_ATR(norm)=0.39547;
p53ser46_ref50_72h(norm)=0.25709;
kp_ser46(norm)=0.52878;
K_p53(norm)=0.35503;
upAsy(norm)=0.37079;
sness(norm)=0.26436;
k_apop(norm)=0.80032;
tED50(norm)=0.40830;
cell_pop_norm0_Jack_MGMT_P(norm)=0.52136;
k_dis(norm)=0.68673;

%%%%%%%%%

TMZout0_Ka_XTMZ=34.8854766760;
MGMT_P0=1.8798892834;
k_MGMT=48.2338963137;
k_addO=0.0142157538;
k_addN=0.1076352159;
DSB_72h_fac=0.7764194984;
k_DSBO=0.0004096985;
k_DSBN=0.0000323236;
k_CyA=1.4678967405;
fVX=0.0014302887;
kf_ATR_MGMT_P=0.0000135725;
k_ATR=0.0254761116;
K_add=0.0000672742;
kd_pATR=0.0037320457;
k_Chk1=518.3823204591;
C_Chk1=0.7085844152;
pChk1_ref12_5_24h=0.0048843111;
pChk1_ref100_24h=0.0057223239;
pChk1_ref100_48h=0.0122705020;
kd_pChk1=0.1073401783;
k_cdc25=211.4526308456;
K_cdc25=1.1928999387;
kf_p53=0.0004967920;
k_p53=24.9699407782;
K_ATR=0.0003532786;
p53ser46_ref50_72h=0.0004125786;
kp_ser46=3.6655826849;
K_p53=0.4357316522;
upAsy=0.2101055651;
sness=0.0031725176;
k_apop=0.0765605346;
tED50=320.7149014947;
cell_pop_norm0_Jack_MGMT_P=84.3058762031;
k_dis=0.0176689915;

%%%%%%%%%

cost=225.2548820407;

%%%%%%%%%

