TMZout0_Ka_XTMZ(norm)=0.67404;
MGMT_P0(norm)=0.64951;
k_MGMT(norm)=0.96004;
k_addO(norm)=0.35611;
k_addN(norm)=0.74276;
DSB_72h_fac(norm)=0.44526;
k_DSBO(norm)=0.34187;
k_DSBN(norm)=0.27821;
k_CyA(norm)=0.13128;
fVX(norm)=0.55309;
kf_ATR_MGMT_P(norm)=0.50909;
k_ATR(norm)=0.49193;
K_add(norm)=0.41698;
kd_pATR(norm)=0.15674;
k_Chk1(norm)=0.27748;
C_Chk1(norm)=0.95726;
pChk1_ref12_5_24h(norm)=0.04280;
pChk1_ref100_24h(norm)=0.53962;
pChk1_ref100_48h(norm)=0.71820;
kd_pChk1(norm)=0.53586;
k_cdc25(norm)=0.09023;
K_cdc25(norm)=0.56159;
kf_p53(norm)=0.45054;
k_p53(norm)=0.37715;
K_ATR(norm)=0.24000;
p53ser46_ref50_72h(norm)=0.41795;
kp_ser46(norm)=0.58517;
K_p53(norm)=0.58454;
upAsy(norm)=0.39015;
sness(norm)=0.59832;
k_apop(norm)=0.57246;
tED50(norm)=0.59723;
cell_pop_norm0_Jack_MGMT_P(norm)=0.00190;
k_dis(norm)=0.62078;

%%%%%%%%%

TMZout0_Ka_XTMZ=36.1880513077;
MGMT_P0=2.0527122871;
k_MGMT=55.7604501532;
k_addO=0.0085502527;
k_addN=0.1407292734;
DSB_72h_fac=0.9207251848;
k_DSBO=0.0002633547;
k_DSBN=0.0000305319;
k_CyA=1.6677582772;
fVX=0.0013841997;
kf_ATR_MGMT_P=0.0000101915;
k_ATR=0.0243677104;
K_add=0.0000704105;
kd_pATR=0.0018932270;
k_Chk1=258.5017185673;
C_Chk1=1.0302925156;
pChk1_ref12_5_24h=0.0053812260;
pChk1_ref100_24h=0.0082161326;
pChk1_ref100_48h=0.0117981823;
kd_pChk1=0.0604945915;
k_cdc25=151.9887185479;
K_cdc25=1.3640475484;
kf_p53=0.0005142460;
k_p53=27.4055363111;
K_ATR=0.0003450490;
p53ser46_ref50_72h=0.0004165161;
kp_ser46=3.3111933400;
K_p53=0.6447282822;
upAsy=0.1667239139;
sness=0.0038017269;
k_apop=0.0574811941;
tED50=383.0908011371;
cell_pop_norm0_Jack_MGMT_P=70.0474224892;
k_dis=0.0166312096;

%%%%%%%%%

cost=194.9425430977;

%%%%%%%%%

