TMZout0_Ka_XTMZ(norm)=0.99734;
MGMT_P0(norm)=0.75507;
k_MGMT(norm)=0.25185;
k_addO(norm)=0.70956;
k_addN(norm)=0.49073;
DSB_72h_fac(norm)=0.25785;
k_DSBO(norm)=0.55234;
k_DSBN(norm)=0.52373;
k_CyA(norm)=0.47802;
fVX(norm)=0.46582;
kf_ATR_MGMT_P(norm)=0.46228;
k_ATR(norm)=0.44518;
K_add(norm)=0.69091;
kd_pATR(norm)=0.01781;
k_Chk1(norm)=0.75174;
C_Chk1(norm)=0.46613;
pChk1_ref12_5_24h(norm)=0.16818;
pChk1_ref100_24h(norm)=0.83086;
pChk1_ref100_48h(norm)=0.87882;
kd_pChk1(norm)=0.34472;
k_cdc25(norm)=0.79167;
K_cdc25(norm)=0.75782;
kf_p53(norm)=0.38119;
k_p53(norm)=0.54622;
K_ATR(norm)=0.37173;
p53ser46_ref50_72h(norm)=0.45026;
kp_ser46(norm)=0.76638;
K_p53(norm)=0.00010;
upAsy(norm)=0.13403;
sness(norm)=0.66839;
k_apop(norm)=0.55178;
tED50(norm)=0.60200;
cell_pop_norm0_Jack_MGMT_P(norm)=0.54226;
k_dis(norm)=0.72831;

%%%%%%%%%

TMZout0_Ka_XTMZ=38.9761695592;
MGMT_P0=2.1468849685;
k_MGMT=35.3687033755;
k_addO=0.0123032992;
k_addN=0.1399010465;
DSB_72h_fac=0.8158274736;
k_DSBO=0.0003045896;
k_DSBN=0.0000350389;
k_CyA=1.8627744397;
fVX=0.0012746180;
kf_ATR_MGMT_P=0.0000097840;
k_ATR=0.0184618452;
K_add=0.0000766939;
kd_pATR=0.0023979632;
k_Chk1=553.0819521361;
C_Chk1=0.6726370997;
pChk1_ref12_5_24h=0.0053515159;
pChk1_ref100_24h=0.0094041492;
pChk1_ref100_48h=0.0110731202;
kd_pChk1=0.0665939426;
k_cdc25=287.2956983062;
K_cdc25=1.5612356039;
kf_p53=0.0005813404;
k_p53=35.9414975331;
K_ATR=0.0003462445;
p53ser46_ref50_72h=0.0004859479;
kp_ser46=4.4830434851;
K_p53=0.3225607171;
upAsy=0.1719157141;
sness=0.0044676246;
k_apop=0.0620221348;
tED50=377.9160583402;
cell_pop_norm0_Jack_MGMT_P=84.9365901642;
k_dis=0.0183026052;

%%%%%%%%%

cost=234.4656196933;

%%%%%%%%%

