TMZout0_Ka_XTMZ(norm)=0.23974;
MGMT_P0(norm)=0.48472;
k_MGMT(norm)=0.53647;
k_addO(norm)=0.58950;
k_addN(norm)=0.84646;
DSB_72h_fac(norm)=0.77962;
k_DSBO(norm)=0.39133;
k_DSBN(norm)=0.38630;
k_CyA(norm)=1.00000;
fVX(norm)=0.67608;
kf_ATR_MGMT_P(norm)=0.60817;
k_ATR(norm)=0.40251;
K_add(norm)=0.76442;
kd_pATR(norm)=0.41608;
k_Chk1(norm)=0.49177;
C_Chk1(norm)=0.73434;
pChk1_ref12_5_24h(norm)=0.59497;
pChk1_ref100_24h(norm)=0.81016;
pChk1_ref100_48h(norm)=1.00000;
kd_pChk1(norm)=0.67696;
k_cdc25(norm)=0.57830;
K_cdc25(norm)=0.74180;
kf_p53(norm)=0.34622;
k_p53(norm)=1.00000;
K_ATR(norm)=0.21034;
p53ser46_ref50_72h(norm)=0.43057;
kp_ser46(norm)=0.37416;
K_p53(norm)=0.21462;
upAsy(norm)=0.72226;
sness(norm)=0.66782;
k_apop(norm)=0.69749;
tED50(norm)=0.68697;
cell_pop_norm0_Jack_MGMT_P(norm)=0.61334;
k_dis(norm)=0.46537;

%%%%%%%%%

TMZout0_Ka_XTMZ=32.7540098099;
MGMT_P0=1.8147291776;
k_MGMT=45.0144735166;
k_addO=0.0111132686;
k_addN=0.1891132496;
DSB_72h_fac=1.1925769621;
k_DSBO=0.0002657443;
k_DSBN=0.0000311873;
k_CyA=2.8989184694;
fVX=0.0015231812;
kf_ATR_MGMT_P=0.0000110713;
k_ATR=0.0178062159;
K_add=0.0000816227;
kd_pATR=0.0033604248;
k_Chk1=443.7369963769;
C_Chk1=0.8442525512;
pChk1_ref12_5_24h=0.0076829138;
pChk1_ref100_24h=0.0092406416;
pChk1_ref100_48h=0.0122705020;
kd_pChk1=0.0882455977;
k_cdc25=239.7820472705;
K_cdc25=1.5401822727;
kf_p53=0.0005643672;
k_p53=52.7929398346;
K_ATR=0.0003019904;
p53ser46_ref50_72h=0.0004779068;
kp_ser46=3.2154781200;
K_p53=0.3868567417;
upAsy=0.2829906352;
sness=0.0044654768;
k_apop=0.0701721263;
tED50=406.1283096826;
cell_pop_norm0_Jack_MGMT_P=87.1176392628;
k_dis=0.0146473395;

%%%%%%%%%

cost=221.2153396238;

%%%%%%%%%

