TMZout0_Ka_XTMZ(norm)=0.43758;
MGMT_P0(norm)=1.00000;
k_MGMT(norm)=1.00000;
k_addO(norm)=0.91963;
k_addN(norm)=0.63790;
DSB_72h_fac(norm)=0.52528;
k_DSBO(norm)=0.49590;
k_DSBN(norm)=0.96203;
k_CyA(norm)=0.73157;
fVX(norm)=0.70491;
kf_ATR_MGMT_P(norm)=0.58295;
k_ATR(norm)=0.69713;
K_add(norm)=0.84520;
kd_pATR(norm)=0.54808;
k_Chk1(norm)=0.86075;
C_Chk1(norm)=1.00000;
pChk1_ref12_5_24h(norm)=0.67214;
pChk1_ref100_24h(norm)=1.00000;
pChk1_ref100_48h(norm)=1.00000;
kd_pChk1(norm)=0.21418;
k_cdc25(norm)=0.00010;
K_cdc25(norm)=0.55402;
kf_p53(norm)=0.73330;
k_p53(norm)=0.65925;
K_ATR(norm)=0.53074;
p53ser46_ref50_72h(norm)=0.44850;
kp_ser46(norm)=0.37379;
K_p53(norm)=0.45432;
upAsy(norm)=0.86373;
sness(norm)=0.94581;
k_apop(norm)=0.94440;
tED50(norm)=0.57369;
cell_pop_norm0_Jack_MGMT_P(norm)=0.16080;
k_dis(norm)=0.62573;

%%%%%%%%%

TMZout0_Ka_XTMZ=34.2759836023;
MGMT_P0=2.5000000000;
k_MGMT=66.6683225466;
k_addO=0.0147001568;
k_addN=0.1584807369;
DSB_72h_fac=0.9910872807;
k_DSBO=0.0002903652;
k_DSBN=0.0000507966;
k_CyA=2.3091827887;
fVX=0.0015608391;
kf_ATR_MGMT_P=0.0000108373;
k_ATR=0.0228552940;
K_add=0.0000874054;
kd_pATR=0.0037580983;
k_Chk1=606.6004327885;
C_Chk1=1.0573793404;
pChk1_ref12_5_24h=0.0082020315;
pChk1_ref100_24h=0.0108532287;
pChk1_ref100_48h=0.0122705020;
kd_pChk1=0.0596212431;
k_cdc25=146.9099469980;
K_cdc25=1.3136314876;
kf_p53=0.0007834267;
k_p53=39.5537564321;
K_ATR=0.0003961822;
p53ser46_ref50_72h=0.0004852214;
kp_ser46=3.2144761394;
K_p53=0.4739717866;
upAsy=0.3190290912;
sness=0.0056514565;
k_apop=0.0865014377;
tED50=368.9592393740;
cell_pop_norm0_Jack_MGMT_P=74.1320615565;
k_dis=0.0167789388;

%%%%%%%%%

cost=216.1494577586;

%%%%%%%%%

