TMZout0_Ka_XTMZ(norm)=0.16283;
MGMT_P0(norm)=0.00010;
k_MGMT(norm)=0.93297;
k_addO(norm)=0.43127;
k_addN(norm)=0.98700;
DSB_72h_fac(norm)=0.16949;
k_DSBO(norm)=1.00000;
k_DSBN(norm)=0.00010;
k_CyA(norm)=0.38299;
fVX(norm)=0.55070;
kf_ATR_MGMT_P(norm)=0.82572;
k_ATR(norm)=0.69085;
K_add(norm)=1.00000;
kd_pATR(norm)=1.00000;
k_Chk1(norm)=0.32160;
C_Chk1(norm)=0.56398;
pChk1_ref12_5_24h(norm)=0.18092;
pChk1_ref100_24h(norm)=0.41544;
pChk1_ref100_48h(norm)=0.68385;
kd_pChk1(norm)=1.00000;
k_cdc25(norm)=0.84712;
K_cdc25(norm)=0.00010;
kf_p53(norm)=0.04759;
k_p53(norm)=0.73719;
K_ATR(norm)=0.29092;
p53ser46_ref50_72h(norm)=0.99664;
kp_ser46(norm)=1.00000;
K_p53(norm)=0.29494;
upAsy(norm)=1.00000;
sness(norm)=0.07273;
k_apop(norm)=0.90040;
tED50(norm)=0.61408;
cell_pop_norm0_Jack_MGMT_P(norm)=0.00010;
k_dis(norm)=0.95077;

%%%%%%%%%

TMZout0_Ka_XTMZ=32.1807415224;
MGMT_P0=1.4246312724;
k_MGMT=54.4964439168;
k_addO=0.0091125095;
k_addN=0.1730857913;
DSB_72h_fac=0.7475788161;
k_DSBO=0.0004599560;
k_DSBN=0.0000241222;
k_CyA=2.0642204396;
fVX=0.0013813885;
kf_ATR_MGMT_P=0.0000133277;
k_ATR=0.0288413315;
K_add=0.0001153919;
kd_pATR=0.0038681418;
k_Chk1=268.3487356067;
C_Chk1=0.7383146438;
pChk1_ref12_5_24h=0.0060493108;
pChk1_ref100_24h=0.0073955479;
pChk1_ref100_48h=0.0114597205;
kd_pChk1=0.0896414866;
k_cdc25=288.6211806882;
K_cdc25=0.8476482178;
kf_p53=0.0003655060;
k_p53=37.1813389710;
K_ATR=0.0003602612;
p53ser46_ref50_72h=0.0006801058;
kp_ser46=4.7057774264;
K_p53=0.5044422651;
upAsy=0.2795178953;
sness=0.0024354377;
k_apop=0.0758929590;
tED50=388.5992115939;
cell_pop_norm0_Jack_MGMT_P=70.0024967691;
k_dis=0.0219964292;

%%%%%%%%%

cost=554.9446123472;

%%%%%%%%%

