function [orig_param] = def_original_params()

upAsy=0.2557676226;
tED50=378.1999848170;
kf_p53=0.0007014704;
sness=0.0042264268;
k_ATR=0.0211012041;
k_apop=0.0647671225;
k_p53=37.7092427390;
kd_pATR=0.0039367373;
k_CyA=2.0706560496;
k_MGMT=47.6202303904;
pT=0.003704;
k_HR=0.166;
MGMT_P0=2.2376032847;
kf_ATR_MGMT_M=1.217e-05;
kf_ATR_MGMT_P=0.0000110219;

orig_param=[upAsy,tED50,kf_p53,sness,k_ATR,k_apop,k_p53,kd_pATR,k_CyA,k_MGMT,pT,k_HR,MGMT_P0,kf_ATR_MGMT_M,kf_ATR_MGMT_P];
end














