function [upAsy,tED50,kf_p53,sness,k_ATR,k_apop,k_p53,kd_pATR,k_CyA,k_MGMT,pT,k_HR,MGMT_P0,kf_ATR_MGMT_M,kf_ATR_MGMT_P] = def_params_toEstimate()

% upAsy=0.2557676226;
% tED50=378.1999848170;
% kf_p53=0.0007014704;
% sness=0.0042264268;
% k_ATR=0.0211012041;
% k_apop=0.0647671225;
% k_p53=37.7092427390;
% kd_pATR=0.0039367373;
% k_CyA=2.0706560496;
% k_MGMT=47.6202303904;
% pT=0.003704;
% k_HR=0.166;
% MGMT_P0=2.2376032847;
% kf_ATR_MGMT_M=1.217e-05;
% kf_ATR_MGMT_P=0.0000110219;

% upAsy=0.5233724597;
% tED50=140.6071492406;
% kf_p53=0.0001665420;
% sness=0.0046341834;
% k_ATR=0.0220620444;
% k_apop=0.2333017044;
% k_p53=44.1968071653;
% kd_pATR=0.0048295897;
% k_CyA=6.7589465811;
% k_MGMT=16.1292602008;
% pT=0.0013536245;
% k_HR=0.5912572374;
% MGMT_P0=0.4831824221;
% kf_ATR_MGMT_M=0.0000314858;
% kf_ATR_MGMT_P=0.0000334310;

% upAsy=1.2418027445;
% tED50=115.9680684725;
% kf_p53=0.0001443641;
% sness=0.0045917152;
% k_ATR=0.0312586951;
% k_apop=0.2977389619;
% k_p53=65.4018761881;
% kd_pATR=0.0079789720;
% k_CyA=6.1425772479;
% k_MGMT=17.4299235902;
% pT=0.0014254922;
% k_HR=0.9308429011;
% MGMT_P0=0.3540030366;
% kf_ATR_MGMT_M=0.0000587345;
% kf_ATR_MGMT_P=0.0000608597;

upAsy=1.2628680313;
tED50=81.4698827210;
kf_p53=0.0001404673;
sness=0.0037879846;
k_ATR=0.0324558308;
k_apop=0.2837912325;
k_p53=75.7834276715;
kd_pATR=0.0081402855;
k_CyA=6.0586499676;
k_MGMT=17.4725205599;
pT=0.0014489954;
k_HR=0.9911770612;
MGMT_P0=0.3551616805;
kf_ATR_MGMT_M=0.0000602380;
kf_ATR_MGMT_P=0.0000624964;


end














