TMZout0_Ka_XTMZ(norm)=0.46113;
MGMT_P0(norm)=0.82604;
k_MGMT(norm)=1.00000;
k_addO(norm)=0.72995;
k_addN(norm)=1.00000;
DSB_72h_fac(norm)=0.72515;
k_DSBO(norm)=0.46988;
k_DSBN(norm)=0.41889;
k_CyA(norm)=0.67275;
fVX(norm)=0.00010;
kf_ATR_MGMT_P(norm)=0.98345;
k_ATR(norm)=1.00000;
K_add(norm)=0.58418;
kd_pATR(norm)=0.92489;
k_Chk1(norm)=1.00000;
C_Chk1(norm)=1.00000;
pChk1_ref12_5_24h(norm)=0.55771;
pChk1_ref100_24h(norm)=0.76824;
pChk1_ref100_48h(norm)=1.00000;
kd_pChk1(norm)=0.88145;
k_cdc25(norm)=0.00010;
K_cdc25(norm)=0.05730;
kf_p53(norm)=0.74243;
k_p53(norm)=0.00010;
K_ATR(norm)=0.96473;
p53ser46_ref50_72h(norm)=0.75097;
kp_ser46(norm)=0.54833;
K_p53(norm)=0.39882;
upAsy(norm)=0.71768;
sness(norm)=0.58306;
k_apop(norm)=0.64266;
tED50(norm)=0.42348;
cell_pop_norm0_Jack_MGMT_P(norm)=0.00010;
k_dis(norm)=0.48594;

%%%%%%%%%

TMZout0_Ka_XTMZ=34.4617983293;
MGMT_P0=2.2669820970;
k_MGMT=57.6809463461;
k_addO=0.0117366478;
k_addN=0.1750025298;
DSB_72h_fac=1.1375165923;
k_DSBO=0.0002935238;
k_DSBN=0.0000343970;
k_CyA=2.6386476501;
fVX=0.0008663821;
kf_ATR_MGMT_P=0.0000152333;
k_ATR=0.0374777928;
K_add=0.0000811269;
kd_pATR=0.0036296301;
k_Chk1=476.7979224120;
C_Chk1=1.0682849608;
pChk1_ref12_5_24h=0.0083244811;
pChk1_ref100_24h=0.0099722236;
pChk1_ref100_48h=0.0149799251;
kd_pChk1=0.0810746326;
k_cdc25=140.8140489158;
K_cdc25=0.8897398378;
kf_p53=0.0006585384;
k_p53=19.9109525917;
K_ATR=0.0006376251;
p53ser46_ref50_72h=0.0005523006;
kp_ser46=3.2094293480;
K_p53=0.5508540903;
upAsy=0.2200504161;
sness=0.0037528702;
k_apop=0.0610038005;
tED50=330.6475827473;
cell_pop_norm0_Jack_MGMT_P=70.0024967691;
k_dis=0.0148355697;

%%%%%%%%%

cost=268.3810269565;

%%%%%%%%%

