TMZout0_Ka_XTMZ(norm)=0.38352;
MGMT_P0(norm)=0.97491;
k_MGMT(norm)=0.81205;
k_addO(norm)=0.00010;
k_addN(norm)=0.99806;
DSB_72h_fac(norm)=0.28377;
k_DSBO(norm)=0.68727;
k_DSBN(norm)=0.42344;
k_CyA(norm)=0.73267;
fVX(norm)=1.00000;
kf_ATR_MGMT_P(norm)=0.68952;
k_ATR(norm)=1.00000;
K_add(norm)=0.47768;
kd_pATR(norm)=0.61807;
k_Chk1(norm)=0.83714;
C_Chk1(norm)=0.95911;
pChk1_ref12_5_24h(norm)=0.02757;
pChk1_ref100_24h(norm)=0.70210;
pChk1_ref100_48h(norm)=0.52504;
kd_pChk1(norm)=0.25809;
k_cdc25(norm)=0.39029;
K_cdc25(norm)=0.70253;
kf_p53(norm)=0.19933;
k_p53(norm)=0.73199;
K_ATR(norm)=0.61999;
p53ser46_ref50_72h(norm)=0.00010;
kp_ser46(norm)=0.06907;
K_p53(norm)=0.45294;
upAsy(norm)=0.75646;
sness(norm)=0.80585;
k_apop(norm)=0.78392;
tED50(norm)=0.80208;
cell_pop_norm0_Jack_MGMT_P(norm)=0.44137;
k_dis(norm)=0.42837;

%%%%%%%%%

TMZout0_Ka_XTMZ=33.8531775208;
MGMT_P0=2.4624885348;
k_MGMT=47.5595176168;
k_addO=0.0062012245;
k_addN=0.1625304885;
DSB_72h_fac=0.8125247891;
k_DSBO=0.0003533081;
k_DSBN=0.0000356778;
k_CyA=2.6546159042;
fVX=0.0018062589;
kf_ATR_MGMT_P=0.0000116851;
k_ATR=0.0349902468;
K_add=0.0000682868;
kd_pATR=0.0034776872;
k_Chk1=499.9886359063;
C_Chk1=1.0418926177;
pChk1_ref12_5_24h=0.0048357263;
pChk1_ref100_24h=0.0085779543;
pChk1_ref100_48h=0.0086070867;
kd_pChk1=0.0577070358;
k_cdc25=215.8796860476;
K_cdc25=1.4563839809;
kf_p53=0.0004260277;
k_p53=41.6900688870;
K_ATR=0.0004851036;
p53ser46_ref50_72h=0.0002856058;
kp_ser46=2.1740927253;
K_p53=0.5509483667;
upAsy=0.2878598874;
sness=0.0045935399;
k_apop=0.0781516550;
tED50=524.7024495233;
cell_pop_norm0_Jack_MGMT_P=81.9346632065;
k_dis=0.0142996990;

%%%%%%%%%

cost=333.7542730326;

%%%%%%%%%

