TMZout0_Ka_XTMZ(norm)=0.32780;
MGMT_P0(norm)=0.58996;
k_MGMT(norm)=0.43386;
k_addO(norm)=0.64317;
k_addN(norm)=0.48112;
DSB_72h_fac(norm)=0.54917;
k_DSBO(norm)=0.37652;
k_DSBN(norm)=0.51028;
k_CyA(norm)=0.37728;
fVX(norm)=0.49472;
kf_ATR_MGMT_P(norm)=1.00000;
k_ATR(norm)=0.90618;
K_add(norm)=0.67217;
kd_pATR(norm)=0.75698;
k_Chk1(norm)=0.63407;
C_Chk1(norm)=0.34036;
pChk1_ref12_5_24h(norm)=0.02246;
pChk1_ref100_24h(norm)=0.80923;
pChk1_ref100_48h(norm)=0.85886;
kd_pChk1(norm)=0.13798;
k_cdc25(norm)=0.78222;
K_cdc25(norm)=0.71318;
kf_p53(norm)=0.34271;
k_p53(norm)=0.55083;
K_ATR(norm)=0.67983;
p53ser46_ref50_72h(norm)=0.36477;
kp_ser46(norm)=0.11148;
K_p53(norm)=0.66600;
upAsy(norm)=0.59250;
sness(norm)=0.23281;
k_apop(norm)=0.81292;
tED50(norm)=0.72170;
cell_pop_norm0_Jack_MGMT_P(norm)=0.21991;
k_dis(norm)=0.41368;

%%%%%%%%%

TMZout0_Ka_XTMZ=33.4229508497;
MGMT_P0=1.8855443284;
k_MGMT=44.7002126700;
k_addO=0.0108695719;
k_addN=0.1320372728;
DSB_72h_fac=0.9712486738;
k_DSBO=0.0003067165;
k_DSBN=0.0000332374;
k_CyA=2.3260613426;
fVX=0.0013467498;
kf_ATR_MGMT_P=0.0000155004;
k_ATR=0.0370027072;
K_add=0.0000973761;
kd_pATR=0.0022955793;
k_Chk1=332.2180018721;
C_Chk1=0.6134650370;
pChk1_ref12_5_24h=0.0054863274;
pChk1_ref100_24h=0.0107483505;
pChk1_ref100_48h=0.0135488004;
kd_pChk1=0.0417193999;
k_cdc25=250.5047533754;
K_cdc25=1.5236599412;
kf_p53=0.0003838126;
k_p53=29.6852070309;
K_ATR=0.0005269797;
p53ser46_ref50_72h=0.0003199790;
kp_ser46=2.0684953630;
K_p53=0.6256567307;
upAsy=0.2831219949;
sness=0.0039854245;
k_apop=0.0748420755;
tED50=464.2520224477;
cell_pop_norm0_Jack_MGMT_P=75.7115196451;
k_dis=0.0135823440;

%%%%%%%%%

cost=299.0135518131;

%%%%%%%%%

