TMZout0_Ka_XTMZ(norm)=0.72973;
MGMT_P0(norm)=0.53544;
k_MGMT(norm)=0.05525;
k_addO(norm)=0.63693;
k_addN(norm)=1.00000;
DSB_72h_fac(norm)=0.76142;
k_DSBO(norm)=0.88943;
k_DSBN(norm)=0.00010;
k_CyA(norm)=0.43727;
fVX(norm)=0.27175;
kf_ATR_MGMT_P(norm)=0.56472;
k_ATR(norm)=0.00010;
K_add(norm)=0.00010;
kd_pATR(norm)=0.30251;
k_Chk1(norm)=1.00000;
C_Chk1(norm)=0.15498;
pChk1_ref12_5_24h(norm)=0.91822;
pChk1_ref100_24h(norm)=0.75505;
pChk1_ref100_48h(norm)=0.13890;
kd_pChk1(norm)=0.57738;
k_cdc25(norm)=0.33326;
K_cdc25(norm)=0.44919;
kf_p53(norm)=0.54323;
k_p53(norm)=0.09485;
K_ATR(norm)=0.65961;
p53ser46_ref50_72h(norm)=0.99166;
kp_ser46(norm)=0.00010;
K_p53(norm)=0.29665;
upAsy(norm)=0.00010;
sness(norm)=0.64775;
k_apop(norm)=0.40845;
tED50(norm)=0.35274;
cell_pop_norm0_Jack_MGMT_P(norm)=0.64905;
k_dis(norm)=0.00010;

%%%%%%%%%

TMZout0_Ka_XTMZ=36.6537406738;
MGMT_P0=1.8728676953;
k_MGMT=29.9415863467;
k_addO=0.0115690115;
k_addN=0.2153875622;
DSB_72h_fac=1.1768850809;
k_DSBO=0.0004052787;
k_DSBN=0.0000224836;
k_CyA=1.7995580278;
fVX=0.0010813541;
kf_ATR_MGMT_P=0.0000106712;
k_ATR=0.0126617952;
K_add=0.0000427130;
kd_pATR=0.0030521335;
k_Chk1=682.5647593832;
C_Chk1=0.5167528206;
pChk1_ref12_5_24h=0.0101035861;
pChk1_ref100_24h=0.0088190383;
pChk1_ref100_48h=0.0059155743;
kd_pChk1=0.0811049940;
k_cdc25=194.8263555092;
K_cdc25=1.2019862318;
kf_p53=0.0006668941;
k_p53=24.5188667788;
K_ATR=0.0004418893;
p53ser46_ref50_72h=0.0007687958;
kp_ser46=2.3420713618;
K_p53=0.4146997182;
upAsy=0.1534735768;
sness=0.0043901852;
k_apop=0.0549294229;
tED50=305.9657212220;
cell_pop_norm0_Jack_MGMT_P=88.2343575028;
k_dis=0.0098752604;

%%%%%%%%%

cost=100000.0000000000;

%%%%%%%%%

