TMZout0_Ka_XTMZ(norm)=0.00010;
MGMT_P0(norm)=0.48562;
k_MGMT(norm)=0.32703;
k_addO(norm)=0.64133;
k_addN(norm)=0.00010;
DSB_72h_fac(norm)=0.73749;
k_DSBO(norm)=0.44531;
k_DSBN(norm)=0.04785;
k_CyA(norm)=0.32328;
fVX(norm)=0.75878;
kf_ATR_MGMT_P(norm)=0.91521;
k_ATR(norm)=0.18423;
K_add(norm)=0.64058;
kd_pATR(norm)=0.09131;
k_Chk1(norm)=0.43856;
C_Chk1(norm)=1.00000;
pChk1_ref12_5_24h(norm)=1.00000;
pChk1_ref100_24h(norm)=0.57859;
pChk1_ref100_48h(norm)=0.27648;
kd_pChk1(norm)=0.66754;
k_cdc25(norm)=0.79402;
K_cdc25(norm)=0.12686;
kf_p53(norm)=0.28243;
k_p53(norm)=0.23483;
K_ATR(norm)=0.67743;
p53ser46_ref50_72h(norm)=0.41893;
kp_ser46(norm)=0.74358;
K_p53(norm)=0.09212;
upAsy(norm)=0.63445;
sness(norm)=0.56251;
k_apop(norm)=0.30660;
tED50(norm)=0.37938;
cell_pop_norm0_Jack_MGMT_P(norm)=0.40463;
k_dis(norm)=0.51075;

%%%%%%%%%

TMZout0_Ka_XTMZ=31.0007116889;
MGMT_P0=1.8157447241;
k_MGMT=37.6949153863;
k_addO=0.0116121984;
k_addN=0.0923167769;
DSB_72h_fac=1.1565704867;
k_DSBO=0.0002781822;
k_DSBN=0.0000234119;
k_CyA=1.6338708708;
fVX=0.0016337346;
kf_ATR_MGMT_P=0.0000143610;
k_ATR=0.0147996445;
K_add=0.0000734926;
kd_pATR=0.0025520423;
k_Chk1=424.1757689821;
C_Chk1=1.0573793404;
pChk1_ref12_5_24h=0.0108284658;
pChk1_ref100_24h=0.0075943469;
pChk1_ref100_48h=0.0066469428;
kd_pChk1=0.0875435962;
k_cdc25=287.8699572748;
K_cdc25=0.9147204934;
kf_p53=0.0005346721;
k_p53=27.6063820103;
K_ATR=0.0004486144;
p53ser46_ref50_72h=0.0004732161;
kp_ser46=4.3972850328;
K_p53=0.3487158404;
upAsy=0.2627006482;
sness=0.0040842793;
k_apop=0.0503878950;
tED50=312.9494053986;
cell_pop_norm0_Jack_MGMT_P=80.8680163463;
k_dis=0.0152214870;

%%%%%%%%%

cost=100000.0000000000;

%%%%%%%%%

