TMZout0_Ka_XTMZ(norm)=0.30479;
MGMT_P0(norm)=0.77046;
k_MGMT(norm)=0.84177;
k_addO(norm)=0.60081;
k_addN(norm)=0.79461;
DSB_72h_fac(norm)=0.69827;
k_DSBO(norm)=0.65886;
k_DSBN(norm)=0.75307;
k_CyA(norm)=0.65933;
fVX(norm)=0.71970;
kf_ATR_MGMT_P(norm)=0.61646;
k_ATR(norm)=0.63484;
K_add(norm)=0.63593;
kd_pATR(norm)=0.59809;
k_Chk1(norm)=0.62366;
C_Chk1(norm)=0.61105;
pChk1_ref12_5_24h(norm)=0.69343;
pChk1_ref100_24h(norm)=0.70011;
pChk1_ref100_48h(norm)=0.70199;
kd_pChk1(norm)=0.52068;
k_cdc25(norm)=0.98912;
K_cdc25(norm)=0.54407;
kf_p53(norm)=0.50963;
k_p53(norm)=0.62842;
K_ATR(norm)=0.65540;
p53ser46_ref50_72h(norm)=0.50700;
kp_ser46(norm)=0.60919;
K_p53(norm)=0.80155;
upAsy(norm)=0.71007;
sness(norm)=0.56442;
k_apop(norm)=0.54792;
tED50(norm)=0.79920;
cell_pop_norm0_Jack_MGMT_P(norm)=0.15610;
k_dis(norm)=0.59828;

%%%%%%%%%

TMZout0_Ka_XTMZ=33.2468485207;
MGMT_P0=2.1675230735;
k_MGMT=58.3033433772;
k_addO=0.0112202871;
k_addN=0.1809851108;
DSB_72h_fac=1.1240330914;
k_DSBO=0.0003333579;
k_DSBN=0.0000425540;
k_CyA=2.1720844722;
fVX=0.0015805299;
kf_ATR_MGMT_P=0.0000111494;
k_ATR=0.0216801962;
K_add=0.0000732031;
kd_pATR=0.0039207711;
k_Chk1=496.2024892844;
C_Chk1=0.7605134060;
pChk1_ref12_5_24h=0.0083513272;
pChk1_ref100_24h=0.0084179567;
pChk1_ref100_48h=0.0095323541;
kd_pChk1=0.0773010418;
k_cdc25=339.6141731228;
K_cdc25=1.3026077793;
kf_p53=0.0006481765;
k_p53=38.5339749762;
K_ATR=0.0004403155;
p53ser46_ref50_72h=0.0005098794;
kp_ser46=3.9240031330;
K_p53=0.6361015852;
upAsy=0.2800816023;
sness=0.0040908810;
k_apop=0.0618195747;
tED50=446.6406697126;
cell_pop_norm0_Jack_MGMT_P=74.0078862692;
k_dis=0.0163931869;

%%%%%%%%%

cost=122.8415704419;

%%%%%%%%%

