TMZout0_Ka_XTMZ(norm)=0.04180;
MGMT_P0(norm)=0.41790;
k_MGMT(norm)=0.37715;
k_addO(norm)=0.44689;
k_addN(norm)=0.62092;
DSB_72h_fac(norm)=0.56034;
k_DSBO(norm)=0.21077;
k_DSBN(norm)=0.45886;
k_CyA(norm)=0.38728;
fVX(norm)=0.32339;
kf_ATR_MGMT_P(norm)=0.81033;
k_ATR(norm)=0.58440;
K_add(norm)=0.19191;
kd_pATR(norm)=0.41410;
k_Chk1(norm)=0.38579;
C_Chk1(norm)=0.65846;
pChk1_ref12_5_24h(norm)=0.54680;
pChk1_ref100_24h(norm)=0.62997;
pChk1_ref100_48h(norm)=0.55326;
kd_pChk1(norm)=0.99308;
k_cdc25(norm)=0.17735;
K_cdc25(norm)=0.86953;
kf_p53(norm)=0.30482;
k_p53(norm)=0.27384;
K_ATR(norm)=0.37267;
p53ser46_ref50_72h(norm)=0.61645;
kp_ser46(norm)=0.33314;
K_p53(norm)=0.49416;
upAsy(norm)=0.57365;
sness(norm)=1.00000;
k_apop(norm)=0.72953;
tED50(norm)=0.28864;
cell_pop_norm0_Jack_MGMT_P(norm)=0.41601;
k_dis(norm)=0.35150;

%%%%%%%%%

TMZout0_Ka_XTMZ=31.2989215717;
MGMT_P0=1.8020039849;
k_MGMT=34.0281023948;
k_addO=0.0092339045;
k_addN=0.1269261866;
DSB_72h_fac=1.0043563326;
k_DSBO=0.0002356668;
k_DSBN=0.0000355821;
k_CyA=2.0717415557;
fVX=0.0011393901;
kf_ATR_MGMT_P=0.0000131550;
k_ATR=0.0263537037;
K_add=0.0000581857;
kd_pATR=0.0023545269;
k_Chk1=283.3480055481;
C_Chk1=0.7998513633;
pChk1_ref12_5_24h=0.0082478383;
pChk1_ref100_24h=0.0088697780;
pChk1_ref100_48h=0.0102593624;
kd_pChk1=0.0891177592;
k_cdc25=163.6329870201;
K_cdc25=1.7707032175;
kf_p53=0.0004545154;
k_p53=25.1086385073;
K_ATR=0.0003861006;
p53ser46_ref50_72h=0.0004928034;
kp_ser46=2.6744939078;
K_p53=0.5971975045;
upAsy=0.1947699614;
sness=0.0053430509;
k_apop=0.0656632310;
tED50=294.9486893138;
cell_pop_norm0_Jack_MGMT_P=81.1967910524;
k_dis=0.0132384353;

%%%%%%%%%

cost=211.2118237559;

%%%%%%%%%

