TMZout0_Ka_XTMZ(norm)=0.10718;
MGMT_P0(norm)=0.94257;
k_MGMT(norm)=0.34786;
k_addO(norm)=0.57902;
k_addN(norm)=0.28490;
DSB_72h_fac(norm)=0.70324;
k_DSBO(norm)=0.43782;
k_DSBN(norm)=0.86291;
k_CyA(norm)=0.74471;
fVX(norm)=0.60313;
kf_ATR_MGMT_P(norm)=0.58517;
k_ATR(norm)=0.49866;
K_add(norm)=0.53412;
kd_pATR(norm)=0.98176;
k_Chk1(norm)=0.85634;
C_Chk1(norm)=0.62554;
pChk1_ref12_5_24h(norm)=0.51101;
pChk1_ref100_24h(norm)=0.52813;
pChk1_ref100_48h(norm)=0.54663;
kd_pChk1(norm)=0.67880;
k_cdc25(norm)=0.12418;
K_cdc25(norm)=0.46598;
kf_p53(norm)=0.62426;
k_p53(norm)=0.46649;
K_ATR(norm)=0.38640;
p53ser46_ref50_72h(norm)=0.60791;
kp_ser46(norm)=0.79473;
K_p53(norm)=0.16061;
upAsy(norm)=0.47325;
sness(norm)=0.37462;
k_apop(norm)=0.64380;
tED50(norm)=0.63431;
cell_pop_norm0_Jack_MGMT_P(norm)=0.16471;
k_dis(norm)=0.61592;

%%%%%%%%%

TMZout0_Ka_XTMZ=31.7722374019;
MGMT_P0=2.4123151439;
k_MGMT=38.3660448676;
k_addO=0.0110150308;
k_addN=0.1175111098;
DSB_72h_fac=1.1281006333;
k_DSBO=0.0002764233;
k_DSBN=0.0000467048;
k_CyA=2.3350508753;
fVX=0.0014318822;
kf_ATR_MGMT_P=0.0000108577;
k_ATR=0.0193175850;
K_add=0.0000671535;
kd_pATR=0.0054269051;
k_Chk1=604.3410258805;
C_Chk1=0.7699045695;
pChk1_ref12_5_24h=0.0071553288;
pChk1_ref100_24h=0.0072764823;
pChk1_ref100_48h=0.0083566256;
kd_pChk1=0.0883833986;
k_cdc25=163.1962905437;
K_cdc25=1.2192137764;
kf_p53=0.0007142909;
k_p53=33.5934870244;
K_ATR=0.0003505749;
p53ser46_ref50_72h=0.0005553951;
kp_ser46=4.5920368106;
K_p53=0.3695509923;
upAsy=0.2291623908;
sness=0.0034831816;
k_apop=0.0670515213;
tED50=388.4034293348;
cell_pop_norm0_Jack_MGMT_P=74.2356590058;
k_dis=0.0166400936;

%%%%%%%%%

cost=123.0412315058;

%%%%%%%%%

