TMZout0_Ka_XTMZ(norm)=0.93187;
MGMT_P0(norm)=0.74243;
k_MGMT(norm)=0.13050;
k_addO(norm)=0.34636;
k_addN(norm)=0.84448;
DSB_72h_fac(norm)=0.27929;
k_DSBO(norm)=0.00010;
k_DSBN(norm)=0.34066;
k_CyA(norm)=0.89901;
fVX(norm)=0.00010;
kf_ATR_MGMT_P(norm)=0.51813;
k_ATR(norm)=0.68864;
K_add(norm)=0.47806;
kd_pATR(norm)=1.00000;
k_Chk1(norm)=0.47328;
C_Chk1(norm)=0.48363;
pChk1_ref12_5_24h(norm)=0.42488;
pChk1_ref100_24h(norm)=0.47593;
pChk1_ref100_48h(norm)=0.43835;
kd_pChk1(norm)=0.29538;
k_cdc25(norm)=0.01514;
K_cdc25(norm)=0.28856;
kf_p53(norm)=0.45272;
k_p53(norm)=0.50418;
K_ATR(norm)=0.39960;
p53ser46_ref50_72h(norm)=0.43797;
kp_ser46(norm)=0.69652;
K_p53(norm)=1.00000;
upAsy(norm)=0.07388;
sness(norm)=0.63270;
k_apop(norm)=0.87726;
tED50(norm)=0.43106;
cell_pop_norm0_Jack_MGMT_P(norm)=0.62668;
k_dis(norm)=0.46339;

%%%%%%%%%

TMZout0_Ka_XTMZ=38.3947930568;
MGMT_P0=2.1628450962;
k_MGMT=27.6106208939;
k_addO=0.0084799116;
k_addN=0.1533972375;
DSB_72h_fac=0.8122343682;
k_DSBO=0.0001971407;
k_DSBN=0.0000321911;
k_CyA=3.1962399548;
fVX=0.0008663821;
kf_ATR_MGMT_P=0.0000102699;
k_ATR=0.0287872104;
K_add=0.0000741502;
kd_pATR=0.0038681418;
k_Chk1=305.1501291961;
C_Chk1=0.6897239018;
pChk1_ref12_5_24h=0.0074383881;
pChk1_ref100_24h=0.0077844940;
pChk1_ref100_48h=0.0093075451;
kd_pChk1=0.0493428471;
k_cdc25=142.6196537212;
K_cdc25=1.0823366382;
kf_p53=0.0005151980;
k_p53=30.5197512390;
K_ATR=0.0003950107;
p53ser46_ref50_72h=0.0004236413;
kp_ser46=3.6388024390;
K_p53=0.9167617528;
upAsy=0.1275324480;
sness=0.0039140867;
k_apop=0.0744188820;
tED50=332.7764964699;
cell_pop_norm0_Jack_MGMT_P=87.5331736210;
k_dis=0.0145549062;

%%%%%%%%%

cost=216.1061811970;

%%%%%%%%%

