TMZout0_Ka_XTMZ(norm)=0.38564;
MGMT_P0(norm)=0.78690;
k_MGMT(norm)=0.73029;
k_addO(norm)=0.61705;
k_addN(norm)=0.97324;
DSB_72h_fac(norm)=0.69152;
k_DSBO(norm)=0.70852;
k_DSBN(norm)=0.06535;
k_CyA(norm)=0.60823;
fVX(norm)=0.67278;
kf_ATR_MGMT_P(norm)=0.61175;
k_ATR(norm)=0.27554;
K_add(norm)=0.64631;
kd_pATR(norm)=0.25647;
k_Chk1(norm)=0.54158;
C_Chk1(norm)=0.58869;
pChk1_ref12_5_24h(norm)=0.48480;
pChk1_ref100_24h(norm)=0.48709;
pChk1_ref100_48h(norm)=0.50578;
kd_pChk1(norm)=0.55632;
k_cdc25(norm)=0.24355;
K_cdc25(norm)=0.72672;
kf_p53(norm)=0.37562;
k_p53(norm)=0.68057;
K_ATR(norm)=0.35692;
p53ser46_ref50_72h(norm)=0.45507;
kp_ser46(norm)=0.77601;
K_p53(norm)=0.79253;
upAsy(norm)=0.30016;
sness(norm)=0.83374;
k_apop(norm)=0.53301;
tED50(norm)=0.35049;
cell_pop_norm0_Jack_MGMT_P(norm)=0.14700;
k_dis(norm)=0.58323;

%%%%%%%%%

TMZout0_Ka_XTMZ=33.8696673852;
MGMT_P0=2.2261706847;
k_MGMT=47.3337581193;
k_addO=0.0112124816;
k_addN=0.1942281729;
DSB_72h_fac=1.1104997949;
k_DSBO=0.0003535164;
k_DSBN=0.0000266953;
k_CyA=2.1129594538;
fVX=0.0014798151;
kf_ATR_MGMT_P=0.0000111196;
k_ATR=0.0146299725;
K_add=0.0000764235;
kd_pATR=0.0024048647;
k_Chk1=419.6426533298;
C_Chk1=0.7474074010;
pChk1_ref12_5_24h=0.0065324177;
pChk1_ref100_24h=0.0065536593;
pChk1_ref100_48h=0.0078191696;
kd_pChk1=0.0765786845;
k_cdc25=221.5173526314;
K_cdc25=1.5101743617;
kf_p53=0.0005631177;
k_p53=32.5387958593;
K_ATR=0.0002838804;
p53ser46_ref50_72h=0.0004952152;
kp_ser46=5.0033238604;
K_p53=0.9855506224;
upAsy=0.2179056998;
sness=0.0048751467;
k_apop=0.0607637303;
tED50=335.7567068954;
cell_pop_norm0_Jack_MGMT_P=73.7680189332;
k_dis=0.0162300470;

%%%%%%%%%

cost=124.0227726922;

%%%%%%%%%

