TMZout0_Ka_XTMZ(norm)=0.90812;
MGMT_P0(norm)=0.90840;
k_MGMT(norm)=0.00010;
k_addO(norm)=1.00000;
k_addN(norm)=0.84607;
DSB_72h_fac(norm)=0.51504;
k_DSBO(norm)=0.00010;
k_DSBN(norm)=0.45881;
k_CyA(norm)=0.73643;
fVX(norm)=0.88379;
kf_ATR_MGMT_P(norm)=0.21653;
k_ATR(norm)=1.00000;
K_add(norm)=1.00000;
kd_pATR(norm)=0.51748;
k_Chk1(norm)=1.00000;
C_Chk1(norm)=0.14812;
pChk1_ref12_5_24h(norm)=0.36305;
pChk1_ref100_24h(norm)=0.65936;
pChk1_ref100_48h(norm)=0.75921;
kd_pChk1(norm)=0.91454;
k_cdc25(norm)=0.47518;
K_cdc25(norm)=0.58495;
kf_p53(norm)=1.00000;
k_p53(norm)=0.53819;
K_ATR(norm)=0.44482;
p53ser46_ref50_72h(norm)=1.00000;
kp_ser46(norm)=0.22577;
K_p53(norm)=0.47830;
upAsy(norm)=0.00010;
sness(norm)=0.55008;
k_apop(norm)=1.00000;
tED50(norm)=0.00010;
cell_pop_norm0_Jack_MGMT_P(norm)=0.99229;
k_dis(norm)=0.00010;

%%%%%%%%%

TMZout0_Ka_XTMZ=38.1859505273;
MGMT_P0=2.3616069846;
k_MGMT=28.5745592480;
k_addO=0.0157361294;
k_addN=0.1890507287;
DSB_72h_fac=0.9837264150;
k_DSBO=0.0001907665;
k_DSBN=0.0000331636;
k_CyA=2.3187151441;
fVX=0.0018162762;
kf_ATR_MGMT_P=0.0000079449;
k_ATR=0.0295416857;
K_add=0.0000996552;
kd_pATR=0.0036619126;
k_Chk1=682.5647593832;
C_Chk1=0.5137600384;
pChk1_ref12_5_24h=0.0063122399;
pChk1_ref100_24h=0.0081322687;
pChk1_ref100_48h=0.0100059552;
kd_pChk1=0.1079238359;
k_cdc25=219.7195268706;
K_cdc25=1.3485184305;
kf_p53=0.0009820586;
k_p53=35.6978467782;
K_ATR=0.0003683639;
p53ser46_ref50_72h=0.0007742483;
kp_ser46=2.8355729344;
K_p53=0.4837032839;
upAsy=0.1534735768;
sness=0.0040414896;
k_apop=0.0906739715;
tED50=226.9392185870;
cell_pop_norm0_Jack_MGMT_P=99.7253904844;
k_dis=0.0098752604;

%%%%%%%%%

cost=631.5850448876;

%%%%%%%%%

