TMZout0_Ka_XTMZ(norm)=0.06123;
MGMT_P0(norm)=0.43350;
k_MGMT(norm)=0.74150;
k_addO(norm)=0.02335;
k_addN(norm)=0.94454;
DSB_72h_fac(norm)=0.45405;
k_DSBO(norm)=0.43780;
k_DSBN(norm)=0.00010;
k_CyA(norm)=0.60112;
fVX(norm)=0.35578;
kf_ATR_MGMT_P(norm)=0.15155;
k_ATR(norm)=0.56659;
K_add(norm)=0.62192;
kd_pATR(norm)=0.58142;
k_Chk1(norm)=0.47628;
C_Chk1(norm)=1.00000;
pChk1_ref12_5_24h(norm)=0.13899;
pChk1_ref100_24h(norm)=0.49295;
pChk1_ref100_48h(norm)=0.61353;
kd_pChk1(norm)=0.54053;
k_cdc25(norm)=0.70648;
K_cdc25(norm)=0.43670;
kf_p53(norm)=0.84183;
k_p53(norm)=0.28035;
K_ATR(norm)=0.33486;
p53ser46_ref50_72h(norm)=0.00727;
kp_ser46(norm)=1.00000;
K_p53(norm)=0.00010;
upAsy(norm)=0.00010;
sness(norm)=0.77282;
k_apop(norm)=0.52354;
tED50(norm)=0.86150;
cell_pop_norm0_Jack_MGMT_P(norm)=0.49929;
k_dis(norm)=0.93560;

%%%%%%%%%

TMZout0_Ka_XTMZ=31.4388719503;
MGMT_P0=1.7578504281;
k_MGMT=53.5546538559;
k_addO=0.0068788046;
k_addN=0.2055010310;
DSB_72h_fac=0.9410219715;
k_DSBO=0.0002764166;
k_DSBN=0.0000224836;
k_CyA=2.0675616765;
fVX=0.0011611462;
kf_ATR_MGMT_P=0.0000075193;
k_ATR=0.0204620890;
K_add=0.0000723393;
kd_pATR=0.0038657826;
k_Chk1=437.9524878051;
C_Chk1=1.0573793404;
pChk1_ref12_5_24h=0.0052207727;
pChk1_ref100_24h=0.0070627793;
pChk1_ref100_48h=0.0088440556;
kd_pChk1=0.0786120158;
k_cdc25=267.2905919186;
K_cdc25=1.1893303533;
kf_p53=0.0008588828;
k_p53=28.6919894198;
K_ATR=0.0003355935;
p53ser46_ref50_72h=0.0003338713;
kp_ser46=5.4643701630;
K_p53=0.3225607171;
upAsy=0.1534735768;
sness=0.0048809376;
k_apop=0.0605561208;
tED50=470.8518742439;
cell_pop_norm0_Jack_MGMT_P=83.6448533163;
k_dis=0.0218168250;

%%%%%%%%%

cost=2685.3833194890;

%%%%%%%%%

