TMZout0_Ka_XTMZ(norm)=0.61673;
MGMT_P0(norm)=0.60269;
k_MGMT(norm)=0.14668;
k_addO(norm)=0.34735;
k_addN(norm)=0.30976;
DSB_72h_fac(norm)=0.16517;
k_DSBO(norm)=0.25147;
k_DSBN(norm)=0.28945;
k_CyA(norm)=0.96466;
fVX(norm)=0.55008;
kf_ATR_MGMT_P(norm)=0.43298;
k_ATR(norm)=0.59880;
K_add(norm)=0.42319;
kd_pATR(norm)=0.62714;
k_Chk1(norm)=0.79822;
C_Chk1(norm)=0.83216;
pChk1_ref12_5_24h(norm)=0.31092;
pChk1_ref100_24h(norm)=0.64714;
pChk1_ref100_48h(norm)=0.68734;
kd_pChk1(norm)=0.22575;
k_cdc25(norm)=0.58669;
K_cdc25(norm)=0.47694;
kf_p53(norm)=0.57723;
k_p53(norm)=0.74260;
K_ATR(norm)=0.50504;
p53ser46_ref50_72h(norm)=0.32374;
kp_ser46(norm)=0.45562;
K_p53(norm)=0.10382;
upAsy(norm)=0.72373;
sness(norm)=1.00000;
k_apop(norm)=0.92016;
tED50(norm)=0.57013;
cell_pop_norm0_Jack_MGMT_P(norm)=0.73636;
k_dis(norm)=0.70703;

%%%%%%%%%

TMZout0_Ka_XTMZ=35.7150665392;
MGMT_P0=1.9528267500;
k_MGMT=32.3531850224;
k_addO=0.0090518465;
k_addN=0.1200127927;
DSB_72h_fac=0.7626234248;
k_DSBO=0.0002360474;
k_DSBN=0.0000287304;
k_CyA=2.8134050907;
fVX=0.0013689433;
kf_ATR_MGMT_P=0.0000095441;
k_ATR=0.0210281915;
K_add=0.0000611293;
kd_pATR=0.0040184571;
k_Chk1=575.2969939847;
C_Chk1=0.9172125083;
pChk1_ref12_5_24h=0.0060394908;
pChk1_ref100_24h=0.0080485154;
pChk1_ref100_48h=0.0094148007;
kd_pChk1=0.0602085491;
k_cdc25=241.4920925396;
K_cdc25=1.2305847445;
kf_p53=0.0006863825;
k_p53=42.4480912445;
K_ATR=0.0003876459;
p53ser46_ref50_72h=0.0004365489;
kp_ser46=3.4452473439;
K_p53=0.3521921347;
upAsy=0.2833435896;
sness=0.0059169975;
k_apop=0.0847427671;
tED50=367.8485492596;
cell_pop_norm0_Jack_MGMT_P=91.0252555070;
k_dis=0.0179755806;

%%%%%%%%%

cost=266.0369012605;

%%%%%%%%%

