TMZout0_Ka_XTMZ(norm)=0.12170;
MGMT_P0(norm)=0.58059;
k_MGMT(norm)=0.78073;
k_addO(norm)=0.11176;
k_addN(norm)=0.84304;
DSB_72h_fac(norm)=0.53023;
k_DSBO(norm)=0.17669;
k_DSBN(norm)=0.24736;
k_CyA(norm)=0.30167;
fVX(norm)=0.08038;
kf_ATR_MGMT_P(norm)=0.99600;
k_ATR(norm)=0.68518;
K_add(norm)=0.35727;
kd_pATR(norm)=0.00010;
k_Chk1(norm)=0.27188;
C_Chk1(norm)=0.58100;
pChk1_ref12_5_24h(norm)=0.38124;
pChk1_ref100_24h(norm)=0.79800;
pChk1_ref100_48h(norm)=0.64826;
kd_pChk1(norm)=0.61125;
k_cdc25(norm)=0.81573;
K_cdc25(norm)=0.51678;
kf_p53(norm)=0.33183;
k_p53(norm)=0.55320;
K_ATR(norm)=0.35359;
p53ser46_ref50_72h(norm)=0.39189;
kp_ser46(norm)=0.68805;
K_p53(norm)=0.51830;
upAsy(norm)=0.74395;
sness(norm)=0.59400;
k_apop(norm)=0.62964;
tED50(norm)=0.53557;
cell_pop_norm0_Jack_MGMT_P(norm)=0.05407;
k_dis(norm)=0.07891;

%%%%%%%%%

TMZout0_Ka_XTMZ=31.8783640514;
MGMT_P0=1.9417415390;
k_MGMT=46.3139321988;
k_addO=0.0068165458;
k_addN=0.1425252439;
DSB_72h_fac=0.9798240386;
k_DSBO=0.0002292303;
k_DSBN=0.0000307331;
k_CyA=1.8424747558;
fVX=0.0008286662;
kf_ATR_MGMT_P=0.0000151499;
k_ATR=0.0267979658;
K_add=0.0000616636;
kd_pATR=0.0020601187;
k_Chk1=309.7110888747;
C_Chk1=0.7562862028;
pChk1_ref12_5_24h=0.0065253756;
pChk1_ref100_24h=0.0093041260;
pChk1_ref100_48h=0.0095542800;
kd_pChk1=0.0778366735;
k_cdc25=309.5724808214;
K_cdc25=1.2443036576;
kf_p53=0.0004766427;
k_p53=35.8297622670;
K_ATR=0.0003870816;
p53ser46_ref50_72h=0.0003980506;
kp_ser46=3.6732387346;
K_p53=0.5823230136;
upAsy=0.2848237273;
sness=0.0038387580;
k_apop=0.0685748647;
tED50=418.6441157423;
cell_pop_norm0_Jack_MGMT_P=71.3630177217;
k_dis=0.0106349410;

%%%%%%%%%

cost=634.0834661341;

%%%%%%%%%

