TMZout0_Ka_XTMZ(norm)=0.74236;
MGMT_P0(norm)=0.29437;
k_MGMT(norm)=0.00010;
k_addO(norm)=0.58848;
k_addN(norm)=0.50457;
DSB_72h_fac(norm)=0.40321;
k_DSBO(norm)=0.69523;
k_DSBN(norm)=0.45221;
k_CyA(norm)=0.54149;
fVX(norm)=0.28562;
kf_ATR_MGMT_P(norm)=0.59597;
k_ATR(norm)=0.74413;
K_add(norm)=0.67989;
kd_pATR(norm)=0.49094;
k_Chk1(norm)=0.74872;
C_Chk1(norm)=0.57088;
pChk1_ref12_5_24h(norm)=0.50506;
pChk1_ref100_24h(norm)=0.72237;
pChk1_ref100_48h(norm)=0.61972;
kd_pChk1(norm)=0.07438;
k_cdc25(norm)=0.82226;
K_cdc25(norm)=0.26125;
kf_p53(norm)=0.87756;
k_p53(norm)=0.33178;
K_ATR(norm)=0.37142;
p53ser46_ref50_72h(norm)=0.72873;
kp_ser46(norm)=0.82422;
K_p53(norm)=0.27462;
upAsy(norm)=0.48591;
sness(norm)=0.79174;
k_apop(norm)=0.65907;
tED50(norm)=0.15203;
cell_pop_norm0_Jack_MGMT_P(norm)=0.32703;
k_dis(norm)=0.70379;

%%%%%%%%%

TMZout0_Ka_XTMZ=36.7601193576;
MGMT_P0=1.6341611991;
k_MGMT=23.9032587359;
k_addO=0.0102091020;
k_addN=0.1069905221;
DSB_72h_fac=0.8896931535;
k_DSBO=0.0003556976;
k_DSBN=0.0000365582;
k_CyA=2.2576185540;
fVX=0.0009860639;
kf_ATR_MGMT_P=0.0000107946;
k_ATR=0.0281703455;
K_add=0.0000810484;
kd_pATR=0.0031225583;
k_Chk1=463.8990431957;
C_Chk1=0.7498285580;
pChk1_ref12_5_24h=0.0072471396;
pChk1_ref100_24h=0.0087265436;
pChk1_ref100_48h=0.0093259473;
kd_pChk1=0.0493886507;
k_cdc25=311.2903680680;
K_cdc25=1.0020631042;
kf_p53=0.0007568461;
k_p53=29.7005927288;
K_ATR=0.0003929744;
p53ser46_ref50_72h=0.0005295240;
kp_ser46=4.1224493808;
K_p53=0.4736882248;
upAsy=0.2288895236;
sness=0.0045389577;
k_apop=0.0703063432;
tED50=302.4896354983;
cell_pop_norm0_Jack_MGMT_P=78.6602700447;
k_dis=0.0180582464;

%%%%%%%%%

cost=333.9483231856;

%%%%%%%%%

