TMZout0_Ka_XTMZ(norm)=0.72055;
MGMT_P0(norm)=0.94123;
k_MGMT(norm)=0.56373;
k_addO(norm)=0.50706;
k_addN(norm)=0.11652;
DSB_72h_fac(norm)=0.75596;
k_DSBO(norm)=0.60051;
k_DSBN(norm)=0.91892;
k_CyA(norm)=0.39116;
fVX(norm)=0.59873;
kf_ATR_MGMT_P(norm)=0.60211;
k_ATR(norm)=0.68818;
K_add(norm)=0.49615;
kd_pATR(norm)=0.95800;
k_Chk1(norm)=0.46796;
C_Chk1(norm)=0.59711;
pChk1_ref12_5_24h(norm)=0.55883;
pChk1_ref100_24h(norm)=0.56879;
pChk1_ref100_48h(norm)=0.59294;
kd_pChk1(norm)=0.57114;
k_cdc25(norm)=0.06082;
K_cdc25(norm)=0.64439;
kf_p53(norm)=0.94188;
k_p53(norm)=0.82857;
K_ATR(norm)=0.75401;
p53ser46_ref50_72h(norm)=0.94742;
kp_ser46(norm)=0.54680;
K_p53(norm)=0.95287;
upAsy(norm)=0.31799;
sness(norm)=0.08439;
k_apop(norm)=0.56699;
tED50(norm)=0.26100;
cell_pop_norm0_Jack_MGMT_P(norm)=0.16505;
k_dis(norm)=0.62631;

%%%%%%%%%

TMZout0_Ka_XTMZ=36.5765698535;
MGMT_P0=2.4212886067;
k_MGMT=41.1036347589;
k_addO=0.0102147592;
k_addN=0.0939851464;
DSB_72h_fac=1.1655598744;
k_DSBO=0.0003226008;
k_DSBN=0.0000550211;
k_CyA=1.7579849048;
fVX=0.0013898164;
kf_ATR_MGMT_P=0.0000110291;
k_ATR=0.0207532200;
K_add=0.0000672933;
kd_pATR=0.0043574945;
k_Chk1=394.2662809103;
C_Chk1=0.7527560281;
pChk1_ref12_5_24h=0.0069552916;
pChk1_ref100_24h=0.0070233893;
pChk1_ref100_48h=0.0084185156;
kd_pChk1=0.0775457597;
k_cdc25=189.7436342549;
K_cdc25=1.4084229458;
kf_p53=0.0009098456;
k_p53=36.8858502168;
K_ATR=0.0003974232;
p53ser46_ref50_72h=0.0007515639;
kp_ser46=4.1201654109;
K_p53=1.1289652016;
upAsy=0.2212227175;
sness=0.0025837123;
k_apop=0.0625386707;
tED50=311.2384872182;
cell_pop_norm0_Jack_MGMT_P=74.2446612887;
k_dis=0.0168334066;

%%%%%%%%%

cost=123.3526173495;

%%%%%%%%%

