TMZout0_Ka_XTMZ(norm)=0.42384;
MGMT_P0(norm)=0.76416;
k_MGMT(norm)=0.45739;
k_addO(norm)=1.00000;
k_addN(norm)=0.30579;
DSB_72h_fac(norm)=0.26010;
k_DSBO(norm)=0.19503;
k_DSBN(norm)=0.55095;
k_CyA(norm)=0.62593;
fVX(norm)=0.52400;
kf_ATR_MGMT_P(norm)=0.69312;
k_ATR(norm)=0.20735;
K_add(norm)=0.31130;
kd_pATR(norm)=0.11388;
k_Chk1(norm)=0.34221;
C_Chk1(norm)=0.40149;
pChk1_ref12_5_24h(norm)=0.12469;
pChk1_ref100_24h(norm)=0.34083;
pChk1_ref100_48h(norm)=0.75511;
kd_pChk1(norm)=1.00000;
k_cdc25(norm)=0.43213;
K_cdc25(norm)=0.31911;
kf_p53(norm)=0.55838;
k_p53(norm)=0.39874;
K_ATR(norm)=0.40270;
p53ser46_ref50_72h(norm)=0.47269;
kp_ser46(norm)=0.86166;
K_p53(norm)=0.46968;
upAsy(norm)=0.53266;
sness(norm)=0.49685;
k_apop(norm)=0.85009;
tED50(norm)=0.63629;
cell_pop_norm0_Jack_MGMT_P(norm)=0.14616;
k_dis(norm)=0.50693;

%%%%%%%%%

TMZout0_Ka_XTMZ=34.1680507156;
MGMT_P0=2.1590410861;
k_MGMT=42.0970784055;
k_addO=0.0157361294;
k_addN=0.1196104265;
DSB_72h_fac=0.8171689870;
k_DSBO=0.0002250255;
k_DSBN=0.0000358564;
k_CyA=2.1114886363;
fVX=0.0013390220;
kf_ATR_MGMT_P=0.0000118976;
k_ATR=0.0150924110;
K_add=0.0000555998;
kd_pATR=0.0026013228;
k_Chk1=390.9245690704;
C_Chk1=0.6367855268;
pChk1_ref12_5_24h=0.0051579138;
pChk1_ref100_24h=0.0062086654;
pChk1_ref100_48h=0.0099712520;
kd_pChk1=0.1160280820;
k_cdc25=211.8504026123;
K_cdc25=1.0765475311;
kf_p53=0.0006755121;
k_p53=31.7193932560;
K_ATR=0.0003554500;
p53ser46_ref50_72h=0.0004952706;
kp_ser46=4.8599588543;
K_p53=0.4801803465;
upAsy=0.2409932238;
sness=0.0038632478;
k_apop=0.0798578852;
tED50=389.0570419422;
cell_pop_norm0_Jack_MGMT_P=73.7459961764;
k_dis=0.0151722024;

%%%%%%%%%

cost=235.4526027812;

%%%%%%%%%

