TMZout0_Ka_XTMZ(norm)=0.31305;
MGMT_P0(norm)=0.41683;
k_MGMT(norm)=0.68885;
k_addO(norm)=0.34570;
k_addN(norm)=0.75594;
DSB_72h_fac(norm)=0.77465;
k_DSBO(norm)=0.71004;
k_DSBN(norm)=0.63752;
k_CyA(norm)=0.26684;
fVX(norm)=0.01667;
kf_ATR_MGMT_P(norm)=0.54141;
k_ATR(norm)=0.38810;
K_add(norm)=0.60125;
kd_pATR(norm)=0.70992;
k_Chk1(norm)=0.61714;
C_Chk1(norm)=0.46957;
pChk1_ref12_5_24h(norm)=0.14682;
pChk1_ref100_24h(norm)=0.50748;
pChk1_ref100_48h(norm)=0.65028;
kd_pChk1(norm)=0.36861;
k_cdc25(norm)=0.65769;
K_cdc25(norm)=0.91250;
kf_p53(norm)=0.49401;
k_p53(norm)=0.77262;
K_ATR(norm)=0.18741;
p53ser46_ref50_72h(norm)=0.41930;
kp_ser46(norm)=0.51824;
K_p53(norm)=0.06957;
upAsy(norm)=0.46604;
sness(norm)=0.46475;
k_apop(norm)=0.93523;
tED50(norm)=0.62966;
cell_pop_norm0_Jack_MGMT_P(norm)=0.46690;
k_dis(norm)=0.60309;

%%%%%%%%%

TMZout0_Ka_XTMZ=33.3099158870;
MGMT_P0=1.7397264252;
k_MGMT=51.2181148858;
k_addO=0.0090391830;
k_addN=0.1751511680;
DSB_72h_fac=1.1882648176;
k_DSBO=0.0003481310;
k_DSBN=0.0000385853;
k_CyA=1.5575816532;
fVX=0.0008711680;
kf_ATR_MGMT_P=0.0000104624;
k_ATR=0.0175901706;
K_add=0.0000710834;
kd_pATR=0.0043104335;
k_Chk1=493.4681534962;
C_Chk1=0.6745970266;
pChk1_ref12_5_24h=0.0052555482;
pChk1_ref100_24h=0.0071502814;
pChk1_ref100_48h=0.0091237788;
kd_pChk1=0.0679555274;
k_cdc25=256.4650888610;
K_cdc25=1.7798690730;
kf_p53=0.0006396549;
k_p53=43.5417081581;
K_ATR=0.0002961802;
p53ser46_ref50_72h=0.0004733661;
kp_ser46=3.6329728869;
K_p53=0.3421175657;
upAsy=0.2277667666;
sness=0.0037596080;
k_apop=0.0858319808;
tED50=386.8769311494;
cell_pop_norm0_Jack_MGMT_P=82.6841958066;
k_dis=0.0164601682;

%%%%%%%%%

cost=188.4265298969;

%%%%%%%%%

