TMZout0_Ka_XTMZ(norm)=0.71823;
MGMT_P0(norm)=1.00000;
k_MGMT(norm)=0.60415;
k_addO(norm)=0.73456;
k_addN(norm)=0.56052;
DSB_72h_fac(norm)=0.45926;
k_DSBO(norm)=0.59396;
k_DSBN(norm)=0.56424;
k_CyA(norm)=0.35990;
fVX(norm)=0.56565;
kf_ATR_MGMT_P(norm)=1.00000;
k_ATR(norm)=0.48722;
K_add(norm)=1.00000;
kd_pATR(norm)=0.25759;
k_Chk1(norm)=0.57777;
C_Chk1(norm)=0.00010;
pChk1_ref12_5_24h(norm)=0.00010;
pChk1_ref100_24h(norm)=0.43144;
pChk1_ref100_48h(norm)=0.18543;
kd_pChk1(norm)=0.74010;
k_cdc25(norm)=0.25499;
K_cdc25(norm)=0.66633;
kf_p53(norm)=0.79309;
k_p53(norm)=1.00000;
K_ATR(norm)=0.28775;
p53ser46_ref50_72h(norm)=0.51691;
kp_ser46(norm)=0.00010;
K_p53(norm)=0.80325;
upAsy(norm)=0.29174;
sness(norm)=0.44898;
k_apop(norm)=0.75043;
tED50(norm)=0.43211;
cell_pop_norm0_Jack_MGMT_P(norm)=0.46368;
k_dis(norm)=0.45821;

%%%%%%%%%

TMZout0_Ka_XTMZ=36.5570650705;
MGMT_P0=2.5000000000;
k_MGMT=41.2446529453;
k_addO=0.0117825909;
k_addN=0.1205941625;
DSB_72h_fac=0.9305161235;
k_DSBO=0.0003260655;
k_DSBN=0.0000389051;
k_CyA=2.0242259125;
fVX=0.0013990056;
kf_ATR_MGMT_P=0.0000154484;
k_ATR=0.0242708021;
K_add=0.0001153919;
kd_pATR=0.0020621223;
k_Chk1=333.3984082482;
C_Chk1=0.4578752058;
pChk1_ref12_5_24h=0.0051900075;
pChk1_ref100_24h=0.0074965268;
pChk1_ref100_48h=0.0075121876;
kd_pChk1=0.0719234789;
k_cdc25=174.7591827154;
K_cdc25=1.4906427427;
kf_p53=0.0006874211;
k_p53=46.4549530956;
K_ATR=0.0003592963;
p53ser46_ref50_72h=0.0004529470;
kp_ser46=2.0169326412;
K_p53=0.7759914927;
upAsy=0.1533857096;
sness=0.0033498567;
k_apop=0.0668368617;
tED50=333.0722798192;
cell_pop_norm0_Jack_MGMT_P=82.5891701162;
k_dis=0.0144910933;

%%%%%%%%%

cost=264.8695785025;

%%%%%%%%%

