TMZout0_Ka_XTMZ(norm)=0.36971;
MGMT_P0(norm)=0.56392;
k_MGMT(norm)=0.58306;
k_addO(norm)=0.78250;
k_addN(norm)=0.53259;
DSB_72h_fac(norm)=0.39264;
k_DSBO(norm)=0.39729;
k_DSBN(norm)=0.47233;
k_CyA(norm)=0.83306;
fVX(norm)=0.73385;
kf_ATR_MGMT_P(norm)=0.69580;
k_ATR(norm)=0.59742;
K_add(norm)=0.75829;
kd_pATR(norm)=0.62522;
k_Chk1(norm)=1.00000;
C_Chk1(norm)=0.64109;
pChk1_ref12_5_24h(norm)=0.30561;
pChk1_ref100_24h(norm)=0.36607;
pChk1_ref100_48h(norm)=0.83542;
kd_pChk1(norm)=0.64494;
k_cdc25(norm)=0.04469;
K_cdc25(norm)=0.27026;
kf_p53(norm)=0.31819;
k_p53(norm)=0.79765;
K_ATR(norm)=0.58385;
p53ser46_ref50_72h(norm)=0.00010;
kp_ser46(norm)=0.28342;
K_p53(norm)=0.00010;
upAsy(norm)=0.38231;
sness(norm)=0.70717;
k_apop(norm)=0.57889;
tED50(norm)=0.75662;
cell_pop_norm0_Jack_MGMT_P(norm)=0.84820;
k_dis(norm)=0.33581;

%%%%%%%%%

TMZout0_Ka_XTMZ=33.7460076790;
MGMT_P0=1.9063166563;
k_MGMT=46.8270733674;
k_addO=0.0130876600;
k_addN=0.1449515879;
DSB_72h_fac=0.8999031352;
k_DSBO=0.0002670906;
k_DSBN=0.0000335455;
k_CyA=2.5165600027;
fVX=0.0015995974;
kf_ATR_MGMT_P=0.0000119246;
k_ATR=0.0210037476;
K_add=0.0000812002;
kd_pATR=0.0040119486;
k_Chk1=682.5647593832;
C_Chk1=0.7801202317;
pChk1_ref12_5_24h=0.0060124080;
pChk1_ref100_24h=0.0063428914;
pChk1_ref100_48h=0.0106733880;
kd_pChk1=0.0858832516;
k_cdc25=152.5669575513;
K_cdc25=1.0328986505;
kf_p53=0.0005511222;
k_p53=44.4751658076;
K_ATR=0.0004144161;
p53ser46_ref50_72h=0.0003318488;
kp_ser46=2.9775203482;
K_p53=0.3225607171;
upAsy=0.2121674201;
sness=0.0046168733;
k_apop=0.0634635209;
tED50=430.8139814200;
cell_pop_norm0_Jack_MGMT_P=94.7295262165;
k_dis=0.0131245271;

%%%%%%%%%

cost=242.2503394372;

%%%%%%%%%

