TMZout0_Ka_XTMZ(norm)=0.62125;
MGMT_P0(norm)=0.91164;
k_MGMT(norm)=0.31679;
k_addO(norm)=0.63710;
k_addN(norm)=0.89940;
DSB_72h_fac(norm)=0.63191;
k_DSBO(norm)=0.52296;
k_DSBN(norm)=0.81928;
k_CyA(norm)=0.80612;
fVX(norm)=0.52796;
kf_ATR_MGMT_P(norm)=0.57402;
k_ATR(norm)=0.55475;
K_add(norm)=0.58877;
kd_pATR(norm)=0.83390;
k_Chk1(norm)=0.89260;
C_Chk1(norm)=0.64668;
pChk1_ref12_5_24h(norm)=0.36769;
pChk1_ref100_24h(norm)=0.40368;
pChk1_ref100_48h(norm)=0.37765;
kd_pChk1(norm)=0.99662;
k_cdc25(norm)=0.22750;
K_cdc25(norm)=0.45839;
kf_p53(norm)=0.85526;
k_p53(norm)=0.67609;
K_ATR(norm)=0.60991;
p53ser46_ref50_72h(norm)=0.79540;
kp_ser46(norm)=0.62305;
K_p53(norm)=0.27342;
upAsy(norm)=0.53823;
sness(norm)=0.90328;
k_apop(norm)=0.84115;
tED50(norm)=0.16936;
cell_pop_norm0_Jack_MGMT_P(norm)=0.15872;
k_dis(norm)=0.61654;

%%%%%%%%%

TMZout0_Ka_XTMZ=35.7521699162;
MGMT_P0=2.3525620804;
k_MGMT=40.4788615181;
k_addO=0.0108138068;
k_addN=0.1881966750;
DSB_72h_fac=1.0386605311;
k_DSBO=0.0003472338;
k_DSBN=0.0000431849;
k_CyA=3.3452285527;
fVX=0.0013852131;
kf_ATR_MGMT_P=0.0000108041;
k_ATR=0.0274737154;
K_add=0.0000907326;
kd_pATR=0.0024501893;
k_Chk1=413.5762750296;
C_Chk1=0.7952557720;
pChk1_ref12_5_24h=0.0073505320;
pChk1_ref100_24h=0.0076227224;
pChk1_ref100_48h=0.0090120933;
kd_pChk1=0.0863569221;
k_cdc25=156.5639660882;
K_cdc25=1.2278127298;
kf_p53=0.0005925473;
k_p53=33.0090055800;
K_ATR=0.0004966696;
p53ser46_ref50_72h=0.0004608762;
kp_ser46=3.1907941137;
K_p53=0.4486155944;
upAsy=0.2703987642;
sness=0.0070338303;
k_apop=0.0766539327;
tED50=290.7405719530;
cell_pop_norm0_Jack_MGMT_P=74.0770733481;
k_dis=0.0161296643;

%%%%%%%%%

cost=124.2000665891;

%%%%%%%%%

