TMZout0_Ka_XTMZ(norm)=0.75000;
MGMT_P0(norm)=0.75000;
k_MGMT(norm)=0.25000;
k_addO(norm)=0.75000;
k_addN(norm)=0.50000;
DSB_72h_fac(norm)=0.25000;
k_DSBO(norm)=0.25000;
k_DSBN(norm)=0.50000;
k_CyA(norm)=0.75000;
fVX(norm)=0.75000;
kf_ATR_MGMT_P(norm)=0.25000;
k_ATR(norm)=0.75000;
K_add(norm)=0.75000;
kd_pATR(norm)=0.50000;
k_Chk1(norm)=0.75000;
C_Chk1(norm)=0.25000;
pChk1_ref12_5_24h(norm)=0.50000;
pChk1_ref100_24h(norm)=0.75000;
pChk1_ref100_48h(norm)=0.75000;
kd_pChk1(norm)=0.75000;
k_cdc25(norm)=0.50000;
K_cdc25(norm)=0.25000;
kf_p53(norm)=0.75000;
k_p53(norm)=0.75000;
K_ATR(norm)=0.75000;
p53ser46_ref50_72h(norm)=0.75000;
kp_ser46(norm)=0.75000;
K_p53(norm)=0.50000;
upAsy(norm)=0.50000;
sness(norm)=0.25000;
k_apop(norm)=0.75000;
tED50(norm)=0.25000;
cell_pop_norm0_Jack_MGMT_P(norm)=0.25000;
k_dis(norm)=0.25000;

%%%%%%%%%

TMZout0_Ka_XTMZ=36.8246712783;
MGMT_P0=2.1049932290;
k_MGMT=38.2518041868;
k_addO=0.0118993542;
k_addN=0.1341660223;
DSB_72h_fac=0.7619992057;
k_DSBO=0.0002755365;
k_DSBN=0.0000329492;
k_CyA=3.1898846653;
fVX=0.0016719507;
kf_ATR_MGMT_P=0.0000082103;
k_ATR=0.0324163722;
K_add=0.0001040145;
kd_pATR=0.0018464240;
k_Chk1=366.5077489871;
C_Chk1=0.5682499130;
pChk1_ref12_5_24h=0.0082225399;
pChk1_ref100_24h=0.0102222503;
pChk1_ref100_48h=0.0123550218;
kd_pChk1=0.0700722639;
k_cdc25=197.2260424562;
K_cdc25=1.0290822506;
kf_p53=0.0005419901;
k_p53=35.1422471925;
K_ATR=0.0005592632;
p53ser46_ref50_72h=0.0004434843;
kp_ser46=3.5531630794;
K_p53=0.5435634874;
upAsy=0.2617800103;
sness=0.0040438823;
k_apop=0.0709566828;
tED50=311.3008881709;
cell_pop_norm0_Jack_MGMT_P=76.5285579750;
k_dis=0.0118234999;

%%%%%%%%%

cost=124.2000665891;

%%%%%%%%%

