TMZout0_Ka_XTMZ(norm)=0.48826;
MGMT_P0(norm)=0.97241;
k_MGMT(norm)=0.33869;
k_addO(norm)=0.57272;
k_addN(norm)=0.78009;
DSB_72h_fac(norm)=0.76356;
k_DSBO(norm)=0.68716;
k_DSBN(norm)=0.38852;
k_CyA(norm)=0.47965;
fVX(norm)=0.99234;
kf_ATR_MGMT_P(norm)=0.59781;
k_ATR(norm)=0.36455;
K_add(norm)=0.61270;
kd_pATR(norm)=0.51413;
k_Chk1(norm)=0.63554;
C_Chk1(norm)=0.61432;
pChk1_ref12_5_24h(norm)=0.49451;
pChk1_ref100_24h(norm)=0.49804;
pChk1_ref100_48h(norm)=0.51261;
kd_pChk1(norm)=0.64928;
k_cdc25(norm)=0.72778;
K_cdc25(norm)=0.65023;
kf_p53(norm)=0.67532;
k_p53(norm)=0.34699;
K_ATR(norm)=0.22559;
p53ser46_ref50_72h(norm)=0.73776;
kp_ser46(norm)=0.79315;
K_p53(norm)=0.19775;
upAsy(norm)=0.68403;
sness(norm)=0.40981;
k_apop(norm)=0.62009;
tED50(norm)=0.68261;
cell_pop_norm0_Jack_MGMT_P(norm)=0.15851;
k_dis(norm)=0.61567;

%%%%%%%%%

TMZout0_Ka_XTMZ=34.6770684312;
MGMT_P0=2.4574900200;
k_MGMT=38.0691719561;
k_addO=0.0109564602;
k_addN=0.1787724191;
DSB_72h_fac=1.1787142256;
k_DSBO=0.0003414489;
k_DSBN=0.0000312461;
k_CyA=1.8653466538;
fVX=0.0019912520;
kf_ATR_MGMT_P=0.0000109746;
k_ATR=0.0172426118;
K_add=0.0000717769;
kd_pATR=0.0036515378;
k_Chk1=501.2237522662;
C_Chk1=0.7626250443;
pChk1_ref12_5_24h=0.0070559685;
pChk1_ref100_24h=0.0070933441;
pChk1_ref100_48h=0.0081192185;
kd_pChk1=0.0861997663;
k_cdc25=272.1584406475;
K_cdc25=1.4252114337;
kf_p53=0.0007458708;
k_p53=30.3587178931;
K_ATR=0.0003059176;
p53ser46_ref50_72h=0.0006199882;
kp_ser46=4.5858872562;
K_p53=0.3813670909;
upAsy=0.2739709844;
sness=0.0035885999;
k_apop=0.0657181867;
tED50=404.6304819280;
cell_pop_norm0_Jack_MGMT_P=74.0715582181;
k_dis=0.0166365831;

%%%%%%%%%

cost=123.1343765842;

%%%%%%%%%

