TMZout0_Ka_XTMZ(norm)=0.34331;
MGMT_P0(norm)=0.37957;
k_MGMT(norm)=0.09921;
k_addO(norm)=0.29242;
k_addN(norm)=0.45892;
DSB_72h_fac(norm)=0.16933;
k_DSBO(norm)=0.38315;
k_DSBN(norm)=0.34583;
k_CyA(norm)=0.89204;
fVX(norm)=0.16401;
kf_ATR_MGMT_P(norm)=0.51876;
k_ATR(norm)=0.69394;
K_add(norm)=0.46404;
kd_pATR(norm)=0.21833;
k_Chk1(norm)=0.84274;
C_Chk1(norm)=0.19379;
pChk1_ref12_5_24h(norm)=0.02733;
pChk1_ref100_24h(norm)=0.93860;
pChk1_ref100_48h(norm)=0.93668;
kd_pChk1(norm)=0.42427;
k_cdc25(norm)=0.33202;
K_cdc25(norm)=0.53839;
kf_p53(norm)=0.73305;
k_p53(norm)=0.48141;
K_ATR(norm)=0.39338;
p53ser46_ref50_72h(norm)=0.56187;
kp_ser46(norm)=0.18359;
K_p53(norm)=0.68418;
upAsy(norm)=0.36059;
sness(norm)=0.60629;
k_apop(norm)=0.28671;
tED50(norm)=0.81084;
cell_pop_norm0_Jack_MGMT_P(norm)=0.43446;
k_dis(norm)=0.47088;

%%%%%%%%%

TMZout0_Ka_XTMZ=33.5421698516;
MGMT_P0=1.7202415035;
k_MGMT=25.9972856917;
k_addO=0.0079441104;
k_addN=0.1029307694;
DSB_72h_fac=0.7448730764;
k_DSBO=0.0002730501;
k_DSBN=0.0000334072;
k_CyA=3.0384012026;
fVX=0.0008895168;
kf_ATR_MGMT_P=0.0000101111;
k_ATR=0.0269975033;
K_add=0.0000675017;
kd_pATR=0.0024785385;
k_Chk1=502.3671495587;
C_Chk1=0.5447576383;
pChk1_ref12_5_24h=0.0048347613;
pChk1_ref100_24h=0.0104811799;
pChk1_ref100_48h=0.0121991680;
kd_pChk1=0.0664323431;
k_cdc25=205.4794769074;
K_cdc25=1.2672905530;
kf_p53=0.0006696266;
k_p53=33.7150344690;
K_ATR=0.0004003559;
p53ser46_ref50_72h=0.0004597106;
kp_ser46=2.3956146559;
K_p53=0.6701980333;
upAsy=0.2058313167;
sness=0.0038789420;
k_apop=0.0512831887;
tED50=528.6130610665;
cell_pop_norm0_Jack_MGMT_P=81.7327773654;
k_dis=0.0148241465;

%%%%%%%%%

cost=250.0422121273;

%%%%%%%%%

