TMZout0_Ka_XTMZ(norm)=0.00010;
MGMT_P0(norm)=0.00010;
k_MGMT(norm)=0.48178;
k_addO(norm)=0.11040;
k_addN(norm)=0.83416;
DSB_72h_fac(norm)=0.49983;
k_DSBO(norm)=0.60762;
k_DSBN(norm)=0.37271;
k_CyA(norm)=0.00010;
fVX(norm)=0.45419;
kf_ATR_MGMT_P(norm)=1.00000;
k_ATR(norm)=0.28087;
K_add(norm)=0.30940;
kd_pATR(norm)=0.90070;
k_Chk1(norm)=0.11702;
C_Chk1(norm)=0.64048;
pChk1_ref12_5_24h(norm)=0.39751;
pChk1_ref100_24h(norm)=0.41759;
pChk1_ref100_48h(norm)=0.25591;
kd_pChk1(norm)=0.50480;
k_cdc25(norm)=0.49601;
K_cdc25(norm)=0.40160;
kf_p53(norm)=0.00010;
k_p53(norm)=0.16196;
K_ATR(norm)=0.09719;
p53ser46_ref50_72h(norm)=1.00000;
kp_ser46(norm)=1.00000;
K_p53(norm)=0.45487;
upAsy(norm)=0.26648;
sness(norm)=0.51073;
k_apop(norm)=0.01391;
tED50(norm)=1.00000;
cell_pop_norm0_Jack_MGMT_P(norm)=0.43596;
k_dis(norm)=0.58965;

%%%%%%%%%

TMZout0_Ka_XTMZ=31.0007116889;
MGMT_P0=1.3686497659;
k_MGMT=35.9503741749;
k_addO=0.0068087335;
k_addN=0.1414575648;
DSB_72h_fac=0.9574545808;
k_DSBO=0.0003302509;
k_DSBN=0.0000341769;
k_CyA=1.4270282445;
fVX=0.0011374567;
kf_ATR_MGMT_P=0.0000152013;
k_ATR=0.0190250149;
K_add=0.0000592125;
kd_pATR=0.0044186794;
k_Chk1=271.6269972741;
C_Chk1=0.7953820604;
pChk1_ref12_5_24h=0.0066159135;
pChk1_ref100_24h=0.0067404743;
pChk1_ref100_48h=0.0068520748;
kd_pChk1=0.0711236273;
k_cdc25=236.1081786325;
K_cdc25=1.1286037610;
kf_p53=0.0003598524;
k_p53=25.7203226758;
K_ATR=0.0003114990;
p53ser46_ref50_72h=0.0006663572;
kp_ser46=4.7845179616;
K_p53=0.5518493324;
upAsy=0.1900552005;
sness=0.0035772541;
k_apop=0.0406996848;
tED50=620.5013381717;
cell_pop_norm0_Jack_MGMT_P=81.7765533282;
k_dis=0.0163936292;

%%%%%%%%%

cost=384.9674502504;

%%%%%%%%%

