TMZout0_Ka_XTMZ(norm)=0.64391;
MGMT_P0(norm)=0.74554;
k_MGMT(norm)=0.43650;
k_addO(norm)=0.46408;
k_addN(norm)=0.81029;
DSB_72h_fac(norm)=0.70879;
k_DSBO(norm)=0.49305;
k_DSBN(norm)=0.43096;
k_CyA(norm)=0.46175;
fVX(norm)=0.85006;
kf_ATR_MGMT_P(norm)=0.94927;
k_ATR(norm)=0.10507;
K_add(norm)=0.37262;
kd_pATR(norm)=0.44014;
k_Chk1(norm)=0.44645;
C_Chk1(norm)=1.00000;
pChk1_ref12_5_24h(norm)=0.44958;
pChk1_ref100_24h(norm)=0.52445;
pChk1_ref100_48h(norm)=0.87614;
kd_pChk1(norm)=0.69911;
k_cdc25(norm)=0.79596;
K_cdc25(norm)=0.52233;
kf_p53(norm)=0.12332;
k_p53(norm)=0.52451;
K_ATR(norm)=0.24313;
p53ser46_ref50_72h(norm)=0.35579;
kp_ser46(norm)=0.41393;
K_p53(norm)=0.39726;
upAsy(norm)=0.01968;
sness(norm)=0.20785;
k_apop(norm)=0.80121;
tED50(norm)=0.86736;
cell_pop_norm0_Jack_MGMT_P(norm)=0.16077;
k_dis(norm)=0.64854;

%%%%%%%%%

TMZout0_Ka_XTMZ=35.9385989669;
MGMT_P0=2.1341983182;
k_MGMT=41.3585990096;
k_addO=0.0099928687;
k_addN=0.1834057957;
DSB_72h_fac=1.1326678274;
k_DSBO=0.0002896651;
k_DSBN=0.0000323902;
k_CyA=1.8372610102;
fVX=0.0017651081;
kf_ATR_MGMT_P=0.0000147815;
k_ATR=0.0138395759;
K_add=0.0000585653;
kd_pATR=0.0034296524;
k_Chk1=427.0219599080;
C_Chk1=1.0573793404;
pChk1_ref12_5_24h=0.0067924024;
pChk1_ref100_24h=0.0072538442;
pChk1_ref100_48h=0.0110480571;
kd_pChk1=0.0899174140;
k_cdc25=288.3431198337;
K_cdc25=1.2788332108;
kf_p53=0.0004672390;
k_p53=35.2863469322;
K_ATR=0.0003104975;
p53ser46_ref50_72h=0.0004485668;
kp_ser46=3.3256624427;
K_p53=0.4516032244;
upAsy=0.1560402959;
sness=0.0030241866;
k_apop=0.0766179921;
tED50=473.1946414205;
cell_pop_norm0_Jack_MGMT_P=74.1312071250;
k_dis=0.0171063929;

%%%%%%%%%

cost=232.8096694467;

%%%%%%%%%

