TMZout0_Ka_XTMZ(norm)=0.39142;
MGMT_P0(norm)=0.55458;
k_MGMT(norm)=0.74234;
k_addO(norm)=0.55334;
k_addN(norm)=0.36015;
DSB_72h_fac(norm)=0.51582;
k_DSBO(norm)=0.84520;
k_DSBN(norm)=0.80564;
k_CyA(norm)=0.54010;
fVX(norm)=0.41010;
kf_ATR_MGMT_P(norm)=0.96979;
k_ATR(norm)=0.34891;
K_add(norm)=0.57305;
kd_pATR(norm)=0.72783;
k_Chk1(norm)=0.26470;
C_Chk1(norm)=0.58253;
pChk1_ref12_5_24h(norm)=0.34745;
pChk1_ref100_24h(norm)=0.42950;
pChk1_ref100_48h(norm)=0.51802;
kd_pChk1(norm)=0.00847;
k_cdc25(norm)=0.10768;
K_cdc25(norm)=0.27796;
kf_p53(norm)=0.71059;
k_p53(norm)=0.53075;
K_ATR(norm)=0.16623;
p53ser46_ref50_72h(norm)=0.70999;
kp_ser46(norm)=0.31613;
K_p53(norm)=0.80238;
upAsy(norm)=0.45085;
sness(norm)=0.41480;
k_apop(norm)=0.61221;
tED50(norm)=0.61995;
cell_pop_norm0_Jack_MGMT_P(norm)=0.43293;
k_dis(norm)=0.66532;

%%%%%%%%%

TMZout0_Ka_XTMZ=33.9146388649;
MGMT_P0=1.9115431017;
k_MGMT=44.8315797909;
k_addO=0.0099096521;
k_addN=0.0946672805;
DSB_72h_fac=0.9691554559;
k_DSBO=0.0004038958;
k_DSBN=0.0000493219;
k_CyA=2.2549633595;
fVX=0.0010957488;
kf_ATR_MGMT_P=0.0000148171;
k_ATR=0.0201539315;
K_add=0.0000740339;
kd_pATR=0.0038166212;
k_Chk1=307.8325129152;
C_Chk1=0.7572698751;
pChk1_ref12_5_24h=0.0063411985;
pChk1_ref100_24h=0.0068088587;
pChk1_ref100_48h=0.0085560161;
kd_pChk1=0.0467060687;
k_cdc25=169.9096201048;
K_cdc25=1.0163515361;
kf_p53=0.0006570020;
k_p53=35.1546355923;
K_ATR=0.0003302640;
p53ser46_ref50_72h=0.0005211825;
kp_ser46=2.6803438490;
K_p53=0.7407955518;
upAsy=0.2221895955;
sness=0.0032979853;
k_apop=0.0675696304;
tED50=449.6705693930;
cell_pop_norm0_Jack_MGMT_P=81.6883616095;
k_dis=0.0174791209;

%%%%%%%%%

cost=200.4043363859;

%%%%%%%%%

