TMZout0_Ka_XTMZ(norm)=0.75000;
MGMT_P0(norm)=0.75000;
k_MGMT(norm)=0.25000;
k_addO(norm)=0.75000;
k_addN(norm)=0.25000;
DSB_72h_fac(norm)=0.50000;
k_DSBO(norm)=0.50000;
k_DSBN(norm)=0.75000;
k_CyA(norm)=0.50000;
fVX(norm)=0.75000;
kf_ATR_MGMT_P(norm)=0.25000;
k_ATR(norm)=0.75000;
K_add(norm)=0.50000;
kd_pATR(norm)=0.50000;
k_Chk1(norm)=0.75000;
C_Chk1(norm)=0.50000;
pChk1_ref12_5_24h(norm)=0.25000;
pChk1_ref100_24h(norm)=0.25000;
pChk1_ref100_48h(norm)=0.75000;
kd_pChk1(norm)=0.25000;
k_cdc25(norm)=0.25000;
K_cdc25(norm)=0.50000;
kf_p53(norm)=0.75000;
k_p53(norm)=0.75000;
K_ATR(norm)=0.25000;
p53ser46_ref50_72h(norm)=0.50000;
kp_ser46(norm)=0.50000;
K_p53(norm)=0.75000;
upAsy(norm)=0.25000;
sness(norm)=0.75000;
k_apop(norm)=0.50000;
tED50(norm)=0.50000;
cell_pop_norm0_Jack_MGMT_P(norm)=0.25000;
k_dis(norm)=0.50000;

%%%%%%%%%

TMZout0_Ka_XTMZ=36.8246712783;
MGMT_P0=2.1819017117;
k_MGMT=31.5090068366;
k_addO=0.0125494343;
k_addN=0.1052391577;
DSB_72h_fac=0.9617317139;
k_DSBO=0.0002962639;
k_DSBN=0.0000476837;
k_CyA=1.9278102446;
fVX=0.0015798762;
kf_ATR_MGMT_P=0.0000081841;
k_ATR=0.0218692406;
K_add=0.0000675132;
kd_pATR=0.0029559957;
k_Chk1=500.6947488549;
C_Chk1=0.6932989823;
pChk1_ref12_5_24h=0.0053539216;
pChk1_ref100_24h=0.0053609212;
pChk1_ref100_48h=0.0096167763;
kd_pChk1=0.0590728205;
k_cdc25=222.7305027739;
K_cdc25=1.2462347417;
kf_p53=0.0007733252;
k_p53=34.5103514073;
K_ATR=0.0002592930;
p53ser46_ref50_72h=0.0005144302;
kp_ser46=3.9599876081;
K_p53=0.9506658829;
upAsy=0.2088389587;
sness=0.0045412234;
k_apop=0.0590879709;
tED50=381.1004076372;
cell_pop_norm0_Jack_MGMT_P=76.5285579750;
k_dis=0.0151249128;

%%%%%%%%%

cost=123.3452445138;

%%%%%%%%%

