TMZout0_Ka_XTMZ(norm)=0.24350;
MGMT_P0(norm)=0.93982;
k_MGMT(norm)=0.79322;
k_addO(norm)=0.10123;
k_addN(norm)=0.77164;
DSB_72h_fac(norm)=0.76834;
k_DSBO(norm)=0.90653;
k_DSBN(norm)=0.51809;
k_CyA(norm)=0.32718;
fVX(norm)=0.21619;
kf_ATR_MGMT_P(norm)=0.74111;
k_ATR(norm)=0.66695;
K_add(norm)=0.62616;
kd_pATR(norm)=1.00000;
k_Chk1(norm)=0.22371;
C_Chk1(norm)=0.35085;
pChk1_ref12_5_24h(norm)=0.21841;
pChk1_ref100_24h(norm)=0.53848;
pChk1_ref100_48h(norm)=0.66260;
kd_pChk1(norm)=0.45823;
k_cdc25(norm)=0.64286;
K_cdc25(norm)=0.84225;
kf_p53(norm)=0.46233;
k_p53(norm)=1.00000;
K_ATR(norm)=0.46489;
p53ser46_ref50_72h(norm)=0.72075;
kp_ser46(norm)=0.76995;
K_p53(norm)=0.54410;
upAsy(norm)=0.48013;
sness(norm)=0.55152;
k_apop(norm)=0.20926;
tED50(norm)=0.48761;
cell_pop_norm0_Jack_MGMT_P(norm)=0.00010;
k_dis(norm)=0.64748;

%%%%%%%%%

TMZout0_Ka_XTMZ=32.7823189725;
MGMT_P0=2.4081974913;
k_MGMT=55.9536049184;
k_addO=0.0073480127;
k_addN=0.1774958346;
DSB_72h_fac=1.1828239811;
k_DSBO=0.0004111961;
k_DSBN=0.0000348716;
k_CyA=1.6392805745;
fVX=0.0010316299;
kf_ATR_MGMT_P=0.0000123913;
k_ATR=0.0222782095;
K_add=0.0000725998;
kd_pATR=0.0055114322;
k_Chk1=353.5794593204;
C_Chk1=0.6100426154;
pChk1_ref12_5_24h=0.0055842002;
pChk1_ref100_24h=0.0073406000;
pChk1_ref100_48h=0.0092194746;
kd_pChk1=0.0733171479;
k_cdc25=253.2634119239;
K_cdc25=1.6770109488;
kf_p53=0.0006227118;
k_p53=52.7929398346;
K_ATR=0.0003746800;
p53ser46_ref50_72h=0.0006111153;
kp_ser46=4.4966369257;
K_p53=0.5114334540;
upAsy=0.2305017310;
sness=0.0040464187;
k_apop=0.0463988913;
tED50=343.0070020611;
cell_pop_norm0_Jack_MGMT_P=70.0024967691;
k_dis=0.0170910878;

%%%%%%%%%

cost=214.5288647487;

%%%%%%%%%

