TMZout0_Ka_XTMZ(norm)=0.60324;
MGMT_P0(norm)=0.65287;
k_MGMT(norm)=0.75480;
k_addO(norm)=0.33841;
k_addN(norm)=0.75570;
DSB_72h_fac(norm)=0.67430;
k_DSBO(norm)=0.33407;
k_DSBN(norm)=0.33670;
k_CyA(norm)=0.00010;
fVX(norm)=0.75009;
kf_ATR_MGMT_P(norm)=0.25577;
k_ATR(norm)=0.74389;
K_add(norm)=0.80598;
kd_pATR(norm)=0.68204;
k_Chk1(norm)=1.00000;
C_Chk1(norm)=0.77102;
pChk1_ref12_5_24h(norm)=0.26189;
pChk1_ref100_24h(norm)=0.32650;
pChk1_ref100_48h(norm)=0.45793;
kd_pChk1(norm)=0.33308;
k_cdc25(norm)=0.08178;
K_cdc25(norm)=0.77493;
kf_p53(norm)=0.26414;
k_p53(norm)=0.75522;
K_ATR(norm)=0.67369;
p53ser46_ref50_72h(norm)=0.06558;
kp_ser46(norm)=0.72317;
K_p53(norm)=0.46142;
upAsy(norm)=0.07773;
sness(norm)=0.78536;
k_apop(norm)=0.33832;
tED50(norm)=0.86100;
cell_pop_norm0_Jack_MGMT_P(norm)=0.22598;
k_dis(norm)=0.38829;

%%%%%%%%%

TMZout0_Ka_XTMZ=35.6046382118;
MGMT_P0=2.0147062582;
k_MGMT=54.1617405829;
k_addO=0.0089835468;
k_addN=0.1751157885;
DSB_72h_fac=1.1045934384;
k_DSBO=0.0002531606;
k_DSBN=0.0000299037;
k_CyA=1.2424989020;
fVX=0.0016217563;
kf_ATR_MGMT_P=0.0000082134;
k_ATR=0.0237789045;
K_add=0.0000845486;
kd_pATR=0.0042098172;
k_Chk1=682.5647593832;
C_Chk1=0.8709091945;
pChk1_ref12_5_24h=0.0057937296;
pChk1_ref100_24h=0.0061337725;
pChk1_ref100_48h=0.0077516619;
kd_pChk1=0.0659401917;
k_cdc25=157.4377839203;
K_cdc25=1.5840386832;
kf_p53=0.0005264529;
k_p53=42.9045811745;
K_ATR=0.0004471949;
p53ser46_ref50_72h=0.0003507817;
kp_ser46=4.3218872240;
K_p53=0.4768332587;
upAsy=0.1639081873;
sness=0.0049331073;
k_apop=0.0517604592;
tED50=470.6536196740;
cell_pop_norm0_Jack_MGMT_P=75.8756865099;
k_dis=0.0137212571;

%%%%%%%%%

cost=304.6651507144;

%%%%%%%%%

