TMZout0_Ka_XTMZ(norm)=0.78678;
MGMT_P0(norm)=0.86143;
k_MGMT(norm)=0.69647;
k_addO(norm)=0.55637;
k_addN(norm)=0.60996;
DSB_72h_fac(norm)=0.66159;
k_DSBO(norm)=0.72290;
k_DSBN(norm)=0.54659;
k_CyA(norm)=0.59328;
fVX(norm)=0.37311;
kf_ATR_MGMT_P(norm)=0.60394;
k_ATR(norm)=0.31629;
K_add(norm)=0.61072;
kd_pATR(norm)=0.37991;
k_Chk1(norm)=0.57671;
C_Chk1(norm)=0.57173;
pChk1_ref12_5_24h(norm)=0.43466;
pChk1_ref100_24h(norm)=0.43866;
pChk1_ref100_48h(norm)=0.41799;
kd_pChk1(norm)=0.64078;
k_cdc25(norm)=0.47571;
K_cdc25(norm)=0.61451;
kf_p53(norm)=0.76662;
k_p53(norm)=0.77200;
K_ATR(norm)=0.50899;
p53ser46_ref50_72h(norm)=0.75444;
kp_ser46(norm)=0.73009;
K_p53(norm)=0.82481;
upAsy(norm)=0.29202;
sness(norm)=0.06711;
k_apop(norm)=0.55717;
tED50(norm)=0.40091;
cell_pop_norm0_Jack_MGMT_P(norm)=0.13522;
k_dis(norm)=0.62569;

%%%%%%%%%

TMZout0_Ka_XTMZ=37.1369655019;
MGMT_P0=2.3125520663;
k_MGMT=44.6006591228;
k_addO=0.0101314197;
k_addN=0.1257531678;
DSB_72h_fac=1.0841851567;
k_DSBO=0.0003637043;
k_DSBN=0.0000383276;
k_CyA=2.4668191555;
fVX=0.0011884195;
kf_ATR_MGMT_P=0.0000110444;
k_ATR=0.0209983370;
K_add=0.0000829718;
kd_pATR=0.0022873123;
k_Chk1=333.0986067309;
C_Chk1=0.7431805406;
pChk1_ref12_5_24h=0.0075002428;
pChk1_ref100_24h=0.0075425272;
pChk1_ref100_48h=0.0091483784;
kd_pChk1=0.0661187135;
k_cdc25=210.6980747144;
K_cdc25=1.4266037093;
kf_p53=0.0006721752;
k_p53=38.2943062935;
K_ATR=0.0004333735;
p53ser46_ref50_72h=0.0005539280;
kp_ser46=3.7437728142;
K_p53=0.7902950380;
upAsy=0.1534225769;
sness=0.0024238603;
k_apop=0.0567411793;
tED50=324.3826525094;
cell_pop_norm0_Jack_MGMT_P=73.4588639164;
k_dis=0.0167005007;

%%%%%%%%%

cost=124.2512133586;

%%%%%%%%%

