TMZout0_Ka_XTMZ(norm)=0.00010;
MGMT_P0(norm)=0.55572;
k_MGMT(norm)=0.59357;
k_addO(norm)=0.00010;
k_addN(norm)=0.05153;
DSB_72h_fac(norm)=0.60089;
k_DSBO(norm)=0.39723;
k_DSBN(norm)=0.56822;
k_CyA(norm)=0.47589;
fVX(norm)=0.46509;
kf_ATR_MGMT_P(norm)=0.38994;
k_ATR(norm)=0.00010;
K_add(norm)=0.81194;
kd_pATR(norm)=0.03693;
k_Chk1(norm)=0.56859;
C_Chk1(norm)=0.39581;
pChk1_ref12_5_24h(norm)=0.62610;
pChk1_ref100_24h(norm)=0.74617;
pChk1_ref100_48h(norm)=0.86732;
kd_pChk1(norm)=0.67687;
k_cdc25(norm)=0.98926;
K_cdc25(norm)=0.82544;
kf_p53(norm)=0.56695;
k_p53(norm)=0.37727;
K_ATR(norm)=0.35382;
p53ser46_ref50_72h(norm)=0.22503;
kp_ser46(norm)=0.99358;
K_p53(norm)=1.00000;
upAsy(norm)=0.83667;
sness(norm)=0.46259;
k_apop(norm)=0.59092;
tED50(norm)=0.27050;
cell_pop_norm0_Jack_MGMT_P(norm)=0.82120;
k_dis(norm)=0.26775;

%%%%%%%%%

TMZout0_Ka_XTMZ=31.0007116889;
MGMT_P0=1.8966324587;
k_MGMT=47.2458699143;
k_addO=0.0067446269;
k_addN=0.0964281560;
DSB_72h_fac=1.0471407159;
k_DSBO=0.0002670770;
k_DSBN=0.0000363848;
k_CyA=1.8594118605;
fVX=0.0012738315;
kf_ATR_MGMT_P=0.0000092023;
k_ATR=0.0126617952;
K_add=0.0000849761;
kd_pATR=0.0024371293;
k_Chk1=473.5811023256;
C_Chk1=0.6337267077;
pChk1_ref12_5_24h=0.0078882333;
pChk1_ref100_24h=0.0087529916;
pChk1_ref100_48h=0.0109657597;
kd_pChk1=0.0882384528;
k_cdc25=339.6553053453;
K_cdc25=1.6532951431;
kf_p53=0.0006804330;
k_p53=31.1477989387;
K_ATR=0.0003410276;
p53ser46_ref50_72h=0.0004015205;
kp_ser46=5.4347076212;
K_p53=0.7525779048;
upAsy=0.3117959670;
sness=0.0037527377;
k_apop=0.0641134813;
tED50=285.3708359185;
cell_pop_norm0_Jack_MGMT_P=93.8216088792;
k_dis=0.0123890859;

%%%%%%%%%

cost=100000.0000000000;

%%%%%%%%%

