TMZout0_Ka_XTMZ(norm)=0.26181;
MGMT_P0(norm)=0.73920;
k_MGMT(norm)=0.72005;
k_addO(norm)=0.66658;
k_addN(norm)=0.92118;
DSB_72h_fac(norm)=0.64092;
k_DSBO(norm)=0.58964;
k_DSBN(norm)=0.72372;
k_CyA(norm)=0.43797;
fVX(norm)=0.83980;
kf_ATR_MGMT_P(norm)=0.59994;
k_ATR(norm)=0.60992;
K_add(norm)=0.51433;
kd_pATR(norm)=0.89489;
k_Chk1(norm)=0.74984;
C_Chk1(norm)=0.60018;
pChk1_ref12_5_24h(norm)=0.69429;
pChk1_ref100_24h(norm)=0.68825;
pChk1_ref100_48h(norm)=0.66264;
kd_pChk1(norm)=0.58262;
k_cdc25(norm)=0.84327;
K_cdc25(norm)=0.57985;
kf_p53(norm)=0.81964;
k_p53(norm)=0.62646;
K_ATR(norm)=0.61947;
p53ser46_ref50_72h(norm)=0.79302;
kp_ser46(norm)=0.60333;
K_p53(norm)=0.82427;
upAsy(norm)=0.70464;
sness(norm)=0.76160;
k_apop(norm)=0.68678;
tED50(norm)=0.41871;
cell_pop_norm0_Jack_MGMT_P(norm)=0.15196;
k_dis(norm)=0.60788;

%%%%%%%%%

TMZout0_Ka_XTMZ=32.9203931901;
MGMT_P0=2.0894131756;
k_MGMT=56.9665688289;
k_addO=0.0110873106;
k_addN=0.1917018261;
DSB_72h_fac=1.0462836906;
k_DSBO=0.0003674169;
k_DSBN=0.0000398262;
k_CyA=2.4488146718;
fVX=0.0018041288;
kf_ATR_MGMT_P=0.0000110441;
k_ATR=0.0287884203;
K_add=0.0000851866;
kd_pATR=0.0025801351;
k_Chk1=366.4592257921;
C_Chk1=0.7645363112;
pChk1_ref12_5_24h=0.0096939658;
pChk1_ref100_24h=0.0097011998;
pChk1_ref100_48h=0.0114735745;
kd_pChk1=0.0608072980;
k_cdc25=263.8033215885;
K_cdc25=1.3609085070;
kf_p53=0.0005749332;
k_p53=31.6498082669;
K_ATR=0.0005007060;
p53ser46_ref50_72h=0.0004599492;
kp_ser46=3.1379446229;
K_p53=0.7154398113;
upAsy=0.3113438776;
sness=0.0062381295;
k_apop=0.0672558108;
tED50=359.1386733867;
cell_pop_norm0_Jack_MGMT_P=73.8987896223;
k_dis=0.0160117632;

%%%%%%%%%

cost=123.9581515685;

%%%%%%%%%

