TMZout0_Ka_XTMZ(norm)=0.86454;
MGMT_P0(norm)=0.86422;
k_MGMT(norm)=0.58078;
k_addO(norm)=0.46177;
k_addN(norm)=0.29585;
DSB_72h_fac(norm)=0.78504;
k_DSBO(norm)=0.66506;
k_DSBN(norm)=0.83726;
k_CyA(norm)=0.45547;
fVX(norm)=0.71289;
kf_ATR_MGMT_P(norm)=0.61920;
k_ATR(norm)=0.37968;
K_add(norm)=0.52668;
kd_pATR(norm)=0.74873;
k_Chk1(norm)=0.43118;
C_Chk1(norm)=0.57726;
pChk1_ref12_5_24h(norm)=0.23262;
pChk1_ref100_24h(norm)=0.24376;
pChk1_ref100_48h(norm)=0.37662;
kd_pChk1(norm)=0.70420;
k_cdc25(norm)=0.91401;
K_cdc25(norm)=0.49958;
kf_p53(norm)=0.73199;
k_p53(norm)=0.36564;
K_ATR(norm)=0.23349;
p53ser46_ref50_72h(norm)=0.81500;
kp_ser46(norm)=0.83571;
K_p53(norm)=0.87829;
upAsy(norm)=0.61702;
sness(norm)=0.57246;
k_apop(norm)=0.62734;
tED50(norm)=0.40578;
cell_pop_norm0_Jack_MGMT_P(norm)=0.16808;
k_dis(norm)=0.61226;

%%%%%%%%%

TMZout0_Ka_XTMZ=37.8058291267;
MGMT_P0=2.2976218883;
k_MGMT=46.7365648674;
k_addO=0.0099733288;
k_addN=0.1186064981;
DSB_72h_fac=1.1972904952;
k_DSBO=0.0003351129;
k_DSBN=0.0000457005;
k_CyA=1.8275120850;
fVX=0.0015714402;
kf_ATR_MGMT_P=0.0000111753;
k_ATR=0.0174650832;
K_add=0.0000667313;
kd_pATR=0.0044545418;
k_Chk1=421.5329424609;
C_Chk1=0.7390502520;
pChk1_ref12_5_24h=0.0056518202;
pChk1_ref100_24h=0.0057184837;
pChk1_ref100_48h=0.0072355492;
kd_pChk1=0.0903059165;
k_cdc25=318.6765207284;
K_cdc25=1.2544227000;
kf_p53=0.0007825581;
k_p53=30.8422925309;
K_ATR=0.0003079729;
p53ser46_ref50_72h=0.0006619208;
kp_ser46=4.7542926020;
K_p53=0.6788388192;
upAsy=0.2588477291;
sness=0.0041188627;
k_apop=0.0661228926;
tED50=320.0305705625;
cell_pop_norm0_Jack_MGMT_P=74.3249274548;
k_dis=0.0165885739;

%%%%%%%%%

cost=124.0724267061;

%%%%%%%%%

