TMZout0_Ka_XTMZ(norm)=0.58108;
MGMT_P0(norm)=0.49477;
k_MGMT(norm)=0.69816;
k_addO(norm)=0.30602;
k_addN(norm)=0.33800;
DSB_72h_fac(norm)=0.25510;
k_DSBO(norm)=0.40131;
k_DSBN(norm)=0.44337;
k_CyA(norm)=0.68019;
fVX(norm)=0.00010;
kf_ATR_MGMT_P(norm)=0.60244;
k_ATR(norm)=0.45244;
K_add(norm)=0.55198;
kd_pATR(norm)=0.13903;
k_Chk1(norm)=0.45739;
C_Chk1(norm)=0.15635;
pChk1_ref12_5_24h(norm)=0.22105;
pChk1_ref100_24h(norm)=0.56986;
pChk1_ref100_48h(norm)=0.44310;
kd_pChk1(norm)=0.53415;
k_cdc25(norm)=0.71999;
K_cdc25(norm)=0.31956;
kf_p53(norm)=0.39772;
k_p53(norm)=0.19492;
K_ATR(norm)=0.31211;
p53ser46_ref50_72h(norm)=0.37029;
kp_ser46(norm)=1.00000;
K_p53(norm)=0.56940;
upAsy(norm)=0.55067;
sness(norm)=0.06945;
k_apop(norm)=0.74276;
tED50(norm)=1.00000;
cell_pop_norm0_Jack_MGMT_P(norm)=0.10427;
k_dis(norm)=0.53096;

%%%%%%%%%

TMZout0_Ka_XTMZ=35.4239814942;
MGMT_P0=1.8261006471;
k_MGMT=51.6238255851;
k_addO=0.0087403601;
k_addN=0.1229187814;
DSB_72h_fac=0.8141986007;
k_DSBO=0.0002680015;
k_DSBN=0.0000327326;
k_CyA=2.2108107648;
fVX=0.0008590255;
kf_ATR_MGMT_P=0.0000110177;
k_ATR=0.0185757368;
K_add=0.0000681770;
kd_pATR=0.0026573533;
k_Chk1=430.9998304676;
C_Chk1=0.5173523052;
pChk1_ref12_5_24h=0.0055967071;
pChk1_ref100_24h=0.0075383901;
pChk1_ref100_48h=0.0076548493;
kd_pChk1=0.0781883330;
k_cdc25=270.3669175321;
K_cdc25=1.0769607603;
kf_p53=0.0005895389;
k_p53=26.6884910360;
K_ATR=0.0003291865;
p53ser46_ref50_72h=0.0004541091;
kp_ser46=5.4643701630;
K_p53=0.5225182307;
upAsy=0.2446983045;
sness=0.0026895648;
k_apop=0.0729161137;
tED50=529.4799787438;
cell_pop_norm0_Jack_MGMT_P=72.6524184379;
k_dis=0.0154843780;

%%%%%%%%%

cost=174.8148636427;

%%%%%%%%%

