TMZout0_Ka_XTMZ(norm)=0.70245;
MGMT_P0(norm)=0.89317;
k_MGMT(norm)=0.46027;
k_addO(norm)=0.44093;
k_addN(norm)=0.51917;
DSB_72h_fac(norm)=0.58726;
k_DSBO(norm)=0.86863;
k_DSBN(norm)=0.66384;
k_CyA(norm)=0.96135;
fVX(norm)=0.49724;
kf_ATR_MGMT_P(norm)=0.69039;
k_ATR(norm)=0.50945;
K_add(norm)=0.54684;
kd_pATR(norm)=0.73897;
k_Chk1(norm)=0.24587;
C_Chk1(norm)=0.27679;
pChk1_ref12_5_24h(norm)=0.38155;
pChk1_ref100_24h(norm)=0.39455;
pChk1_ref100_48h(norm)=0.39015;
kd_pChk1(norm)=0.15741;
k_cdc25(norm)=0.38632;
K_cdc25(norm)=0.61575;
kf_p53(norm)=0.54610;
k_p53(norm)=0.75563;
K_ATR(norm)=0.12578;
p53ser46_ref50_72h(norm)=0.27843;
kp_ser46(norm)=0.39869;
K_p53(norm)=1.00000;
upAsy(norm)=0.63671;
sness(norm)=0.59333;
k_apop(norm)=0.55929;
tED50(norm)=0.76443;
cell_pop_norm0_Jack_MGMT_P(norm)=0.51629;
k_dis(norm)=0.65328;

%%%%%%%%%

TMZout0_Ka_XTMZ=36.4248297193;
MGMT_P0=2.3441492401;
k_MGMT=35.3012873055;
k_addO=0.0090093032;
k_addN=0.1083215374;
DSB_72h_fac=1.0232049144;
k_DSBO=0.0004119916;
k_DSBN=0.0000437381;
k_CyA=3.2221818244;
fVX=0.0011797155;
kf_ATR_MGMT_P=0.0000116937;
k_ATR=0.0230905900;
K_add=0.0000724077;
kd_pATR=0.0038528224;
k_Chk1=302.9610609383;
C_Chk1=0.5844458131;
pChk1_ref12_5_24h=0.0065270706;
pChk1_ref100_24h=0.0066102124;
pChk1_ref100_48h=0.0076774955;
kd_pChk1=0.0529886171;
k_cdc25=215.1548222407;
K_cdc25=1.3531393094;
kf_p53=0.0005715297;
k_p53=42.5334161911;
K_ATR=0.0003191366;
p53ser46_ref50_72h=0.0003615662;
kp_ser46=2.8745444375;
K_p53=0.8758248289;
upAsy=0.2600846194;
sness=0.0038365867;
k_apop=0.0646071072;
tED50=508.2257764432;
cell_pop_norm0_Jack_MGMT_P=84.1535823907;
k_dis=0.0173016968;

%%%%%%%%%

cost=538.1623409869;

%%%%%%%%%

