TMZout0_Ka_XTMZ(norm)=0.00010;
MGMT_P0(norm)=0.42612;
k_MGMT(norm)=0.19059;
k_addO(norm)=0.15144;
k_addN(norm)=0.11045;
DSB_72h_fac(norm)=0.33615;
k_DSBO(norm)=0.71069;
k_DSBN(norm)=0.60080;
k_CyA(norm)=0.22508;
fVX(norm)=0.00010;
kf_ATR_MGMT_P(norm)=0.13406;
k_ATR(norm)=1.00000;
K_add(norm)=0.54709;
kd_pATR(norm)=1.00000;
k_Chk1(norm)=0.46495;
C_Chk1(norm)=0.22178;
pChk1_ref12_5_24h(norm)=0.32797;
pChk1_ref100_24h(norm)=0.36859;
pChk1_ref100_48h(norm)=0.91489;
kd_pChk1(norm)=0.70083;
k_cdc25(norm)=0.34164;
K_cdc25(norm)=0.69837;
kf_p53(norm)=0.56744;
k_p53(norm)=0.39967;
K_ATR(norm)=0.14261;
p53ser46_ref50_72h(norm)=0.10125;
kp_ser46(norm)=0.69923;
K_p53(norm)=0.84794;
upAsy(norm)=0.05434;
sness(norm)=0.26640;
k_apop(norm)=0.64135;
tED50(norm)=0.43786;
cell_pop_norm0_Jack_MGMT_P(norm)=0.04021;
k_dis(norm)=0.01052;

%%%%%%%%%

TMZout0_Ka_XTMZ=31.0007116889;
MGMT_P0=1.8292150264;
k_MGMT=29.9622914287;
k_addO=0.0075573405;
k_addN=0.0935030624;
DSB_72h_fac=0.8503861320;
k_DSBO=0.0003541654;
k_DSBN=0.0000420210;
k_CyA=1.5272186577;
fVX=0.0008369071;
kf_ATR_MGMT_P=0.0000074184;
k_ATR=0.0270288705;
K_add=0.0000702614;
kd_pATR=0.0045153580;
k_Chk1=393.2608646069;
C_Chk1=0.5476992532;
pChk1_ref12_5_24h=0.0057195665;
pChk1_ref100_24h=0.0059275842;
pChk1_ref100_48h=0.0110587168;
kd_pChk1=0.0865528602;
k_cdc25=240.7144496009;
K_cdc25=1.4743377007;
kf_p53=0.0006625003;
k_p53=25.6469819866;
K_ATR=0.0002367421;
p53ser46_ref50_72h=0.0003669415;
kp_ser46=4.6882093581;
K_p53=1.0329262754;
upAsy=0.1769342274;
sness=0.0030145395;
k_apop=0.0666060784;
tED50=361.5549456458;
cell_pop_norm0_Jack_MGMT_P=71.0112391795;
k_dis=0.0099902702;

%%%%%%%%%

cost=835.8429957129;

%%%%%%%%%

