TMZout0_Ka_XTMZ(norm)=0.31999;
MGMT_P0(norm)=1.00000;
k_MGMT(norm)=0.27654;
k_addO(norm)=0.76252;
k_addN(norm)=0.00010;
DSB_72h_fac(norm)=0.06314;
k_DSBO(norm)=0.11468;
k_DSBN(norm)=0.77356;
k_CyA(norm)=0.34860;
fVX(norm)=1.00000;
kf_ATR_MGMT_P(norm)=0.80591;
k_ATR(norm)=0.26632;
K_add(norm)=0.00010;
kd_pATR(norm)=0.78954;
k_Chk1(norm)=0.37226;
C_Chk1(norm)=0.00010;
pChk1_ref12_5_24h(norm)=0.00010;
pChk1_ref100_24h(norm)=0.20462;
pChk1_ref100_48h(norm)=0.40360;
kd_pChk1(norm)=1.00000;
k_cdc25(norm)=0.38747;
K_cdc25(norm)=0.41586;
kf_p53(norm)=1.00000;
k_p53(norm)=1.00000;
K_ATR(norm)=0.27652;
p53ser46_ref50_72h(norm)=0.54284;
kp_ser46(norm)=0.62947;
K_p53(norm)=1.00000;
upAsy(norm)=0.55600;
sness(norm)=0.37394;
k_apop(norm)=0.56469;
tED50(norm)=0.00010;
cell_pop_norm0_Jack_MGMT_P(norm)=0.26776;
k_dis(norm)=0.41572;

%%%%%%%%%

TMZout0_Ka_XTMZ=33.3630476925;
MGMT_P0=2.5000000000;
k_MGMT=36.1163944822;
k_addO=0.0128680279;
k_addN=0.0923167769;
DSB_72h_fac=0.7080591228;
k_DSBO=0.0002102148;
k_DSBN=0.0000432992;
k_CyA=1.6693042709;
fVX=0.0020042231;
kf_ATR_MGMT_P=0.0000130907;
k_ATR=0.0158655955;
K_add=0.0000427130;
kd_pATR=0.0046112552;
k_Chk1=401.0062813245;
C_Chk1=0.4532009724;
pChk1_ref12_5_24h=0.0046411643;
pChk1_ref100_24h=0.0055319188;
pChk1_ref100_48h=0.0074028547;
kd_pChk1=0.1160280820;
k_cdc25=203.9836139756;
K_cdc25=1.1685201366;
kf_p53=0.0009820586;
k_p53=52.7929398346;
K_ATR=0.0003194072;
p53ser46_ref50_72h=0.0005256001;
kp_ser46=3.9920185221;
K_p53=0.7525779048;
upAsy=0.2458055904;
sness=0.0034811692;
k_apop=0.0627047506;
tED50=226.9392185870;
cell_pop_norm0_Jack_MGMT_P=77.0148030913;
k_dis=0.0140438467;

%%%%%%%%%

cost=417.6409956509;

%%%%%%%%%

