TMZout0_Ka_XTMZ(norm)=0.31819;
MGMT_P0(norm)=0.36571;
k_MGMT(norm)=0.34049;
k_addO(norm)=0.69704;
k_addN(norm)=0.76541;
DSB_72h_fac(norm)=0.47232;
k_DSBO(norm)=0.95180;
k_DSBN(norm)=0.22316;
k_CyA(norm)=0.37242;
fVX(norm)=0.19634;
kf_ATR_MGMT_P(norm)=0.88410;
k_ATR(norm)=0.38672;
K_add(norm)=0.48148;
kd_pATR(norm)=0.88649;
k_Chk1(norm)=0.71408;
C_Chk1(norm)=0.72315;
pChk1_ref12_5_24h(norm)=0.38465;
pChk1_ref100_24h(norm)=0.48646;
pChk1_ref100_48h(norm)=0.53465;
kd_pChk1(norm)=0.54577;
k_cdc25(norm)=0.90996;
K_cdc25(norm)=0.53761;
kf_p53(norm)=0.86144;
k_p53(norm)=0.17513;
K_ATR(norm)=0.46593;
p53ser46_ref50_72h(norm)=0.58196;
kp_ser46(norm)=0.59892;
K_p53(norm)=0.22475;
upAsy(norm)=0.27997;
sness(norm)=0.38593;
k_apop(norm)=0.71018;
tED50(norm)=0.81147;
cell_pop_norm0_Jack_MGMT_P(norm)=0.58345;
k_dis(norm)=0.73810;

%%%%%%%%%

TMZout0_Ka_XTMZ=33.3492278516;
MGMT_P0=1.7700292646;
k_MGMT=34.0199234189;
k_addO=0.0119987027;
k_addN=0.1628680232;
DSB_72h_fac=0.9419452342;
k_DSBO=0.0004344407;
k_DSBN=0.0000305144;
k_CyA=1.7302918335;
fVX=0.0009882993;
kf_ATR_MGMT_P=0.0000140057;
k_ATR=0.0160751491;
K_add=0.0000664618;
kd_pATR=0.0041013234;
k_Chk1=485.6869424100;
C_Chk1=0.8375976982;
pChk1_ref12_5_24h=0.0060009558;
pChk1_ref100_24h=0.0065501583;
pChk1_ref100_48h=0.0080128033;
kd_pChk1=0.0758969154;
k_cdc25=389.6107598417;
K_cdc25=1.2865916549;
kf_p53=0.0008499046;
k_p53=21.2037146024;
K_ATR=0.0003113500;
p53ser46_ref50_72h=0.0005514260;
kp_ser46=4.3061888166;
K_p53=0.6091837647;
upAsy=0.2142107306;
sness=0.0033358370;
k_apop=0.0706057503;
tED50=496.1973164384;
cell_pop_norm0_Jack_MGMT_P=86.1938611782;
k_dis=0.0185058053;

%%%%%%%%%

cost=292.6658196910;

%%%%%%%%%

