TMZout0_Ka_XTMZ(norm)=0.79742;
MGMT_P0(norm)=0.62594;
k_MGMT(norm)=0.09339;
k_addO(norm)=0.71429;
k_addN(norm)=0.73982;
DSB_72h_fac(norm)=0.61082;
k_DSBO(norm)=0.00010;
k_DSBN(norm)=0.60276;
k_CyA(norm)=0.82906;
fVX(norm)=0.76379;
kf_ATR_MGMT_P(norm)=0.76597;
k_ATR(norm)=1.00000;
K_add(norm)=0.89676;
kd_pATR(norm)=0.00010;
k_Chk1(norm)=0.40851;
C_Chk1(norm)=0.74946;
pChk1_ref12_5_24h(norm)=0.00010;
pChk1_ref100_24h(norm)=0.89579;
pChk1_ref100_48h(norm)=0.93047;
kd_pChk1(norm)=0.89508;
k_cdc25(norm)=0.21543;
K_cdc25(norm)=0.49645;
kf_p53(norm)=0.00812;
k_p53(norm)=0.53189;
K_ATR(norm)=0.45081;
p53ser46_ref50_72h(norm)=0.67345;
kp_ser46(norm)=0.52272;
K_p53(norm)=0.53223;
upAsy(norm)=0.53150;
sness(norm)=0.53068;
k_apop(norm)=1.00000;
tED50(norm)=0.55005;
cell_pop_norm0_Jack_MGMT_P(norm)=0.22196;
k_dis(norm)=0.73017;

%%%%%%%%%

TMZout0_Ka_XTMZ=37.2277201647;
MGMT_P0=1.9812554457;
k_MGMT=30.9247636279;
k_addO=0.0123527005;
k_addN=0.1727746568;
DSB_72h_fac=1.0547359442;
k_DSBO=0.0001907665;
k_DSBN=0.0000374654;
k_CyA=2.5080435942;
fVX=0.0016406834;
kf_ATR_MGMT_P=0.0000126551;
k_ATR=0.0295416857;
K_add=0.0000913079;
kd_pATR=0.0023622425;
k_Chk1=413.5124205193;
C_Chk1=0.8551432018;
pChk1_ref12_5_24h=0.0046411643;
pChk1_ref100_24h=0.0099360344;
pChk1_ref100_48h=0.0115685349;
kd_pChk1=0.1061581085;
k_cdc25=176.3137089610;
K_cdc25=1.2510902780;
kf_p53=0.0004237895;
k_p53=35.5076314717;
K_ATR=0.0003702383;
p53ser46_ref50_72h=0.0005871078;
kp_ser46=3.6467944637;
K_p53=0.5063170370;
upAsy=0.2407564639;
sness=0.0039755996;
k_apop=0.0906739715;
tED50=361.6412487319;
cell_pop_norm0_Jack_MGMT_P=75.7668664168;
k_dis=0.0183314736;

%%%%%%%%%

cost=274.9832861060;

%%%%%%%%%

