TMZout0_Ka_XTMZ(norm)=0.76793;
MGMT_P0(norm)=0.74410;
k_MGMT(norm)=0.72427;
k_addO(norm)=0.54234;
k_addN(norm)=0.76571;
DSB_72h_fac(norm)=0.71891;
k_DSBO(norm)=0.71744;
k_DSBN(norm)=0.40953;
k_CyA(norm)=0.68368;
fVX(norm)=0.56745;
kf_ATR_MGMT_P(norm)=0.61523;
k_ATR(norm)=0.65194;
K_add(norm)=0.68093;
kd_pATR(norm)=0.38644;
k_Chk1(norm)=0.12386;
C_Chk1(norm)=0.58384;
pChk1_ref12_5_24h(norm)=0.31854;
pChk1_ref100_24h(norm)=0.33004;
pChk1_ref100_48h(norm)=0.45169;
kd_pChk1(norm)=0.54179;
k_cdc25(norm)=0.46323;
K_cdc25(norm)=0.57417;
kf_p53(norm)=0.58625;
k_p53(norm)=0.56299;
K_ATR(norm)=0.63041;
p53ser46_ref50_72h(norm)=0.62969;
kp_ser46(norm)=0.55791;
K_p53(norm)=0.62055;
upAsy(norm)=0.83503;
sness(norm)=0.62168;
k_apop(norm)=0.54182;
tED50(norm)=0.76788;
cell_pop_norm0_Jack_MGMT_P(norm)=0.16123;
k_dis(norm)=0.58597;

%%%%%%%%%

TMZout0_Ka_XTMZ=36.9765627199;
MGMT_P0=2.1322828573;
k_MGMT=52.7786955742;
k_addO=0.0106779621;
k_addN=0.1766062500;
DSB_72h_fac=1.1410344648;
k_DSBO=0.0003503208;
k_DSBN=0.0000318072;
k_CyA=2.2173735917;
fVX=0.0013892388;
kf_ATR_MGMT_P=0.0000111377;
k_ATR=0.0219965952;
K_add=0.0000760483;
kd_pATR=0.0032770865;
k_Chk1=324.8952136687;
C_Chk1=0.7431765384;
pChk1_ref12_5_24h=0.0060786203;
pChk1_ref100_24h=0.0061521691;
pChk1_ref100_48h=0.0077107496;
kd_pChk1=0.0786956655;
k_cdc25=217.5064682459;
K_cdc25=1.3362516375;
kf_p53=0.0006916490;
k_p53=36.4558633470;
K_ATR=0.0004310921;
p53ser46_ref50_72h=0.0005657354;
kp_ser46=3.7571839788;
K_p53=0.5456585306;
upAsy=0.3113640559;
sness=0.0042942455;
k_apop=0.0615013125;
tED50=434.9456980686;
cell_pop_norm0_Jack_MGMT_P=74.1434820652;
k_dis=0.0162231794;

%%%%%%%%%

cost=123.9453089800;

%%%%%%%%%

