TMZout0_Ka_XTMZ(norm)=0.77829;
MGMT_P0(norm)=0.59487;
k_MGMT(norm)=0.30298;
k_addO(norm)=0.63870;
k_addN(norm)=0.17316;
DSB_72h_fac(norm)=0.65657;
k_DSBO(norm)=0.81644;
k_DSBN(norm)=0.70361;
k_CyA(norm)=0.98387;
fVX(norm)=0.65232;
kf_ATR_MGMT_P(norm)=0.46273;
k_ATR(norm)=0.83796;
K_add(norm)=0.97610;
kd_pATR(norm)=0.42176;
k_Chk1(norm)=0.65572;
C_Chk1(norm)=0.66411;
pChk1_ref12_5_24h(norm)=0.00010;
pChk1_ref100_24h(norm)=0.72229;
pChk1_ref100_48h(norm)=0.46983;
kd_pChk1(norm)=0.86183;
k_cdc25(norm)=0.52201;
K_cdc25(norm)=0.03680;
kf_p53(norm)=1.00000;
k_p53(norm)=0.92814;
K_ATR(norm)=0.24721;
p53ser46_ref50_72h(norm)=1.00000;
kp_ser46(norm)=0.27252;
K_p53(norm)=0.67966;
upAsy(norm)=0.06009;
sness(norm)=0.47692;
k_apop(norm)=0.17490;
tED50(norm)=0.00010;
cell_pop_norm0_Jack_MGMT_P(norm)=0.43421;
k_dis(norm)=0.00010;

%%%%%%%%%

TMZout0_Ka_XTMZ=37.0645950211;
MGMT_P0=1.9585212408;
k_MGMT=30.8965257589;
k_addO=0.0106529233;
k_addN=0.0807963018;
DSB_72h_fac=1.0785191190;
k_DSBO=0.0003941724;
k_DSBN=0.0000452371;
k_CyA=3.2842653104;
fVX=0.0013453734;
kf_ATR_MGMT_P=0.0000096423;
k_ATR=0.0305013007;
K_add=0.0001041698;
kd_pATR=0.0029447719;
k_Chk1=428.7495933636;
C_Chk1=0.8114676728;
pChk1_ref12_5_24h=0.0047244711;
pChk1_ref100_24h=0.0087259628;
pChk1_ref100_48h=0.0082136637;
kd_pChk1=0.0962479859;
k_cdc25=241.3673170603;
K_cdc25=0.8285186558;
kf_p53=0.0008395845;
k_p53=49.2279811830;
K_ATR=0.0003537186;
p53ser46_ref50_72h=0.0006663572;
kp_ser46=2.5831114222;
K_p53=0.6676378398;
upAsy=0.1595636066;
sness=0.0034762472;
k_apop=0.0466479317;
tED50=265.9516780049;
cell_pop_norm0_Jack_MGMT_P=81.7256188560;
k_dis=0.0099479497;

%%%%%%%%%

cost=100000.0000000000;

%%%%%%%%%

