TMZout0_Ka_XTMZ(norm)=0.66762;
MGMT_P0(norm)=0.47310;
k_MGMT(norm)=0.84016;
k_addO(norm)=0.49801;
k_addN(norm)=0.37433;
DSB_72h_fac(norm)=0.40532;
k_DSBO(norm)=0.76761;
k_DSBN(norm)=0.61470;
k_CyA(norm)=0.26729;
fVX(norm)=0.72655;
kf_ATR_MGMT_P(norm)=0.56362;
k_ATR(norm)=0.82754;
K_add(norm)=0.45122;
kd_pATR(norm)=0.46162;
k_Chk1(norm)=0.61098;
C_Chk1(norm)=0.45707;
pChk1_ref12_5_24h(norm)=0.40751;
pChk1_ref100_24h(norm)=0.48346;
pChk1_ref100_48h(norm)=0.42191;
kd_pChk1(norm)=0.44074;
k_cdc25(norm)=1.00000;
K_cdc25(norm)=0.52560;
kf_p53(norm)=0.78480;
k_p53(norm)=0.16753;
K_ATR(norm)=0.61938;
p53ser46_ref50_72h(norm)=0.59305;
kp_ser46(norm)=0.60544;
K_p53(norm)=0.54137;
upAsy(norm)=0.17648;
sness(norm)=0.00010;
k_apop(norm)=0.79332;
tED50(norm)=0.37534;
cell_pop_norm0_Jack_MGMT_P(norm)=0.79849;
k_dis(norm)=0.71330;

%%%%%%%%%

TMZout0_Ka_XTMZ=36.1347983810;
MGMT_P0=1.8016650251;
k_MGMT=58.2239473423;
k_addO=0.0102843349;
k_addN=0.1267616670;
DSB_72h_fac=0.9082438177;
k_DSBO=0.0003655342;
k_DSBN=0.0000378466;
k_CyA=1.5581756979;
fVX=0.0015897264;
kf_ATR_MGMT_P=0.0000106612;
k_ATR=0.0255253948;
K_add=0.0000625981;
kd_pATR=0.0034926248;
k_Chk1=490.8989515031;
C_Chk1=0.6674887983;
pChk1_ref12_5_24h=0.0065545502;
pChk1_ref100_24h=0.0070062261;
pChk1_ref100_48h=0.0075186204;
kd_pChk1=0.0722384898;
k_cdc25=342.7608330462;
K_cdc25=1.2823766685;
kf_p53=0.0008183671;
k_p53=26.0764070447;
K_ATR=0.0004270823;
p53ser46_ref50_72h=0.0005484448;
kp_ser46=3.9115815153;
K_p53=0.5102519248;
upAsy=0.1782116324;
sness=0.0025360710;
k_apop=0.0761075228;
tED50=311.8809908523;
cell_pop_norm0_Jack_MGMT_P=93.0647309154;
k_dis=0.0180713184;

%%%%%%%%%

cost=252.3829158227;

%%%%%%%%%

