TMZout0_Ka_XTMZ(norm)=0.07810;
MGMT_P0(norm)=0.00010;
k_MGMT(norm)=0.83029;
k_addO(norm)=0.12274;
k_addN(norm)=0.22128;
DSB_72h_fac(norm)=0.59157;
k_DSBO(norm)=0.34114;
k_DSBN(norm)=0.64120;
k_CyA(norm)=0.08502;
fVX(norm)=0.00010;
kf_ATR_MGMT_P(norm)=0.61747;
k_ATR(norm)=0.92959;
K_add(norm)=1.00000;
kd_pATR(norm)=0.37325;
k_Chk1(norm)=0.29497;
C_Chk1(norm)=0.16068;
pChk1_ref12_5_24h(norm)=0.41307;
pChk1_ref100_24h(norm)=0.44281;
pChk1_ref100_48h(norm)=0.62168;
kd_pChk1(norm)=1.00000;
k_cdc25(norm)=0.00010;
K_cdc25(norm)=0.82522;
kf_p53(norm)=0.33547;
k_p53(norm)=0.32956;
K_ATR(norm)=0.03097;
p53ser46_ref50_72h(norm)=0.74774;
kp_ser46(norm)=0.89330;
K_p53(norm)=0.53513;
upAsy(norm)=0.31870;
sness(norm)=0.51817;
k_apop(norm)=0.47764;
tED50(norm)=0.85101;
cell_pop_norm0_Jack_MGMT_P(norm)=0.88852;
k_dis(norm)=0.24446;

%%%%%%%%%

TMZout0_Ka_XTMZ=31.5608143456;
MGMT_P0=1.4505888932;
k_MGMT=51.5190210085;
k_addO=0.0073757659;
k_addN=0.1027092593;
DSB_72h_fac=1.0301974182;
k_DSBO=0.0002589528;
k_DSBN=0.0000434844;
k_CyA=1.3563122087;
fVX=0.0008369071;
kf_ATR_MGMT_P=0.0000111736;
k_ATR=0.0254636116;
K_add=0.0001031281;
kd_pATR=0.0026549937;
k_Chk1=340.5131401018;
C_Chk1=0.5200679292;
pChk1_ref12_5_24h=0.0061472018;
pChk1_ref100_24h=0.0063122945;
pChk1_ref100_48h=0.0086260197;
kd_pChk1=0.1115245029;
k_cdc25=180.2280146999;
K_cdc25=1.6416201005;
kf_p53=0.0005442830;
k_p53=24.1677517566;
K_ATR=0.0002153735;
p53ser46_ref50_72h=0.0006345840;
kp_ser46=5.5260968851;
K_p53=0.7924329864;
upAsy=0.2213560088;
sness=0.0037313463;
k_apop=0.0579791225;
tED50=513.1010723867;
cell_pop_norm0_Jack_MGMT_P=96.1018291234;
k_dis=0.0121804064;

%%%%%%%%%

cost=428.2198896390;

%%%%%%%%%

