TMZout0_Ka_XTMZ(norm)=1.00000;
MGMT_P0(norm)=0.38932;
k_MGMT(norm)=0.50613;
k_addO(norm)=0.50407;
k_addN(norm)=0.42442;
DSB_72h_fac(norm)=0.45310;
k_DSBO(norm)=0.65077;
k_DSBN(norm)=0.63916;
k_CyA(norm)=0.75693;
fVX(norm)=0.64990;
kf_ATR_MGMT_P(norm)=0.72111;
k_ATR(norm)=0.75150;
K_add(norm)=0.50795;
kd_pATR(norm)=0.49537;
k_Chk1(norm)=0.42215;
C_Chk1(norm)=0.64259;
pChk1_ref12_5_24h(norm)=0.15054;
pChk1_ref100_24h(norm)=0.45221;
pChk1_ref100_48h(norm)=0.40724;
kd_pChk1(norm)=0.59707;
k_cdc25(norm)=0.44292;
K_cdc25(norm)=0.54168;
kf_p53(norm)=0.41768;
k_p53(norm)=0.54108;
K_ATR(norm)=0.25590;
p53ser46_ref50_72h(norm)=0.48675;
kp_ser46(norm)=0.22779;
K_p53(norm)=0.50848;
upAsy(norm)=0.32098;
sness(norm)=0.61211;
k_apop(norm)=1.00000;
tED50(norm)=0.35239;
cell_pop_norm0_Jack_MGMT_P(norm)=0.46348;
k_dis(norm)=0.62602;

%%%%%%%%%

TMZout0_Ka_XTMZ=39.0000000000;
MGMT_P0=1.7303762218;
k_MGMT=36.6998233742;
k_addO=0.0095044189;
k_addN=0.0999659383;
DSB_72h_fac=0.9240630266;
k_DSBO=0.0003425485;
k_DSBN=0.0000428329;
k_CyA=2.7097418406;
fVX=0.0013426090;
kf_ATR_MGMT_P=0.0000120021;
k_ATR=0.0283468853;
K_add=0.0000700610;
kd_pATR=0.0031342982;
k_Chk1=351.7662852827;
C_Chk1=0.7968012579;
pChk1_ref12_5_24h=0.0053667659;
pChk1_ref100_24h=0.0069411191;
pChk1_ref100_48h=0.0077894746;
kd_pChk1=0.0769071990;
k_cdc25=225.7226021908;
K_cdc25=1.2708287453;
kf_p53=0.0005126081;
k_p53=35.4634333010;
K_ATR=0.0003563346;
p53ser46_ref50_72h=0.0004313631;
kp_ser46=2.4870384940;
K_p53=0.5774947900;
upAsy=0.1990365663;
sness=0.0038981158;
k_apop=0.0938532913;
tED50=358.4562273992;
cell_pop_norm0_Jack_MGMT_P=82.5833440981;
k_dis=0.0169065984;

%%%%%%%%%

cost=319.1039074842;

%%%%%%%%%

