TMZout0_Ka_XTMZ(norm)=0.25443;
MGMT_P0(norm)=0.74440;
k_MGMT(norm)=0.17390;
k_addO(norm)=0.42317;
k_addN(norm)=0.42294;
DSB_72h_fac(norm)=0.40794;
k_DSBO(norm)=0.85191;
k_DSBN(norm)=0.76261;
k_CyA(norm)=0.66844;
fVX(norm)=0.66557;
kf_ATR_MGMT_P(norm)=0.70645;
k_ATR(norm)=0.51386;
K_add(norm)=0.37408;
kd_pATR(norm)=0.62261;
k_Chk1(norm)=0.35614;
C_Chk1(norm)=0.57553;
pChk1_ref12_5_24h(norm)=0.78810;
pChk1_ref100_24h(norm)=0.84597;
pChk1_ref100_48h(norm)=0.93064;
kd_pChk1(norm)=0.19554;
k_cdc25(norm)=0.62340;
K_cdc25(norm)=0.35091;
kf_p53(norm)=0.17082;
k_p53(norm)=0.36176;
K_ATR(norm)=0.48092;
p53ser46_ref50_72h(norm)=0.55498;
kp_ser46(norm)=1.00000;
K_p53(norm)=0.18553;
upAsy(norm)=0.63586;
sness(norm)=0.85326;
k_apop(norm)=0.66375;
tED50(norm)=0.58560;
cell_pop_norm0_Jack_MGMT_P(norm)=0.52122;
k_dis(norm)=0.51768;

%%%%%%%%%

TMZout0_Ka_XTMZ=32.8646554627;
MGMT_P0=2.1326798547;
k_MGMT=33.1079763409;
k_addO=0.0096524807;
k_addN=0.1320922807;
DSB_72h_fac=0.9099738733;
k_DSBO=0.0003925974;
k_DSBN=0.0000428996;
k_CyA=2.1889227783;
fVX=0.0015096720;
kf_ATR_MGMT_P=0.0000120327;
k_ATR=0.0195680931;
K_add=0.0000586375;
kd_pATR=0.0040030872;
k_Chk1=395.5666582025;
C_Chk1=0.7379651226;
pChk1_ref12_5_24h=0.0090488626;
pChk1_ref100_24h=0.0095253338;
pChk1_ref100_48h=0.0115701720;
kd_pChk1=0.0586866266;
k_cdc25=249.1222377502;
K_cdc25=1.1059452317;
kf_p53=0.0004864262;
k_p53=30.7411280328;
K_ATR=0.0003798036;
p53ser46_ref50_72h=0.0005310366;
kp_ser46=5.4643701630;
K_p53=0.3774385791;
upAsy=0.2630128185;
sness=0.0052252249;
k_apop=0.0681945652;
tED50=372.7012024564;
cell_pop_norm0_Jack_MGMT_P=84.3015052779;
k_dis=0.0153110442;

%%%%%%%%%

cost=190.0696882004;

%%%%%%%%%

