TMZout0_Ka_XTMZ(norm)=0.44204;
MGMT_P0(norm)=0.66400;
k_MGMT(norm)=1.00000;
k_addO(norm)=0.33974;
k_addN(norm)=0.36677;
DSB_72h_fac(norm)=0.00010;
k_DSBO(norm)=0.27023;
k_DSBN(norm)=0.40169;
k_CyA(norm)=0.26873;
fVX(norm)=0.10952;
kf_ATR_MGMT_P(norm)=0.56906;
k_ATR(norm)=0.15605;
K_add(norm)=0.00010;
kd_pATR(norm)=0.11130;
k_Chk1(norm)=0.00010;
C_Chk1(norm)=0.38390;
pChk1_ref12_5_24h(norm)=0.00010;
pChk1_ref100_24h(norm)=0.56080;
pChk1_ref100_48h(norm)=0.92143;
kd_pChk1(norm)=0.00010;
k_cdc25(norm)=0.75970;
K_cdc25(norm)=0.89706;
kf_p53(norm)=0.40910;
k_p53(norm)=0.68688;
K_ATR(norm)=0.27537;
p53ser46_ref50_72h(norm)=0.40851;
kp_ser46(norm)=0.56134;
K_p53(norm)=0.00010;
upAsy(norm)=0.00010;
sness(norm)=0.78104;
k_apop(norm)=0.84976;
tED50(norm)=0.14446;
cell_pop_norm0_Jack_MGMT_P(norm)=0.00010;
k_dis(norm)=0.51419;

%%%%%%%%%

TMZout0_Ka_XTMZ=34.3110415900;
MGMT_P0=2.0287053379;
k_MGMT=66.6683225466;
k_addO=0.0089936848;
k_addN=0.1259529668;
DSB_72h_fac=0.6763120313;
k_DSBO=0.0002398304;
k_DSBN=0.0000315967;
k_CyA=1.5600811525;
fVX=0.0009424751;
kf_ATR_MGMT_P=0.0000107104;
k_ATR=0.0144504366;
K_add=0.0000427130;
kd_pATR=0.0025956267;
k_Chk1=292.5525408855;
C_Chk1=0.6273661952;
pChk1_ref12_5_24h=0.0046411643;
pChk1_ref100_24h=0.0074807385;
pChk1_ref100_48h=0.0114802495;
kd_pChk1=0.0497305343;
k_cdc25=279.6186563191;
K_cdc25=1.7567385875;
kf_p53=0.0005952484;
k_p53=40.4907831677;
K_ATR=0.0003190984;
p53ser46_ref50_72h=0.0004690560;
kp_ser46=3.7681124476;
K_p53=0.3225607171;
upAsy=0.1534735768;
sness=0.0049150837;
k_apop=0.0798356365;
tED50=256.4672551277;
cell_pop_norm0_Jack_MGMT_P=70.0024967691;
k_dis=0.0152658236;

%%%%%%%%%

cost=177.7086305318;

%%%%%%%%%

