TMZout0_Ka_XTMZ(norm)=0.17373;
MGMT_P0(norm)=0.95828;
k_MGMT(norm)=0.37182;
k_addO(norm)=0.57332;
k_addN(norm)=0.18054;
DSB_72h_fac(norm)=0.71471;
k_DSBO(norm)=0.42334;
k_DSBN(norm)=0.83379;
k_CyA(norm)=0.51828;
fVX(norm)=0.91414;
kf_ATR_MGMT_P(norm)=0.59950;
k_ATR(norm)=0.67020;
K_add(norm)=0.47769;
kd_pATR(norm)=0.92082;
k_Chk1(norm)=0.38124;
C_Chk1(norm)=0.61165;
pChk1_ref12_5_24h(norm)=0.51777;
pChk1_ref100_24h(norm)=0.52088;
pChk1_ref100_48h(norm)=0.57660;
kd_pChk1(norm)=0.49233;
k_cdc25(norm)=0.15132;
K_cdc25(norm)=0.54133;
kf_p53(norm)=0.73156;
k_p53(norm)=0.56672;
K_ATR(norm)=0.58092;
p53ser46_ref50_72h(norm)=0.77111;
kp_ser46(norm)=0.66599;
K_p53(norm)=0.66300;
upAsy(norm)=0.38417;
sness(norm)=0.04346;
k_apop(norm)=0.61590;
tED50(norm)=0.54907;
cell_pop_norm0_Jack_MGMT_P(norm)=0.17664;
k_dis(norm)=0.63056;

%%%%%%%%%

TMZout0_Ka_XTMZ=32.2614142550;
MGMT_P0=2.4359820763;
k_MGMT=39.1527662141;
k_addO=0.0109620409;
k_addN=0.1075668414;
DSB_72h_fac=1.1375542964;
k_DSBO=0.0002730524;
k_DSBN=0.0000455665;
k_CyA=1.9274107487;
fVX=0.0018636007;
kf_ATR_MGMT_P=0.0000109903;
k_ATR=0.0223396149;
K_add=0.0000640179;
kd_pATR=0.0051538051;
k_Chk1=404.0678061398;
C_Chk1=0.7608970128;
pChk1_ref12_5_24h=0.0071964149;
pChk1_ref100_24h=0.0072319109;
pChk1_ref100_48h=0.0085715483;
kd_pChk1=0.0754661694;
k_cdc25=166.9922111182;
K_cdc25=1.2995856790;
kf_p53=0.0007822696;
k_p53=36.5710165079;
K_ATR=0.0004133896;
p53ser46_ref50_72h=0.0006377556;
kp_ser46=4.1174855474;
K_p53=0.5656452884;
upAsy=0.2125013813;
sness=0.0026309778;
k_apop=0.0654853818;
tED50=361.3418339369;
cell_pop_norm0_Jack_MGMT_P=74.5521178797;
k_dis=0.0168477767;

%%%%%%%%%

cost=123.5093306014;

%%%%%%%%%

