TMZout0_Ka_XTMZ(norm)=0.57129;
MGMT_P0(norm)=0.76124;
k_MGMT(norm)=0.09976;
k_addO(norm)=0.78969;
k_addN(norm)=0.59556;
DSB_72h_fac(norm)=0.17372;
k_DSBO(norm)=0.83040;
k_DSBN(norm)=0.41086;
k_CyA(norm)=0.46152;
fVX(norm)=1.00000;
kf_ATR_MGMT_P(norm)=0.43716;
k_ATR(norm)=0.64629;
K_add(norm)=0.83956;
kd_pATR(norm)=0.27961;
k_Chk1(norm)=0.12262;
C_Chk1(norm)=0.34912;
pChk1_ref12_5_24h(norm)=0.22749;
pChk1_ref100_24h(norm)=0.62024;
pChk1_ref100_48h(norm)=0.51542;
kd_pChk1(norm)=0.37235;
k_cdc25(norm)=0.61164;
K_cdc25(norm)=0.13674;
kf_p53(norm)=0.59741;
k_p53(norm)=0.64878;
K_ATR(norm)=0.36731;
p53ser46_ref50_72h(norm)=0.07761;
kp_ser46(norm)=0.02834;
K_p53(norm)=0.61212;
upAsy(norm)=0.12112;
sness(norm)=0.63062;
k_apop(norm)=0.62122;
tED50(norm)=0.91332;
cell_pop_norm0_Jack_MGMT_P(norm)=0.80150;
k_dis(norm)=0.49598;

%%%%%%%%%

TMZout0_Ka_XTMZ=35.3444453558;
MGMT_P0=2.1551289334;
k_MGMT=31.0921864703;
k_addO=0.0131677150;
k_addN=0.1528958649;
DSB_72h_fac=0.7673842644;
k_DSBO=0.0003855071;
k_DSBN=0.0000318432;
k_CyA=1.8369176239;
fVX=0.0020042231;
kf_ATR_MGMT_P=0.0000095779;
k_ATR=0.0218916448;
K_add=0.0000869883;
kd_pATR=0.0029935005;
k_Chk1=324.5552089747;
C_Chk1=0.6091450312;
pChk1_ref12_5_24h=0.0056273359;
pChk1_ref100_24h=0.0078671440;
pChk1_ref100_48h=0.0081385502;
kd_pChk1=0.0681717050;
k_cdc25=246.6505136992;
K_cdc25=0.9224118146;
kf_p53=0.0006982228;
k_p53=39.2045177267;
K_ATR=0.0003449480;
p53ser46_ref50_72h=0.0003543756;
kp_ser46=2.3987891635;
K_p53=0.5417769798;
upAsy=0.1700462914;
sness=0.0043268958;
k_apop=0.0657809194;
tED50=491.9845894515;
cell_pop_norm0_Jack_MGMT_P=93.1649123060;
k_dis=0.0150322053;

%%%%%%%%%

cost=573.0892845078;

%%%%%%%%%

