TMZout0_Ka_XTMZ(norm)=0.33557;
MGMT_P0(norm)=0.95760;
k_MGMT(norm)=0.17921;
k_addO(norm)=0.54685;
k_addN(norm)=0.75422;
DSB_72h_fac(norm)=0.78060;
k_DSBO(norm)=0.72448;
k_DSBN(norm)=0.53971;
k_CyA(norm)=0.52636;
fVX(norm)=0.52690;
kf_ATR_MGMT_P(norm)=0.60845;
k_ATR(norm)=0.64116;
K_add(norm)=0.65062;
kd_pATR(norm)=0.73587;
k_Chk1(norm)=0.50638;
C_Chk1(norm)=0.61369;
pChk1_ref12_5_24h(norm)=0.56569;
pChk1_ref100_24h(norm)=0.56871;
pChk1_ref100_48h(norm)=0.61075;
kd_pChk1(norm)=0.53959;
k_cdc25(norm)=0.71649;
K_cdc25(norm)=0.64020;
kf_p53(norm)=0.74592;
k_p53(norm)=0.36046;
K_ATR(norm)=0.45396;
p53ser46_ref50_72h(norm)=0.75826;
kp_ser46(norm)=0.65951;
K_p53(norm)=0.09058;
upAsy(norm)=0.60259;
sness(norm)=0.78817;
k_apop(norm)=0.56528;
tED50(norm)=0.34900;
cell_pop_norm0_Jack_MGMT_P(norm)=0.16746;
k_dis(norm)=0.57922;

%%%%%%%%%

TMZout0_Ka_XTMZ=33.4825913052;
MGMT_P0=2.4349630986;
k_MGMT=33.2573002761;
k_addO=0.0107188917;
k_addN=0.1748956347;
DSB_72h_fac=1.1934242036;
k_DSBO=0.0003524159;
k_DSBN=0.0000355166;
k_CyA=1.9406476948;
fVX=0.0013423236;
kf_ATR_MGMT_P=0.0000110740;
k_ATR=0.0217967470;
K_add=0.0000741200;
kd_pATR=0.0044062617;
k_Chk1=449.2658899557;
C_Chk1=0.7622169872;
pChk1_ref12_5_24h=0.0074946532;
pChk1_ref100_24h=0.0075310383;
pChk1_ref100_48h=0.0088232498;
kd_pChk1=0.0785492846;
k_cdc25=269.5668163521;
K_cdc25=1.4131418591;
kf_p53=0.0007918447;
k_p53=30.7070550774;
K_ATR=0.0003712271;
p53ser46_ref50_72h=0.0006308472;
kp_ser46=4.0949563232;
K_p53=0.3482613567;
upAsy=0.2557040817;
sness=0.0049448447;
k_apop=0.0627360216;
tED50=304.9979710369;
cell_pop_norm0_Jack_MGMT_P=74.3085154251;
k_dis=0.0161306183;

%%%%%%%%%

cost=123.1598312390;

%%%%%%%%%

