TMZout0_Ka_XTMZ(norm)=0.32939;
MGMT_P0(norm)=0.07911;
k_MGMT(norm)=0.68966;
k_addO(norm)=0.44243;
k_addN(norm)=0.53542;
DSB_72h_fac(norm)=0.57415;
k_DSBO(norm)=0.98287;
k_DSBN(norm)=0.58584;
k_CyA(norm)=0.36345;
fVX(norm)=0.57560;
kf_ATR_MGMT_P(norm)=0.42642;
k_ATR(norm)=0.69591;
K_add(norm)=0.56397;
kd_pATR(norm)=0.56754;
k_Chk1(norm)=0.59958;
C_Chk1(norm)=0.49930;
pChk1_ref12_5_24h(norm)=0.45939;
pChk1_ref100_24h(norm)=0.56171;
pChk1_ref100_48h(norm)=0.52596;
kd_pChk1(norm)=0.19670;
k_cdc25(norm)=0.67090;
K_cdc25(norm)=0.00010;
kf_p53(norm)=0.97031;
k_p53(norm)=0.56159;
K_ATR(norm)=0.70435;
p53ser46_ref50_72h(norm)=0.77660;
kp_ser46(norm)=0.96253;
K_p53(norm)=0.10663;
upAsy(norm)=0.28768;
sness(norm)=0.63873;
k_apop(norm)=0.36744;
tED50(norm)=0.58097;
cell_pop_norm0_Jack_MGMT_P(norm)=0.27273;
k_dis(norm)=0.66753;

%%%%%%%%%

TMZout0_Ka_XTMZ=33.4350922705;
MGMT_P0=1.5143381965;
k_MGMT=45.7317728783;
k_addO=0.0096704469;
k_addN=0.1340311145;
DSB_72h_fac=1.0168078879;
k_DSBO=0.0004460291;
k_DSBN=0.0000414918;
k_CyA=1.7171912127;
fVX=0.0013628452;
kf_ATR_MGMT_P=0.0000095037;
k_ATR=0.0208896272;
K_add=0.0000712735;
kd_pATR=0.0031300833;
k_Chk1=440.7799752909;
C_Chk1=0.6928878137;
pChk1_ref12_5_24h=0.0063932404;
pChk1_ref100_24h=0.0069813635;
pChk1_ref100_48h=0.0079540474;
kd_pChk1=0.0564644138;
k_cdc25=318.1711385989;
K_cdc25=0.8159212781;
kf_p53=0.0009320350;
k_p53=29.4184622717;
K_ATR=0.0003810507;
p53ser46_ref50_72h=0.0006502952;
kp_ser46=5.8599365315;
K_p53=0.5511664026;
upAsy=0.2156135504;
sness=0.0041326456;
k_apop=0.0528103036;
tED50=408.1650059465;
cell_pop_norm0_Jack_MGMT_P=77.1515010840;
k_dis=0.0174317825;

%%%%%%%%%

cost=625.0909444410;

%%%%%%%%%

