TMZout0_Ka_XTMZ(norm)=0.31608;
MGMT_P0(norm)=0.73388;
k_MGMT(norm)=0.73345;
k_addO(norm)=0.53245;
k_addN(norm)=0.56605;
DSB_72h_fac(norm)=0.69582;
k_DSBO(norm)=0.59532;
k_DSBN(norm)=0.99477;
k_CyA(norm)=0.90584;
fVX(norm)=0.57069;
kf_ATR_MGMT_P(norm)=0.59643;
k_ATR(norm)=0.27630;
K_add(norm)=0.64104;
kd_pATR(norm)=0.29055;
k_Chk1(norm)=0.28463;
C_Chk1(norm)=0.53885;
pChk1_ref12_5_24h(norm)=0.35957;
pChk1_ref100_24h(norm)=0.36220;
pChk1_ref100_48h(norm)=0.53857;
kd_pChk1(norm)=0.39253;
k_cdc25(norm)=0.57484;
K_cdc25(norm)=0.57096;
kf_p53(norm)=0.17557;
k_p53(norm)=0.51609;
K_ATR(norm)=0.29836;
p53ser46_ref50_72h(norm)=0.25019;
kp_ser46(norm)=0.81458;
K_p53(norm)=0.14212;
upAsy(norm)=0.62404;
sness(norm)=0.43052;
k_apop(norm)=0.69191;
tED50(norm)=0.96736;
cell_pop_norm0_Jack_MGMT_P(norm)=0.18120;
k_dis(norm)=0.62794;

%%%%%%%%%

TMZout0_Ka_XTMZ=33.3331427618;
MGMT_P0=2.1187788808;
k_MGMT=53.1907700255;
k_addO=0.0105888886;
k_addN=0.1491204210;
DSB_72h_fac=1.1220248803;
k_DSBO=0.0003158855;
k_DSBN=0.0000522254;
k_CyA=2.6766206319;
fVX=0.0013930660;
kf_ATR_MGMT_P=0.0000109617;
k_ATR=0.0160003886;
K_add=0.0000735211;
kd_pATR=0.0030213629;
k_Chk1=372.3087508662;
C_Chk1=0.7153813955;
pChk1_ref12_5_24h=0.0062936661;
pChk1_ref100_24h=0.0063221429;
pChk1_ref100_48h=0.0082997980;
kd_pChk1=0.0693469802;
k_cdc25=239.0784650377;
K_cdc25=1.3326317397;
kf_p53=0.0004883893;
k_p53=35.0355090860;
K_ATR=0.0003253735;
p53ser46_ref50_72h=0.0004101723;
kp_ser46=4.6699133911;
K_p53=0.3638080136;
upAsy=0.2603927054;
sness=0.0036521308;
k_apop=0.0698414237;
tED50=515.0387634892;
cell_pop_norm0_Jack_MGMT_P=74.6734207169;
k_dis=0.0168104458;

%%%%%%%%%

cost=124.6491353442;

%%%%%%%%%

