TMZout0_Ka_XTMZ(norm)=0.58859;
MGMT_P0(norm)=0.10118;
k_MGMT(norm)=0.51593;
k_addO(norm)=0.57133;
k_addN(norm)=0.52076;
DSB_72h_fac(norm)=0.64340;
k_DSBO(norm)=0.93054;
k_DSBN(norm)=0.65694;
k_CyA(norm)=0.91560;
fVX(norm)=0.23520;
kf_ATR_MGMT_P(norm)=0.77862;
k_ATR(norm)=0.60683;
K_add(norm)=0.10233;
kd_pATR(norm)=0.84279;
k_Chk1(norm)=0.49005;
C_Chk1(norm)=0.61326;
pChk1_ref12_5_24h(norm)=0.18963;
pChk1_ref100_24h(norm)=0.49806;
pChk1_ref100_48h(norm)=0.52266;
kd_pChk1(norm)=0.45002;
k_cdc25(norm)=0.25082;
K_cdc25(norm)=0.69093;
kf_p53(norm)=0.54667;
k_p53(norm)=0.52360;
K_ATR(norm)=0.28590;
p53ser46_ref50_72h(norm)=0.91842;
kp_ser46(norm)=0.24626;
K_p53(norm)=0.51899;
upAsy(norm)=0.29270;
sness(norm)=0.18300;
k_apop(norm)=0.69695;
tED50(norm)=0.57663;
cell_pop_norm0_Jack_MGMT_P(norm)=1.00000;
k_dis(norm)=1.00000;

%%%%%%%%%

TMZout0_Ka_XTMZ=35.4851079727;
MGMT_P0=1.4297297291;
k_MGMT=44.2377371973;
k_addO=0.0109435697;
k_addN=0.1435061396;
DSB_72h_fac=1.0800354252;
k_DSBO=0.0004196460;
k_DSBN=0.0000392256;
k_CyA=2.6988474835;
fVX=0.0010483734;
kf_ATR_MGMT_P=0.0000127915;
k_ATR=0.0211717723;
K_add=0.0000465778;
kd_pATR=0.0048240732;
k_Chk1=443.0908902102;
C_Chk1=0.7619370221;
pChk1_ref12_5_24h=0.0054496772;
pChk1_ref100_24h=0.0070934656;
pChk1_ref100_48h=0.0081886759;
kd_pChk1=0.0728084025;
k_cdc25=181.6808668898;
K_cdc25=1.4752138257;
kf_p53=0.0006688399;
k_p53=35.2590548694;
K_ATR=0.0003219560;
p53ser46_ref50_72h=0.0007225387;
kp_ser46=2.8852356905;
K_p53=0.5006672903;
upAsy=0.1966537887;
sness=0.0029611888;
k_apop=0.0701404415;
tED50=369.8784334249;
cell_pop_norm0_Jack_MGMT_P=100.0000000000;
k_dis=0.0230403219;

%%%%%%%%%

cost=887.9419664257;

%%%%%%%%%

