TMZout0_Ka_XTMZ(norm)=0.42594;
MGMT_P0(norm)=0.24372;
k_MGMT(norm)=0.37993;
k_addO(norm)=0.37437;
k_addN(norm)=0.06758;
DSB_72h_fac(norm)=0.00010;
k_DSBO(norm)=0.00010;
k_DSBN(norm)=0.26987;
k_CyA(norm)=0.24083;
fVX(norm)=0.27969;
kf_ATR_MGMT_P(norm)=1.00000;
k_ATR(norm)=0.45279;
K_add(norm)=0.47708;
kd_pATR(norm)=0.59489;
k_Chk1(norm)=0.60984;
C_Chk1(norm)=0.00010;
pChk1_ref12_5_24h(norm)=0.26819;
pChk1_ref100_24h(norm)=1.00000;
pChk1_ref100_48h(norm)=0.83390;
kd_pChk1(norm)=0.27563;
k_cdc25(norm)=0.44975;
K_cdc25(norm)=0.35100;
kf_p53(norm)=0.78074;
k_p53(norm)=0.20635;
K_ATR(norm)=0.00010;
p53ser46_ref50_72h(norm)=0.40724;
kp_ser46(norm)=0.77329;
K_p53(norm)=0.11887;
upAsy(norm)=0.71662;
sness(norm)=0.82765;
k_apop(norm)=0.58639;
tED50(norm)=0.50916;
cell_pop_norm0_Jack_MGMT_P(norm)=0.35429;
k_dis(norm)=0.12304;

%%%%%%%%%

TMZout0_Ka_XTMZ=34.1845199079;
MGMT_P0=1.6563031732;
k_MGMT=35.1760602268;
k_addO=0.0091285453;
k_addN=0.0901673839;
DSB_72h_fac=0.6607123948;
k_DSBO=0.0001939667;
k_DSBN=0.0000317462;
k_CyA=1.5477278383;
fVX=0.0010606174;
kf_ATR_MGMT_P=0.0000154510;
k_ATR=0.0170006918;
K_add=0.0000662149;
kd_pATR=0.0032034667;
k_Chk1=444.6274758864;
C_Chk1=0.4539091817;
pChk1_ref12_5_24h=0.0054370612;
pChk1_ref100_24h=0.0101209671;
pChk1_ref100_48h=0.0103252606;
kd_pChk1=0.0603697127;
k_cdc25=263.8054900237;
K_cdc25=1.0984288412;
kf_p53=0.0007937293;
k_p53=21.7719669820;
K_ATR=0.0002098135;
p53ser46_ref50_72h=0.0004755475;
kp_ser46=4.9918070211;
K_p53=0.5569126204;
upAsy=0.3101117737;
sness=0.0048500358;
k_apop=0.0635755904;
tED50=384.0707864533;
cell_pop_norm0_Jack_MGMT_P=79.4287908741;
k_dis=0.0109895862;

%%%%%%%%%

cost=322.2214373573;

%%%%%%%%%

