TMZout0_Ka_XTMZ(norm)=0.63771;
MGMT_P0(norm)=0.56542;
k_MGMT(norm)=0.78245;
k_addO(norm)=0.74994;
k_addN(norm)=0.57760;
DSB_72h_fac(norm)=0.61356;
k_DSBO(norm)=0.83478;
k_DSBN(norm)=0.56291;
k_CyA(norm)=0.65686;
fVX(norm)=0.69799;
kf_ATR_MGMT_P(norm)=0.63478;
k_ATR(norm)=0.53793;
K_add(norm)=0.58733;
kd_pATR(norm)=0.70405;
k_Chk1(norm)=0.59001;
C_Chk1(norm)=0.40298;
pChk1_ref12_5_24h(norm)=0.40610;
pChk1_ref100_24h(norm)=0.51976;
pChk1_ref100_48h(norm)=0.68031;
kd_pChk1(norm)=0.32954;
k_cdc25(norm)=0.12769;
K_cdc25(norm)=0.30524;
kf_p53(norm)=0.70468;
k_p53(norm)=0.51138;
K_ATR(norm)=0.28134;
p53ser46_ref50_72h(norm)=0.16485;
kp_ser46(norm)=0.92263;
K_p53(norm)=0.69111;
upAsy(norm)=0.64953;
sness(norm)=0.58814;
k_apop(norm)=0.66920;
tED50(norm)=0.06779;
cell_pop_norm0_Jack_MGMT_P(norm)=0.38382;
k_dis(norm)=0.65018;

%%%%%%%%%

TMZout0_Ka_XTMZ=35.8875430090;
MGMT_P0=1.9240726847;
k_MGMT=46.3812744202;
k_addO=0.0117057907;
k_addN=0.1138192157;
DSB_72h_fac=1.0438459786;
k_DSBO=0.0004003436;
k_DSBN=0.0000401532;
k_CyA=2.4894676713;
fVX=0.0013984524;
kf_ATR_MGMT_P=0.0000111555;
k_ATR=0.0236545285;
K_add=0.0000749349;
kd_pATR=0.0037404906;
k_Chk1=405.5290719239;
C_Chk1=0.6503969730;
pChk1_ref12_5_24h=0.0066642610;
pChk1_ref100_24h=0.0073500243;
pChk1_ref100_48h=0.0098172921;
kd_pChk1=0.0613086785;
k_cdc25=172.8141557349;
K_cdc25=1.0401156432;
kf_p53=0.0006537220;
k_p53=34.5823708790;
K_ATR=0.0003640989;
p53ser46_ref50_72h=0.0003283909;
kp_ser46=4.4809258178;
K_p53=0.6741432165;
upAsy=0.2629255013;
sness=0.0038197408;
k_apop=0.0709127806;
tED50=281.6508045869;
cell_pop_norm0_Jack_MGMT_P=80.2698387448;
k_dis=0.0172562928;

%%%%%%%%%

cost=768.8384093190;

%%%%%%%%%

