TMZout0_Ka_XTMZ(norm)=0.48495;
MGMT_P0(norm)=0.67367;
k_MGMT(norm)=0.32042;
k_addO(norm)=0.48862;
k_addN(norm)=0.31091;
DSB_72h_fac(norm)=0.60151;
k_DSBO(norm)=0.60699;
k_DSBN(norm)=0.78381;
k_CyA(norm)=0.24510;
fVX(norm)=0.81672;
kf_ATR_MGMT_P(norm)=0.96470;
k_ATR(norm)=0.58473;
K_add(norm)=0.44624;
kd_pATR(norm)=0.66045;
k_Chk1(norm)=0.32971;
C_Chk1(norm)=0.50804;
pChk1_ref12_5_24h(norm)=0.50598;
pChk1_ref100_24h(norm)=0.64760;
pChk1_ref100_48h(norm)=0.76020;
kd_pChk1(norm)=0.91598;
k_cdc25(norm)=0.47461;
K_cdc25(norm)=0.34935;
kf_p53(norm)=0.37130;
k_p53(norm)=0.65308;
K_ATR(norm)=0.13122;
p53ser46_ref50_72h(norm)=0.79867;
kp_ser46(norm)=0.70033;
K_p53(norm)=0.90075;
upAsy(norm)=0.50625;
sness(norm)=0.15474;
k_apop(norm)=0.47869;
tED50(norm)=0.40262;
cell_pop_norm0_Jack_MGMT_P(norm)=0.20170;
k_dis(norm)=0.60415;

%%%%%%%%%

TMZout0_Ka_XTMZ=34.6507186650;
MGMT_P0=2.0409380111;
k_MGMT=37.4844074018;
k_addO=0.0102028398;
k_addN=0.1201303796;
DSB_72h_fac=1.0476114854;
k_DSBO=0.0003190244;
k_DSBN=0.0000436769;
k_CyA=1.5291572102;
fVX=0.0017159377;
kf_ATR_MGMT_P=0.0000149760;
k_ATR=0.0207790543;
K_add=0.0000623347;
kd_pATR=0.0041334926;
k_Chk1=386.8067724438;
C_Chk1=0.6969493188;
pChk1_ref12_5_24h=0.0071248972;
pChk1_ref100_24h=0.0080516583;
pChk1_ref100_48h=0.0100142795;
kd_pChk1=0.1080554344;
k_cdc25=219.6131008788;
K_cdc25=1.1044919338;
kf_p53=0.0005764873;
k_p53=39.3474272635;
K_ATR=0.0002824101;
p53ser46_ref50_72h=0.0006528217;
kp_ser46=4.2390611408;
K_p53=0.6918769825;
upAsy=0.2356602605;
sness=0.0028911201;
k_apop=0.0582976299;
tED50=319.1742488638;
cell_pop_norm0_Jack_MGMT_P=75.2213384273;
k_dis=0.0164749534;

%%%%%%%%%

cost=259.3456057886;

%%%%%%%%%

