TMZout0_Ka_XTMZ(norm)=0.42025;
MGMT_P0(norm)=0.52407;
k_MGMT(norm)=0.42174;
k_addO(norm)=0.97558;
k_addN(norm)=0.88908;
DSB_72h_fac(norm)=0.42734;
k_DSBO(norm)=0.00010;
k_DSBN(norm)=0.00010;
k_CyA(norm)=0.14190;
fVX(norm)=0.41635;
kf_ATR_MGMT_P(norm)=0.93301;
k_ATR(norm)=0.53517;
K_add(norm)=0.46246;
kd_pATR(norm)=0.08022;
k_Chk1(norm)=0.19380;
C_Chk1(norm)=0.32675;
pChk1_ref12_5_24h(norm)=0.00010;
pChk1_ref100_24h(norm)=0.39279;
pChk1_ref100_48h(norm)=0.39667;
kd_pChk1(norm)=1.00000;
k_cdc25(norm)=0.46770;
K_cdc25(norm)=0.56083;
kf_p53(norm)=0.37813;
k_p53(norm)=0.36750;
K_ATR(norm)=0.42789;
p53ser46_ref50_72h(norm)=1.00000;
kp_ser46(norm)=0.36823;
K_p53(norm)=0.28521;
upAsy(norm)=0.18401;
sness(norm)=0.33668;
k_apop(norm)=0.56191;
tED50(norm)=0.41877;
cell_pop_norm0_Jack_MGMT_P(norm)=0.61401;
k_dis(norm)=0.66132;

%%%%%%%%%

TMZout0_Ka_XTMZ=34.1398716539;
MGMT_P0=1.8596734496;
k_MGMT=40.8444739226;
k_addO=0.0154138778;
k_addN=0.1960669380;
DSB_72h_fac=0.9229116154;
k_DSBO=0.0001907665;
k_DSBN=0.0000224836;
k_CyA=1.4011185421;
fVX=0.0012222964;
kf_ATR_MGMT_P=0.0000145792;
k_ATR=0.0199244725;
K_add=0.0000631972;
kd_pATR=0.0025281656;
k_Chk1=344.7310422973;
C_Chk1=0.5977085909;
pChk1_ref12_5_24h=0.0046411643;
pChk1_ref100_24h=0.0064881511;
pChk1_ref100_48h=0.0073595169;
kd_pChk1=0.1160280820;
k_cdc25=218.3321886155;
K_cdc25=1.3212393673;
kf_p53=0.0005798318;
k_p53=30.8909477013;
K_ATR=0.0003631176;
p53ser46_ref50_72h=0.0007742483;
kp_ser46=3.1993694530;
K_p53=0.4107014204;
upAsy=0.1793525784;
sness=0.0033729897;
k_apop=0.0625571167;
tED50=323.5715535357;
cell_pop_norm0_Jack_MGMT_P=87.1383092318;
k_dis=0.0172926556;

%%%%%%%%%

cost=300.1312498699;

%%%%%%%%%

