TMZout0_Ka_XTMZ(norm)=0.30042;
MGMT_P0(norm)=0.77042;
k_MGMT(norm)=0.72446;
k_addO(norm)=0.64768;
k_addN(norm)=0.60596;
DSB_72h_fac(norm)=0.58613;
k_DSBO(norm)=0.53243;
k_DSBN(norm)=0.39554;
k_CyA(norm)=0.46595;
fVX(norm)=0.81090;
kf_ATR_MGMT_P(norm)=0.62285;
k_ATR(norm)=0.47545;
K_add(norm)=0.54032;
kd_pATR(norm)=0.54532;
k_Chk1(norm)=0.53187;
C_Chk1(norm)=0.56637;
pChk1_ref12_5_24h(norm)=0.67386;
pChk1_ref100_24h(norm)=0.66868;
pChk1_ref100_48h(norm)=0.64038;
kd_pChk1(norm)=0.41811;
k_cdc25(norm)=0.63741;
K_cdc25(norm)=0.64557;
kf_p53(norm)=0.40876;
k_p53(norm)=0.60262;
K_ATR(norm)=0.48344;
p53ser46_ref50_72h(norm)=0.43762;
kp_ser46(norm)=0.67870;
K_p53(norm)=0.77340;
upAsy(norm)=0.27890;
sness(norm)=0.60035;
k_apop(norm)=0.44167;
tED50(norm)=0.58065;
cell_pop_norm0_Jack_MGMT_P(norm)=0.13556;
k_dis(norm)=0.58319;

%%%%%%%%%

TMZout0_Ka_XTMZ=33.2135014363;
MGMT_P0=2.1347716903;
k_MGMT=57.1795664068;
k_addO=0.0109112176;
k_addN=0.1467687593;
DSB_72h_fac=1.0008053037;
k_DSBO=0.0003500300;
k_DSBN=0.0000301582;
k_CyA=2.5075594262;
fVX=0.0017604947;
kf_ATR_MGMT_P=0.0000112606;
k_ATR=0.0256884064;
K_add=0.0000870839;
kd_pATR=0.0019187096;
k_Chk1=304.6617604845;
C_Chk1=0.7429458553;
pChk1_ref12_5_24h=0.0095275848;
pChk1_ref100_24h=0.0095416054;
pChk1_ref100_48h=0.0112591790;
kd_pChk1=0.0528955185;
k_cdc25=221.5784900818;
K_cdc25=1.4388291218;
kf_p53=0.0004059036;
k_p53=31.0167040383;
K_ATR=0.0004461974;
p53ser46_ref50_72h=0.0003403540;
kp_ser46=3.3448766152;
K_p53=0.6852597585;
upAsy=0.2170588799;
sness=0.0054415131;
k_apop=0.0546428514;
tED50=411.9559640936;
cell_pop_norm0_Jack_MGMT_P=73.4678237457;
k_dis=0.0156802237;

%%%%%%%%%

cost=125.3119271599;

%%%%%%%%%

