TMZout0_Ka_XTMZ(norm)=0.76627;
MGMT_P0(norm)=0.94931;
k_MGMT(norm)=0.71949;
k_addO(norm)=1.00000;
k_addN(norm)=0.01087;
DSB_72h_fac(norm)=0.47568;
k_DSBO(norm)=0.42740;
k_DSBN(norm)=0.26617;
k_CyA(norm)=1.00000;
fVX(norm)=0.71351;
kf_ATR_MGMT_P(norm)=0.42212;
k_ATR(norm)=0.98930;
K_add(norm)=0.03380;
kd_pATR(norm)=0.65674;
k_Chk1(norm)=0.81550;
C_Chk1(norm)=0.83436;
pChk1_ref12_5_24h(norm)=1.00000;
pChk1_ref100_24h(norm)=0.05448;
pChk1_ref100_48h(norm)=0.19450;
kd_pChk1(norm)=0.71235;
k_cdc25(norm)=0.00010;
K_cdc25(norm)=0.25784;
kf_p53(norm)=0.34304;
k_p53(norm)=0.60075;
K_ATR(norm)=0.05448;
p53ser46_ref50_72h(norm)=0.64435;
kp_ser46(norm)=0.00010;
K_p53(norm)=0.64461;
upAsy(norm)=0.88051;
sness(norm)=0.19577;
k_apop(norm)=0.40602;
tED50(norm)=0.29296;
cell_pop_norm0_Jack_MGMT_P(norm)=0.52336;
k_dis(norm)=0.93457;

%%%%%%%%%

TMZout0_Ka_XTMZ=36.9624476016;
MGMT_P0=2.4224432248;
k_MGMT=52.5652914161;
k_addO=0.0157361294;
k_addN=0.0931633295;
DSB_72h_fac=0.9559497135;
k_DSBO=0.0002739922;
k_DSBN=0.0000281691;
k_CyA=2.8989184694;
fVX=0.0015722557;
kf_ATR_MGMT_P=0.0000094567;
k_ATR=0.0292749477;
K_add=0.0000439504;
kd_pATR=0.0041205239;
k_Chk1=583.7818742260;
C_Chk1=0.9189252011;
pChk1_ref12_5_24h=0.0108284658;
pChk1_ref100_24h=0.0048711104;
pChk1_ref100_48h=0.0062009162;
kd_pChk1=0.0909317917;
k_cdc25=146.9099469980;
K_cdc25=1.0220889275;
kf_p53=0.0005628494;
k_p53=37.6409563850;
K_ATR=0.0002646306;
p53ser46_ref50_72h=0.0005728080;
kp_ser46=2.3420713618;
K_p53=0.5568988362;
upAsy=0.3235959634;
sness=0.0029933810;
k_apop=0.0548164471;
tED50=290.8548447748;
cell_pop_norm0_Jack_MGMT_P=84.3659141343;
k_dis=0.0217977718;

%%%%%%%%%

cost=100000.0000000000;

%%%%%%%%%

