TMZout0_Ka_XTMZ(norm)=0.62959;
MGMT_P0(norm)=0.64525;
k_MGMT(norm)=0.77499;
k_addO(norm)=0.70619;
k_addN(norm)=0.52359;
DSB_72h_fac(norm)=0.76686;
k_DSBO(norm)=0.41420;
k_DSBN(norm)=0.90112;
k_CyA(norm)=1.00000;
fVX(norm)=0.47563;
kf_ATR_MGMT_P(norm)=0.58698;
k_ATR(norm)=0.97198;
K_add(norm)=1.00000;
kd_pATR(norm)=0.93493;
k_Chk1(norm)=0.42980;
C_Chk1(norm)=0.78565;
pChk1_ref12_5_24h(norm)=0.35813;
pChk1_ref100_24h(norm)=0.55052;
pChk1_ref100_48h(norm)=0.95371;
kd_pChk1(norm)=0.98450;
k_cdc25(norm)=0.69662;
K_cdc25(norm)=0.00010;
kf_p53(norm)=1.00000;
k_p53(norm)=0.94290;
K_ATR(norm)=0.56930;
p53ser46_ref50_72h(norm)=1.00000;
kp_ser46(norm)=0.38955;
K_p53(norm)=0.21967;
upAsy(norm)=0.87815;
sness(norm)=0.61964;
k_apop(norm)=0.57908;
tED50(norm)=0.15487;
cell_pop_norm0_Jack_MGMT_P(norm)=0.01058;
k_dis(norm)=0.63697;

%%%%%%%%%

TMZout0_Ka_XTMZ=35.8206781636;
MGMT_P0=2.0051858906;
k_MGMT=55.0959834636;
k_addO=0.0122682539;
k_addN=0.1438512923;
DSB_72h_fac=1.1815478314;
k_DSBO=0.0002709453;
k_DSBN=0.0000482416;
k_CyA=2.8989184694;
fVX=0.0012852550;
kf_ATR_MGMT_P=0.0000108744;
k_ATR=0.0288486058;
K_add=0.0000996552;
kd_pATR=0.0052158052;
k_Chk1=421.0399225300;
C_Chk1=0.8817727520;
pChk1_ref12_5_24h=0.0062859664;
pChk1_ref100_24h=0.0074158331;
pChk1_ref100_48h=0.0117985176;
kd_pChk1=0.1145145566;
k_cdc25=265.0668257890;
K_cdc25=0.8215711239;
kf_p53=0.0009820586;
k_p53=50.2996117179;
K_ATR=0.0004093396;
p53ser46_ref50_72h=0.0007742483;
kp_ser46=3.2576692102;
K_p53=0.3885156886;
upAsy=0.3229506939;
sness=0.0042868318;
k_apop=0.0634738729;
tED50=258.7396545537;
cell_pop_norm0_Jack_MGMT_P=70.2646304659;
k_dis=0.0169395660;

%%%%%%%%%

cost=244.4933529289;

%%%%%%%%%

