TMZout0_Ka_XTMZ(norm)=0.61189;
MGMT_P0(norm)=0.51003;
k_MGMT(norm)=0.45045;
k_addO(norm)=0.07262;
k_addN(norm)=0.71264;
DSB_72h_fac(norm)=0.46983;
k_DSBO(norm)=0.33425;
k_DSBN(norm)=0.35364;
k_CyA(norm)=0.60260;
fVX(norm)=0.37407;
kf_ATR_MGMT_P(norm)=0.76478;
k_ATR(norm)=0.55307;
K_add(norm)=0.27427;
kd_pATR(norm)=0.35133;
k_Chk1(norm)=0.00010;
C_Chk1(norm)=0.21548;
pChk1_ref12_5_24h(norm)=0.21790;
pChk1_ref100_24h(norm)=0.22852;
pChk1_ref100_48h(norm)=0.54099;
kd_pChk1(norm)=0.98890;
k_cdc25(norm)=0.04100;
K_cdc25(norm)=0.40933;
kf_p53(norm)=0.44730;
k_p53(norm)=0.18003;
K_ATR(norm)=0.40447;
p53ser46_ref50_72h(norm)=0.69932;
kp_ser46(norm)=1.00000;
K_p53(norm)=0.36622;
upAsy(norm)=0.91879;
sness(norm)=0.82841;
k_apop(norm)=0.60295;
tED50(norm)=0.65799;
cell_pop_norm0_Jack_MGMT_P(norm)=0.20841;
k_dis(norm)=0.52078;

%%%%%%%%%

TMZout0_Ka_XTMZ=35.6753745250;
MGMT_P0=1.8609225293;
k_MGMT=35.0087204414;
k_addO=0.0065941975;
k_addN=0.1276169500;
DSB_72h_fac=0.9358818327;
k_DSBO=0.0002619701;
k_DSBN=0.0000336289;
k_CyA=2.3775898137;
fVX=0.0010628022;
kf_ATR_MGMT_P=0.0000124545;
k_ATR=0.0239599347;
K_add=0.0000574759;
kd_pATR=0.0027741874;
k_Chk1=246.0080260526;
C_Chk1=0.5548600883;
pChk1_ref12_5_24h=0.0056819446;
pChk1_ref100_24h=0.0057427372;
pChk1_ref100_48h=0.0087241895;
kd_pChk1=0.1071891635;
k_cdc25=160.5756260113;
K_cdc25=1.1360238384;
kf_p53=0.0005256337;
k_p53=26.1169741985;
K_ATR=0.0004041357;
p53ser46_ref50_72h=0.0005164936;
kp_ser46=4.7845179616;
K_p53=0.5119202148;
upAsy=0.3303051275;
sness=0.0046821801;
k_apop=0.0670416091;
tED50=464.3987323435;
cell_pop_norm0_Jack_MGMT_P=75.4016442014;
k_dis=0.0154643173;

%%%%%%%%%

cost=210.2704346518;

%%%%%%%%%

