TMZout0_Ka_XTMZ(norm)=0.71943;
MGMT_P0(norm)=0.75157;
k_MGMT(norm)=0.76165;
k_addO(norm)=0.42791;
k_addN(norm)=0.12092;
DSB_72h_fac(norm)=0.26819;
k_DSBO(norm)=0.55692;
k_DSBN(norm)=0.75785;
k_CyA(norm)=0.62726;
fVX(norm)=0.72936;
kf_ATR_MGMT_P(norm)=0.64733;
k_ATR(norm)=0.68202;
K_add(norm)=0.49277;
kd_pATR(norm)=0.41025;
k_Chk1(norm)=0.68112;
C_Chk1(norm)=0.60819;
pChk1_ref12_5_24h(norm)=0.38098;
pChk1_ref100_24h(norm)=0.60262;
pChk1_ref100_48h(norm)=0.96734;
kd_pChk1(norm)=0.69991;
k_cdc25(norm)=0.57874;
K_cdc25(norm)=0.57020;
kf_p53(norm)=0.72137;
k_p53(norm)=0.25963;
K_ATR(norm)=0.22894;
p53ser46_ref50_72h(norm)=0.57593;
kp_ser46(norm)=0.45448;
K_p53(norm)=0.56841;
upAsy(norm)=0.34294;
sness(norm)=0.44098;
k_apop(norm)=0.46753;
tED50(norm)=0.49228;
cell_pop_norm0_Jack_MGMT_P(norm)=0.30395;
k_dis(norm)=0.43983;

%%%%%%%%%

TMZout0_Ka_XTMZ=36.5671461807;
MGMT_P0=2.1524465477;
k_MGMT=45.5709624819;
k_addO=0.0089104546;
k_addN=0.0772984210;
DSB_72h_fac=0.8029679247;
k_DSBO=0.0003163629;
k_DSBN=0.0000473647;
k_CyA=2.4278027975;
fVX=0.0014361189;
kf_ATR_MGMT_P=0.0000112748;
k_ATR=0.0267262014;
K_add=0.0000691656;
kd_pATR=0.0029162121;
k_Chk1=438.0749649471;
C_Chk1=0.7739128084;
pChk1_ref12_5_24h=0.0065239383;
pChk1_ref100_24h=0.0078845957;
pChk1_ref100_48h=0.0125201967;
kd_pChk1=0.0839093221;
k_cdc25=253.2532720292;
K_cdc25=1.3019153095;
kf_p53=0.0006630329;
k_p53=27.9393535368;
K_ATR=0.0003482868;
p53ser46_ref50_72h=0.0004652223;
kp_ser46=3.0136913031;
K_p53=0.6075784354;
upAsy=0.2027759545;
sness=0.0033719687;
k_apop=0.0597739516;
tED50=403.5634004055;
cell_pop_norm0_Jack_MGMT_P=78.0153294688;
k_dis=0.0144391986;

%%%%%%%%%

cost=170.7899020577;

%%%%%%%%%

