TMZout0_Ka_XTMZ(norm)=0.22061;
MGMT_P0(norm)=0.29811;
k_MGMT(norm)=0.59604;
k_addO(norm)=0.85973;
k_addN(norm)=0.34126;
DSB_72h_fac(norm)=0.70649;
k_DSBO(norm)=0.21596;
k_DSBN(norm)=0.67717;
k_CyA(norm)=0.51961;
fVX(norm)=0.30000;
kf_ATR_MGMT_P(norm)=0.59452;
k_ATR(norm)=0.59216;
K_add(norm)=0.65753;
kd_pATR(norm)=0.29190;
k_Chk1(norm)=0.66765;
C_Chk1(norm)=0.21579;
pChk1_ref12_5_24h(norm)=0.42142;
pChk1_ref100_24h(norm)=0.45450;
pChk1_ref100_48h(norm)=0.81336;
kd_pChk1(norm)=0.32705;
k_cdc25(norm)=0.73346;
K_cdc25(norm)=0.31704;
kf_p53(norm)=0.18804;
k_p53(norm)=0.88818;
K_ATR(norm)=0.42474;
p53ser46_ref50_72h(norm)=0.57430;
kp_ser46(norm)=0.57054;
K_p53(norm)=0.33510;
upAsy(norm)=0.45796;
sness(norm)=0.55674;
k_apop(norm)=0.83927;
tED50(norm)=0.52569;
cell_pop_norm0_Jack_MGMT_P(norm)=0.34147;
k_dis(norm)=0.61380;

%%%%%%%%%

TMZout0_Ka_XTMZ=32.6104468486;
MGMT_P0=1.7060819566;
k_MGMT=42.2442812873;
k_addO=0.0137721667;
k_addN=0.1136991749;
DSB_72h_fac=1.1230560074;
k_DSBO=0.0002328949;
k_DSBN=0.0000448301;
k_CyA=1.9601166835;
fVX=0.0010790291;
kf_ATR_MGMT_P=0.0000109584;
k_ATR=0.0191316651;
K_add=0.0000771537;
kd_pATR=0.0024781527;
k_Chk1=466.9494645432;
C_Chk1=0.5449245310;
pChk1_ref12_5_24h=0.0061908483;
pChk1_ref100_24h=0.0063751616;
pChk1_ref100_48h=0.0101472029;
kd_pChk1=0.0630581695;
k_cdc25=335.4920672536;
K_cdc25=1.0672730223;
kf_p53=0.0004803677;
k_p53=38.7967006817;
K_ATR=0.0003006711;
p53ser46_ref50_72h=0.0005478584;
kp_ser46=4.2038933013;
K_p53=0.6688909373;
upAsy=0.2490791396;
sness=0.0038553044;
k_apop=0.0787667337;
tED50=389.4873246440;
cell_pop_norm0_Jack_MGMT_P=79.0663561523;
k_dis=0.0166559848;

%%%%%%%%%

cost=231.3650137683;

%%%%%%%%%

