TMZout0_Ka_XTMZ(norm)=0.25000;
MGMT_P0(norm)=0.75000;
k_MGMT(norm)=0.75000;
k_addO(norm)=0.25000;
k_addN(norm)=0.75000;
DSB_72h_fac(norm)=0.25000;
k_DSBO(norm)=0.50000;
k_DSBN(norm)=0.50000;
k_CyA(norm)=0.75000;
fVX(norm)=0.75000;
kf_ATR_MGMT_P(norm)=0.25000;
k_ATR(norm)=0.50000;
K_add(norm)=0.50000;
kd_pATR(norm)=0.50000;
k_Chk1(norm)=0.75000;
C_Chk1(norm)=0.75000;
pChk1_ref12_5_24h(norm)=0.25000;
pChk1_ref100_24h(norm)=0.75000;
pChk1_ref100_48h(norm)=0.50000;
kd_pChk1(norm)=0.25000;
k_cdc25(norm)=0.25000;
K_cdc25(norm)=0.50000;
kf_p53(norm)=0.75000;
k_p53(norm)=0.50000;
K_ATR(norm)=0.50000;
p53ser46_ref50_72h(norm)=0.25000;
kp_ser46(norm)=0.75000;
K_p53(norm)=0.25000;
upAsy(norm)=0.50000;
sness(norm)=0.75000;
k_apop(norm)=0.75000;
tED50(norm)=0.75000;
cell_pop_norm0_Jack_MGMT_P(norm)=0.50000;
k_dis(norm)=0.25000;

%%%%%%%%%

TMZout0_Ka_XTMZ=32.8312503013;
MGMT_P0=2.1504113644;
k_MGMT=45.1235130329;
k_addO=0.0076636357;
k_addN=0.1317213311;
DSB_72h_fac=0.7919470059;
k_DSBO=0.0003014686;
k_DSBN=0.0000380690;
k_CyA=2.6938807088;
fVX=0.0014614562;
kf_ATR_MGMT_P=0.0000080519;
k_ATR=0.0229064935;
K_add=0.0000695904;
kd_pATR=0.0031466166;
k_Chk1=464.4030545131;
C_Chk1=0.8727203024;
pChk1_ref12_5_24h=0.0058386252;
pChk1_ref100_24h=0.0089332806;
pChk1_ref100_48h=0.0084263685;
kd_pChk1=0.0573128581;
k_cdc25=191.6843737250;
K_cdc25=1.2267338465;
kf_p53=0.0006793134;
k_p53=34.2504101126;
K_ATR=0.0004382072;
p53ser46_ref50_72h=0.0003529592;
kp_ser46=3.8711855943;
K_p53=0.4639109931;
upAsy=0.2316378521;
sness=0.0043812301;
k_apop=0.0759373279;
tED50=502.0517972530;
cell_pop_norm0_Jack_MGMT_P=83.6660026534;
k_dis=0.0122939369;

%%%%%%%%%

cost=123.2461025839;

%%%%%%%%%

