TMZout0_Ka_XTMZ(norm)=0.55135;
MGMT_P0(norm)=0.26509;
k_MGMT(norm)=0.21413;
k_addO(norm)=0.53047;
k_addN(norm)=0.38124;
DSB_72h_fac(norm)=0.29468;
k_DSBO(norm)=0.99334;
k_DSBN(norm)=0.56837;
k_CyA(norm)=0.72474;
fVX(norm)=0.35538;
kf_ATR_MGMT_P(norm)=0.80685;
k_ATR(norm)=0.28687;
K_add(norm)=0.54987;
kd_pATR(norm)=0.28332;
k_Chk1(norm)=0.08742;
C_Chk1(norm)=0.75646;
pChk1_ref12_5_24h(norm)=0.15041;
pChk1_ref100_24h(norm)=0.61469;
pChk1_ref100_48h(norm)=0.74750;
kd_pChk1(norm)=0.56165;
k_cdc25(norm)=0.75321;
K_cdc25(norm)=0.19065;
kf_p53(norm)=0.50749;
k_p53(norm)=0.20443;
K_ATR(norm)=0.36180;
p53ser46_ref50_72h(norm)=0.24849;
kp_ser46(norm)=0.67037;
K_p53(norm)=0.65708;
upAsy(norm)=0.21315;
sness(norm)=0.58178;
k_apop(norm)=0.51193;
tED50(norm)=0.43863;
cell_pop_norm0_Jack_MGMT_P(norm)=0.00010;
k_dis(norm)=0.12517;

%%%%%%%%%

TMZout0_Ka_XTMZ=35.1830007239;
MGMT_P0=1.5831098898;
k_MGMT=34.2559742275;
k_addO=0.0105711108;
k_addN=0.1275059823;
DSB_72h_fac=0.8379890101;
k_DSBO=0.0004425782;
k_DSBN=0.0000363895;
k_CyA=2.2958662029;
fVX=0.0011607555;
kf_ATR_MGMT_P=0.0000131011;
k_ATR=0.0161443215;
K_add=0.0000680554;
kd_pATR=0.0030029239;
k_Chk1=315.0182137291;
C_Chk1=0.8602266830;
pChk1_ref12_5_24h=0.0052715388;
pChk1_ref100_24h=0.0078302080;
pChk1_ref100_48h=0.0099071321;
kd_pChk1=0.0800316030;
k_cdc25=278.0855584932;
K_cdc25=0.9655236932;
kf_p53=0.0006470018;
k_p53=26.9045514855;
K_ATR=0.0003433419;
p53ser46_ref50_72h=0.0004095845;
kp_ser46=4.1327949374;
K_p53=0.5628139052;
upAsy=0.1838356098;
sness=0.0041515218;
k_apop=0.0599628809;
tED50=329.0637854959;
cell_pop_norm0_Jack_MGMT_P=70.0024967691;
k_dis=0.0109792060;

%%%%%%%%%

cost=273.3141636215;

%%%%%%%%%

