TMZout0_Ka_XTMZ(norm)=0.15323;
MGMT_P0(norm)=0.81800;
k_MGMT(norm)=0.70586;
k_addO(norm)=0.68844;
k_addN(norm)=0.95462;
DSB_72h_fac(norm)=0.76471;
k_DSBO(norm)=0.59168;
k_DSBN(norm)=0.38580;
k_CyA(norm)=0.57022;
fVX(norm)=0.22628;
kf_ATR_MGMT_P(norm)=0.57595;
k_ATR(norm)=0.54781;
K_add(norm)=0.61211;
kd_pATR(norm)=0.72601;
k_Chk1(norm)=0.47392;
C_Chk1(norm)=0.57928;
pChk1_ref12_5_24h(norm)=0.57887;
pChk1_ref100_24h(norm)=0.57683;
pChk1_ref100_48h(norm)=0.54494;
kd_pChk1(norm)=0.48618;
k_cdc25(norm)=0.44821;
K_cdc25(norm)=0.58791;
kf_p53(norm)=0.50333;
k_p53(norm)=0.47857;
K_ATR(norm)=0.47493;
p53ser46_ref50_72h(norm)=0.48705;
kp_ser46(norm)=0.59830;
K_p53(norm)=0.82158;
upAsy(norm)=0.47491;
sness(norm)=0.41491;
k_apop(norm)=0.82969;
tED50(norm)=0.59307;
cell_pop_norm0_Jack_MGMT_P(norm)=0.14212;
k_dis(norm)=0.63269;

%%%%%%%%%

TMZout0_Ka_XTMZ=32.1099140183;
MGMT_P0=2.2567493151;
k_MGMT=44.9569219761;
k_addO=0.0113310042;
k_addN=0.1684018193;
DSB_72h_fac=1.1720199405;
k_DSBO=0.0003254348;
k_DSBN=0.0000334461;
k_CyA=2.4190882233;
fVX=0.0010493895;
kf_ATR_MGMT_P=0.0000107856;
k_ATR=0.0255493093;
K_add=0.0000830691;
kd_pATR=0.0030667718;
k_Chk1=305.3162251874;
C_Chk1=0.7479496871;
pChk1_ref12_5_24h=0.0084750123;
pChk1_ref100_24h=0.0084792496;
pChk1_ref100_48h=0.0101873074;
kd_pChk1=0.0580007453;
k_cdc25=205.8456826453;
K_cdc25=1.3948149973;
kf_p53=0.0005377689;
k_p53=29.8647600012;
K_ATR=0.0004210465;
p53ser46_ref50_72h=0.0004416297;
kp_ser46=3.3482384767;
K_p53=0.7881393495;
upAsy=0.1791379266;
sness=0.0032545342;
k_apop=0.0714789779;
tED50=381.7424401435;
cell_pop_norm0_Jack_MGMT_P=73.6397248860;
k_dis=0.0167999084;

%%%%%%%%%

cost=124.4810593248;

%%%%%%%%%

