TMZout0_Ka_XTMZ(norm)=0.65173;
MGMT_P0(norm)=0.37960;
k_MGMT(norm)=0.43114;
k_addO(norm)=0.08565;
k_addN(norm)=0.63228;
DSB_72h_fac(norm)=0.75072;
k_DSBO(norm)=0.67115;
k_DSBN(norm)=0.53809;
k_CyA(norm)=0.10891;
fVX(norm)=0.34112;
kf_ATR_MGMT_P(norm)=0.80535;
k_ATR(norm)=0.56569;
K_add(norm)=0.70518;
kd_pATR(norm)=0.39462;
k_Chk1(norm)=0.22561;
C_Chk1(norm)=0.97714;
pChk1_ref12_5_24h(norm)=0.80244;
pChk1_ref100_24h(norm)=0.95039;
pChk1_ref100_48h(norm)=0.92144;
kd_pChk1(norm)=0.41504;
k_cdc25(norm)=0.85166;
K_cdc25(norm)=0.00010;
kf_p53(norm)=0.80945;
k_p53(norm)=0.50350;
K_ATR(norm)=0.06388;
p53ser46_ref50_72h(norm)=0.85044;
kp_ser46(norm)=0.37698;
K_p53(norm)=0.36380;
upAsy(norm)=0.66809;
sness(norm)=0.01656;
k_apop(norm)=0.69813;
tED50(norm)=0.00010;
cell_pop_norm0_Jack_MGMT_P(norm)=0.14652;
k_dis(norm)=0.60597;

%%%%%%%%%

TMZout0_Ka_XTMZ=36.0032070676;
MGMT_P0=1.6999206797;
k_MGMT=41.1710549333;
k_addO=0.0072516766;
k_addN=0.1577280647;
DSB_72h_fac=1.1677610780;
k_DSBO=0.0003368463;
k_DSBN=0.0000354679;
k_CyA=1.3624949643;
fVX=0.0011468195;
kf_ATR_MGMT_P=0.0000130845;
k_ATR=0.0204465195;
K_add=0.0000776269;
kd_pATR=0.0032998838;
k_Chk1=354.1483974473;
C_Chk1=1.0370928054;
pChk1_ref12_5_24h=0.0091594881;
pChk1_ref100_24h=0.0104064741;
pChk1_ref100_48h=0.0114803658;
kd_pChk1=0.0706825146;
k_cdc25=302.2774427639;
K_cdc25=0.8215711239;
kf_p53=0.0008356406;
k_p53=34.6636369613;
K_ATR=0.0002667464;
p53ser46_ref50_72h=0.0006820967;
kp_ser46=3.2231621904;
K_p53=0.4389796329;
upAsy=0.2702951505;
sness=0.0025716843;
k_apop=0.0702102585;
tED50=226.9392185870;
cell_pop_norm0_Jack_MGMT_P=73.7555838975;
k_dis=0.0165003404;

%%%%%%%%%

cost=220.0618956115;

%%%%%%%%%

