TMZout0_Ka_XTMZ(norm)=0.67033;
MGMT_P0(norm)=0.84169;
k_MGMT(norm)=0.43194;
k_addO(norm)=0.51331;
k_addN(norm)=0.42439;
DSB_72h_fac(norm)=0.74172;
k_DSBO(norm)=0.61745;
k_DSBN(norm)=0.79017;
k_CyA(norm)=0.65341;
fVX(norm)=0.48625;
kf_ATR_MGMT_P(norm)=0.58888;
k_ATR(norm)=0.20892;
K_add(norm)=0.57915;
kd_pATR(norm)=0.64762;
k_Chk1(norm)=0.79189;
C_Chk1(norm)=0.60369;
pChk1_ref12_5_24h(norm)=0.55371;
pChk1_ref100_24h(norm)=0.55731;
pChk1_ref100_48h(norm)=0.57031;
kd_pChk1(norm)=0.53222;
k_cdc25(norm)=0.31831;
K_cdc25(norm)=0.58357;
kf_p53(norm)=0.42112;
k_p53(norm)=0.47808;
K_ATR(norm)=0.18720;
p53ser46_ref50_72h(norm)=0.45026;
kp_ser46(norm)=0.95597;
K_p53(norm)=0.59640;
upAsy(norm)=0.31297;
sness(norm)=0.35476;
k_apop(norm)=0.58748;
tED50(norm)=0.68298;
cell_pop_norm0_Jack_MGMT_P(norm)=0.18743;
k_dis(norm)=0.61704;

%%%%%%%%%

TMZout0_Ka_XTMZ=36.1572452859;
MGMT_P0=2.2656679433;
k_MGMT=41.1988834894;
k_addO=0.0104185313;
k_addN=0.1322538978;
DSB_72h_fac=1.1601368633;
k_DSBO=0.0003218655;
k_DSBN=0.0000439130;
k_CyA=2.1612205847;
fVX=0.0012968716;
kf_ATR_MGMT_P=0.0000108919;
k_ATR=0.0151125148;
K_add=0.0000697648;
kd_pATR=0.0040888201;
k_Chk1=572.2234247625;
C_Chk1=0.7557842807;
pChk1_ref12_5_24h=0.0074189211;
pChk1_ref100_24h=0.0074586426;
pChk1_ref100_48h=0.0085260559;
kd_pChk1=0.0780601857;
k_cdc25=192.3738508339;
K_cdc25=1.3469425043;
kf_p53=0.0006013425;
k_p53=33.9251593163;
K_ATR=0.0002961281;
p53ser46_ref50_72h=0.0004859481;
kp_ser46=5.2642776667;
K_p53=0.5346104845;
upAsy=0.2000604515;
sness=0.0034250601;
k_apop=0.0639271375;
tED50=404.7549934981;
cell_pop_norm0_Jack_MGMT_P=74.8395812708;
k_dis=0.0166559606;

%%%%%%%%%

cost=123.2567251573;

%%%%%%%%%

