TMZout0_Ka_XTMZ(norm)=0.48575;
MGMT_P0(norm)=0.48385;
k_MGMT(norm)=0.85434;
k_addO(norm)=0.77118;
k_addN(norm)=0.63358;
DSB_72h_fac(norm)=0.43318;
k_DSBO(norm)=0.44182;
k_DSBN(norm)=0.28309;
k_CyA(norm)=0.54444;
fVX(norm)=0.57064;
kf_ATR_MGMT_P(norm)=0.98944;
k_ATR(norm)=0.40378;
K_add(norm)=0.60605;
kd_pATR(norm)=0.44734;
k_Chk1(norm)=0.18202;
C_Chk1(norm)=0.98917;
pChk1_ref12_5_24h(norm)=0.55016;
pChk1_ref100_24h(norm)=0.55469;
pChk1_ref100_48h(norm)=0.48626;
kd_pChk1(norm)=0.05299;
k_cdc25(norm)=0.44132;
K_cdc25(norm)=0.06224;
kf_p53(norm)=0.72593;
k_p53(norm)=0.28811;
K_ATR(norm)=0.40045;
p53ser46_ref50_72h(norm)=0.66609;
kp_ser46(norm)=0.45093;
K_p53(norm)=0.33165;
upAsy(norm)=0.23231;
sness(norm)=0.25803;
k_apop(norm)=0.72956;
tED50(norm)=0.55822;
cell_pop_norm0_Jack_MGMT_P(norm)=0.00010;
k_dis(norm)=0.45043;

%%%%%%%%%

TMZout0_Ka_XTMZ=34.6571185408;
MGMT_P0=1.8137479727;
k_MGMT=58.9276675126;
k_addO=0.0129627081;
k_addN=0.1579014481;
DSB_72h_fac=0.9268430061;
k_DSBO=0.0002773598;
k_DSBN=0.0000285758;
k_CyA=1.9706014406;
fVX=0.0013930031;
kf_ATR_MGMT_P=0.0000152932;
k_ATR=0.0178254806;
K_add=0.0000713730;
kd_pATR=0.0034506276;
k_Chk1=341.3088340129;
C_Chk1=1.0477185171;
pChk1_ref12_5_24h=0.0073966710;
pChk1_ref100_24h=0.0074420694;
pChk1_ref100_48h=0.0079399568;
kd_pChk1=0.0520099838;
k_cdc25=213.5057928724;
K_cdc25=0.8659884481;
kf_p53=0.0007785522;
k_p53=28.8813706049;
K_ATR=0.0003547717;
p53ser46_ref50_72h=0.0005834596;
kp_ser46=3.4315980222;
K_p53=0.4271849391;
upAsy=0.1868447597;
sness=0.0031555374;
k_apop=0.0721054782;
tED50=364.1524125893;
cell_pop_norm0_Jack_MGMT_P=70.0024967691;
k_dis=0.0144630271;

%%%%%%%%%

cost=235.9225641824;

%%%%%%%%%

