TMZout0_Ka_XTMZ(norm)=0.20819;
MGMT_P0(norm)=0.55872;
k_MGMT(norm)=0.15403;
k_addO(norm)=0.49147;
k_addN(norm)=0.53280;
DSB_72h_fac(norm)=0.38462;
k_DSBO(norm)=0.49880;
k_DSBN(norm)=0.49600;
k_CyA(norm)=0.25073;
fVX(norm)=0.37132;
kf_ATR_MGMT_P(norm)=0.44488;
k_ATR(norm)=0.89570;
K_add(norm)=0.71954;
kd_pATR(norm)=0.70131;
k_Chk1(norm)=0.22882;
C_Chk1(norm)=0.70273;
pChk1_ref12_5_24h(norm)=0.28479;
pChk1_ref100_24h(norm)=0.73631;
pChk1_ref100_48h(norm)=0.72080;
kd_pChk1(norm)=0.31114;
k_cdc25(norm)=0.77718;
K_cdc25(norm)=0.75966;
kf_p53(norm)=0.39769;
k_p53(norm)=0.34764;
K_ATR(norm)=0.33314;
p53ser46_ref50_72h(norm)=0.45164;
kp_ser46(norm)=0.49102;
K_p53(norm)=0.25095;
upAsy(norm)=0.67483;
sness(norm)=1.00000;
k_apop(norm)=0.66717;
tED50(norm)=0.73618;
cell_pop_norm0_Jack_MGMT_P(norm)=0.93453;
k_dis(norm)=0.15929;

%%%%%%%%%

TMZout0_Ka_XTMZ=32.5175995532;
MGMT_P0=1.9001716643;
k_MGMT=32.5552346425;
k_addO=0.0102275043;
k_addN=0.1449774179;
DSB_72h_fac=0.8946638744;
k_DSBO=0.0002910800;
k_DSBN=0.0000342251;
k_CyA=1.5364657430;
fVX=0.0011765392;
kf_ATR_MGMT_P=0.0000096408;
k_ATR=0.0270430221;
K_add=0.0000785775;
kd_pATR=0.0042791243;
k_Chk1=355.1137355658;
C_Chk1=0.8219462314;
pChk1_ref12_5_24h=0.0059072391;
pChk1_ref100_24h=0.0086801658;
pChk1_ref100_48h=0.0096855348;
kd_pChk1=0.0647259817;
k_cdc25=283.7912654560;
K_cdc25=1.5636660183;
kf_p53=0.0005895242;
k_p53=30.3754102325;
K_ATR=0.0003351046;
p53ser46_ref50_72h=0.0004865133;
kp_ser46=3.5501405925;
K_p53=0.3989488854;
upAsy=0.2718429843;
sness=0.0059169975;
k_apop=0.0683924620;
tED50=423.4198401815;
cell_pop_norm0_Jack_MGMT_P=97.6920688448;
k_dis=0.0113012179;

%%%%%%%%%

cost=404.9661192428;

%%%%%%%%%

