TMZout0_Ka_XTMZ(norm)=0.22917;
MGMT_P0(norm)=0.63910;
k_MGMT(norm)=0.19208;
k_addO(norm)=0.83248;
k_addN(norm)=0.40795;
DSB_72h_fac(norm)=0.47447;
k_DSBO(norm)=0.00010;
k_DSBN(norm)=0.42866;
k_CyA(norm)=0.17926;
fVX(norm)=0.29399;
kf_ATR_MGMT_P(norm)=0.11096;
k_ATR(norm)=0.91699;
K_add(norm)=0.02438;
kd_pATR(norm)=0.86418;
k_Chk1(norm)=0.45836;
C_Chk1(norm)=0.55552;
pChk1_ref12_5_24h(norm)=0.03655;
pChk1_ref100_24h(norm)=0.67288;
pChk1_ref100_48h(norm)=0.71170;
kd_pChk1(norm)=0.00010;
k_cdc25(norm)=0.28882;
K_cdc25(norm)=0.60539;
kf_p53(norm)=0.32579;
k_p53(norm)=1.00000;
K_ATR(norm)=0.55561;
p53ser46_ref50_72h(norm)=0.86454;
kp_ser46(norm)=0.71227;
K_p53(norm)=0.32481;
upAsy(norm)=0.30602;
sness(norm)=0.73961;
k_apop(norm)=0.95149;
tED50(norm)=0.69425;
cell_pop_norm0_Jack_MGMT_P(norm)=0.40805;
k_dis(norm)=0.11622;

%%%%%%%%%

TMZout0_Ka_XTMZ=32.6746318159;
MGMT_P0=2.0540794038;
k_MGMT=30.0000163260;
k_addO=0.0134578630;
k_addN=0.1203097902;
DSB_72h_fac=0.9434665566;
k_DSBO=0.0001939667;
k_DSBN=0.0000363181;
k_CyA=1.4690602178;
fVX=0.0010735480;
kf_ATR_MGMT_P=0.0000072746;
k_ATR=0.0251930642;
K_add=0.0000451201;
kd_pATR=0.0040245307;
k_Chk1=391.0705203278;
C_Chk1=0.7266895497;
pChk1_ref12_5_24h=0.0044681539;
pChk1_ref100_24h=0.0076709610;
pChk1_ref100_48h=0.0093097212;
kd_pChk1=0.0478002655;
k_cdc25=230.1782641332;
K_cdc25=1.3626437567;
kf_p53=0.0005398367;
k_p53=42.6524102616;
K_ATR=0.0003359297;
p53ser46_ref50_72h=0.0007005955;
kp_ser46=4.7402960086;
K_p53=0.6630815701;
upAsy=0.2189906825;
sness=0.0045014340;
k_apop=0.0866238151;
tED50=449.2832862113;
cell_pop_norm0_Jack_MGMT_P=80.9665216573;
k_dis=0.0109262539;

%%%%%%%%%

cost=2116.2398389368;

%%%%%%%%%

