TMZout0_Ka_XTMZ(norm)=0.41570;
MGMT_P0(norm)=0.12654;
k_MGMT(norm)=0.00010;
k_addO(norm)=0.71212;
k_addN(norm)=0.59467;
DSB_72h_fac(norm)=0.40107;
k_DSBO(norm)=0.48866;
k_DSBN(norm)=0.54256;
k_CyA(norm)=0.62278;
fVX(norm)=0.40419;
kf_ATR_MGMT_P(norm)=0.75942;
k_ATR(norm)=0.58951;
K_add(norm)=0.79283;
kd_pATR(norm)=0.19903;
k_Chk1(norm)=0.20732;
C_Chk1(norm)=0.33246;
pChk1_ref12_5_24h(norm)=0.47800;
pChk1_ref100_24h(norm)=0.52135;
pChk1_ref100_48h(norm)=0.48296;
kd_pChk1(norm)=0.31792;
k_cdc25(norm)=0.12025;
K_cdc25(norm)=0.62016;
kf_p53(norm)=0.51498;
k_p53(norm)=0.82474;
K_ATR(norm)=0.42344;
p53ser46_ref50_72h(norm)=0.59287;
kp_ser46(norm)=0.84786;
K_p53(norm)=0.58231;
upAsy(norm)=0.06864;
sness(norm)=0.38567;
k_apop(norm)=0.10520;
tED50(norm)=0.24033;
cell_pop_norm0_Jack_MGMT_P(norm)=0.76070;
k_dis(norm)=0.47082;

%%%%%%%%%

TMZout0_Ka_XTMZ=34.1042478935;
MGMT_P0=1.4769927255;
k_MGMT=23.9032587359;
k_addO=0.0113366104;
k_addN=0.1154774519;
DSB_72h_fac=0.8882479630;
k_DSBO=0.0002985847;
k_DSBN=0.0000394668;
k_CyA=2.4185978562;
fVX=0.0010902713;
kf_ATR_MGMT_P=0.0000123980;
k_ATR=0.0247113728;
K_add=0.0000891877;
kd_pATR=0.0024383335;
k_Chk1=293.2246693716;
C_Chk1=0.6126727624;
pChk1_ref12_5_24h=0.0070828809;
pChk1_ref100_24h=0.0073599110;
pChk1_ref100_48h=0.0083055545;
kd_pChk1=0.0607076708;
k_cdc25=171.7281153353;
K_cdc25=1.3582046581;
kf_p53=0.0005566588;
k_p53=45.0986079684;
K_ATR=0.0004106844;
p53ser46_ref50_72h=0.0004719448;
kp_ser46=4.2058660330;
K_p53=0.6147736336;
upAsy=0.1607234528;
sness=0.0032175979;
k_apop=0.0439728441;
tED50=325.9873509905;
cell_pop_norm0_Jack_MGMT_P=91.8190194191;
k_dis=0.0148233410;

%%%%%%%%%

cost=253.9696623250;

%%%%%%%%%

