TMZout0_Ka_XTMZ(norm)=0.37373;
MGMT_P0(norm)=0.16937;
k_MGMT(norm)=0.30969;
k_addO(norm)=0.56773;
k_addN(norm)=0.39379;
DSB_72h_fac(norm)=0.05290;
k_DSBO(norm)=1.00000;
k_DSBN(norm)=0.23596;
k_CyA(norm)=0.00010;
fVX(norm)=0.40099;
kf_ATR_MGMT_P(norm)=0.66601;
k_ATR(norm)=0.24650;
K_add(norm)=0.33929;
kd_pATR(norm)=0.79021;
k_Chk1(norm)=0.71626;
C_Chk1(norm)=0.99561;
pChk1_ref12_5_24h(norm)=0.01817;
pChk1_ref100_24h(norm)=0.37215;
pChk1_ref100_48h(norm)=0.33690;
kd_pChk1(norm)=0.97671;
k_cdc25(norm)=0.30811;
K_cdc25(norm)=0.91307;
kf_p53(norm)=0.54271;
k_p53(norm)=1.00000;
K_ATR(norm)=0.00010;
p53ser46_ref50_72h(norm)=0.31915;
kp_ser46(norm)=0.47023;
K_p53(norm)=0.69570;
upAsy(norm)=0.00010;
sness(norm)=1.00000;
k_apop(norm)=0.35384;
tED50(norm)=0.00010;
cell_pop_norm0_Jack_MGMT_P(norm)=0.05858;
k_dis(norm)=0.20105;

%%%%%%%%%

TMZout0_Ka_XTMZ=33.7772020156;
MGMT_P0=1.4916421186;
k_MGMT=37.1450055251;
k_addO=0.0109102328;
k_addN=0.1288689039;
DSB_72h_fac=0.7027992008;
k_DSBO=0.0004450842;
k_DSBN=0.0000274572;
k_CyA=1.2424989020;
fVX=0.0012064882;
kf_ATR_MGMT_P=0.0000116275;
k_ATR=0.0156015062;
K_add=0.0000569344;
kd_pATR=0.0046138776;
k_Chk1=536.7024854931;
C_Chk1=1.0534528973;
pChk1_ref12_5_24h=0.0047127857;
pChk1_ref100_24h=0.0063756320;
pChk1_ref100_48h=0.0069960884;
kd_pChk1=0.1137606856;
k_cdc25=190.7182255255;
K_cdc25=1.7807243769;
kf_p53=0.0006666018;
k_p53=52.7929398346;
K_ATR=0.0002527144;
p53ser46_ref50_72h=0.0004348545;
kp_ser46=3.4881521891;
K_p53=0.5815349099;
upAsy=0.1534735768;
sness=0.0059169975;
k_apop=0.0524457180;
tED50=226.9392185870;
cell_pop_norm0_Jack_MGMT_P=71.4780450940;
k_dis=0.0117082809;

%%%%%%%%%

cost=539.4473934729;

%%%%%%%%%

