TMZout0_Ka_XTMZ(norm)=0.35808;
MGMT_P0(norm)=0.40499;
k_MGMT(norm)=0.44207;
k_addO(norm)=0.00010;
k_addN(norm)=0.21541;
DSB_72h_fac(norm)=0.14143;
k_DSBO(norm)=0.44279;
k_DSBN(norm)=0.47828;
k_CyA(norm)=0.64786;
fVX(norm)=0.88305;
kf_ATR_MGMT_P(norm)=0.17123;
k_ATR(norm)=0.11115;
K_add(norm)=0.87577;
kd_pATR(norm)=0.30580;
k_Chk1(norm)=0.71146;
C_Chk1(norm)=0.00010;
pChk1_ref12_5_24h(norm)=0.40922;
pChk1_ref100_24h(norm)=0.95853;
pChk1_ref100_48h(norm)=0.86231;
kd_pChk1(norm)=0.46017;
k_cdc25(norm)=0.46031;
K_cdc25(norm)=0.27704;
kf_p53(norm)=0.92388;
k_p53(norm)=1.00000;
K_ATR(norm)=0.13087;
p53ser46_ref50_72h(norm)=0.76691;
kp_ser46(norm)=1.00000;
K_p53(norm)=0.74065;
upAsy(norm)=0.29382;
sness(norm)=1.00000;
k_apop(norm)=0.58211;
tED50(norm)=0.48161;
cell_pop_norm0_Jack_MGMT_P(norm)=0.60137;
k_dis(norm)=0.07843;

%%%%%%%%%

TMZout0_Ka_XTMZ=33.6560393200;
MGMT_P0=1.7269616766;
k_MGMT=41.5541425895;
k_addO=0.0067446269;
k_addN=0.1107920086;
DSB_72h_fac=0.7495657330;
k_DSBO=0.0002775884;
k_DSBN=0.0000337151;
k_CyA=2.1510772159;
fVX=0.0018151484;
kf_ATR_MGMT_P=0.0000076457;
k_ATR=0.0139110187;
K_add=0.0000896984;
kd_pATR=0.0030606711;
k_Chk1=534.5235944954;
C_Chk1=0.4532009724;
pChk1_ref12_5_24h=0.0065640918;
pChk1_ref100_24h=0.0104785137;
pChk1_ref100_48h=0.0109193520;
kd_pChk1=0.0734377739;
k_cdc25=216.9685634535;
K_cdc25=1.0388524861;
kf_p53=0.0009207153;
k_p53=52.7929398346;
K_ATR=0.0002823246;
p53ser46_ref50_72h=0.0006354901;
kp_ser46=5.4643701630;
K_p53=0.6041126065;
upAsy=0.1968418074;
sness=0.0059169975;
k_apop=0.0636371211;
tED50=341.2663430413;
cell_pop_norm0_Jack_MGMT_P=86.7464057412;
k_dis=0.0105529017;

%%%%%%%%%

cost=528.7500736815;

%%%%%%%%%

