TMZout0_Ka_XTMZ(norm)=0.31684;
MGMT_P0(norm)=0.83441;
k_MGMT(norm)=0.72942;
k_addO(norm)=0.58259;
k_addN(norm)=0.75868;
DSB_72h_fac(norm)=0.68731;
k_DSBO(norm)=0.70151;
k_DSBN(norm)=0.62684;
k_CyA(norm)=0.71050;
fVX(norm)=0.30009;
kf_ATR_MGMT_P(norm)=0.60151;
k_ATR(norm)=0.61059;
K_add(norm)=0.67118;
kd_pATR(norm)=0.58985;
k_Chk1(norm)=0.68811;
C_Chk1(norm)=0.61954;
pChk1_ref12_5_24h(norm)=0.86761;
pChk1_ref100_24h(norm)=0.86968;
pChk1_ref100_48h(norm)=0.83623;
kd_pChk1(norm)=0.36571;
k_cdc25(norm)=0.08616;
K_cdc25(norm)=0.57973;
kf_p53(norm)=0.43731;
k_p53(norm)=0.46288;
K_ATR(norm)=0.52663;
p53ser46_ref50_72h(norm)=0.40138;
kp_ser46(norm)=0.56185;
K_p53(norm)=0.58991;
upAsy(norm)=0.84509;
sness(norm)=0.88259;
k_apop(norm)=0.70160;
tED50(norm)=0.64340;
cell_pop_norm0_Jack_MGMT_P(norm)=0.15732;
k_dis(norm)=0.58684;

%%%%%%%%%

TMZout0_Ka_XTMZ=33.3388907963;
MGMT_P0=2.2844999141;
k_MGMT=47.2987135126;
k_addO=0.0108898224;
k_addN=0.1619425037;
DSB_72h_fac=1.1069891779;
k_DSBO=0.0003514212;
k_DSBN=0.0000429584;
k_CyA=2.3042120207;
fVX=0.0010791114;
kf_ATR_MGMT_P=0.0000110235;
k_ATR=0.0194326840;
K_add=0.0000780511;
kd_pATR=0.0031898269;
k_Chk1=475.1162753782;
C_Chk1=0.7671980757;
pChk1_ref12_5_24h=0.0090352175;
pChk1_ref100_24h=0.0090628783;
pChk1_ref100_48h=0.0103456648;
kd_pChk1=0.0651578812;
k_cdc25=193.8610103527;
K_cdc25=1.3333381890;
kf_p53=0.0005933332;
k_p53=27.0580284951;
K_ATR=0.0003277805;
p53ser46_ref50_72h=0.0004731905;
kp_ser46=4.1730533427;
K_p53=0.8300769214;
upAsy=0.3457718180;
sness=0.0050811712;
k_apop=0.0700942634;
tED50=430.3372986243;
cell_pop_norm0_Jack_MGMT_P=74.0400250107;
k_dis=0.0162797468;

%%%%%%%%%

cost=123.6784995129;

%%%%%%%%%

