TMZout0_Ka_XTMZ(norm)=0.72835;
MGMT_P0(norm)=0.56388;
k_MGMT(norm)=0.67575;
k_addO(norm)=0.66135;
k_addN(norm)=0.42437;
DSB_72h_fac(norm)=0.45122;
k_DSBO(norm)=0.20812;
k_DSBN(norm)=0.48269;
k_CyA(norm)=0.48035;
fVX(norm)=0.91471;
kf_ATR_MGMT_P(norm)=0.79706;
k_ATR(norm)=0.54683;
K_add(norm)=0.56475;
kd_pATR(norm)=0.32319;
k_Chk1(norm)=0.59286;
C_Chk1(norm)=0.92909;
pChk1_ref12_5_24h(norm)=0.57937;
pChk1_ref100_24h(norm)=0.62914;
pChk1_ref100_48h(norm)=0.46759;
kd_pChk1(norm)=0.67437;
k_cdc25(norm)=0.37421;
K_cdc25(norm)=0.82379;
kf_p53(norm)=0.43075;
k_p53(norm)=0.34361;
K_ATR(norm)=0.22221;
p53ser46_ref50_72h(norm)=1.00000;
kp_ser46(norm)=0.69307;
K_p53(norm)=0.00010;
upAsy(norm)=0.63703;
sness(norm)=0.50576;
k_apop(norm)=0.74712;
tED50(norm)=0.53600;
cell_pop_norm0_Jack_MGMT_P(norm)=0.00010;
k_dis(norm)=0.56508;

%%%%%%%%%

TMZout0_Ka_XTMZ=36.6421079467;
MGMT_P0=1.9716616412;
k_MGMT=45.1961783133;
k_addO=0.0116413489;
k_addN=0.1219945754;
DSB_72h_fac=0.9271362344;
k_DSBO=0.0002313529;
k_DSBN=0.0000380195;
k_CyA=1.8959806189;
fVX=0.0018164933;
kf_ATR_MGMT_P=0.0000130100;
k_ATR=0.0184108307;
K_add=0.0000713205;
kd_pATR=0.0025447208;
k_Chk1=438.2764404227;
C_Chk1=0.9972766795;
pChk1_ref12_5_24h=0.0070773783;
pChk1_ref100_24h=0.0073918716;
pChk1_ref100_48h=0.0075702304;
kd_pChk1=0.0846339844;
k_cdc25=247.4490393730;
K_cdc25=1.6396365544;
kf_p53=0.0005900466;
k_p53=24.4571356239;
K_ATR=0.0002532581;
p53ser46_ref50_72h=0.0007858052;
kp_ser46=4.6638015992;
K_p53=0.5035958205;
upAsy=0.2898883311;
sness=0.0036923078;
k_apop=0.0728504294;
tED50=392.9036661708;
cell_pop_norm0_Jack_MGMT_P=70.0024967691;
k_dis=0.0159823369;

%%%%%%%%%

cost=231.4800822794;

%%%%%%%%%

