TMZout0_Ka_XTMZ(norm)=0.00010;
MGMT_P0(norm)=0.04577;
k_MGMT(norm)=0.79003;
k_addO(norm)=0.00010;
k_addN(norm)=0.65075;
DSB_72h_fac(norm)=0.65395;
k_DSBO(norm)=1.00000;
k_DSBN(norm)=0.19567;
k_CyA(norm)=0.27237;
fVX(norm)=0.62880;
kf_ATR_MGMT_P(norm)=0.87514;
k_ATR(norm)=0.28878;
K_add(norm)=0.95708;
kd_pATR(norm)=1.00000;
k_Chk1(norm)=0.97759;
C_Chk1(norm)=0.40492;
pChk1_ref12_5_24h(norm)=1.00000;
pChk1_ref100_24h(norm)=0.71495;
pChk1_ref100_48h(norm)=1.00000;
kd_pChk1(norm)=0.08758;
k_cdc25(norm)=0.55200;
K_cdc25(norm)=0.68168;
kf_p53(norm)=0.50650;
k_p53(norm)=0.26451;
K_ATR(norm)=0.65604;
p53ser46_ref50_72h(norm)=1.00000;
kp_ser46(norm)=0.56224;
K_p53(norm)=0.59051;
upAsy(norm)=1.00000;
sness(norm)=0.97385;
k_apop(norm)=0.00010;
tED50(norm)=0.28989;
cell_pop_norm0_Jack_MGMT_P(norm)=0.36537;
k_dis(norm)=0.50415;

%%%%%%%%%

TMZout0_Ka_XTMZ=31.0007116889;
MGMT_P0=1.4617009404;
k_MGMT=48.2802991557;
k_addO=0.0063237803;
k_addN=0.1301751933;
DSB_72h_fac=1.0779457819;
k_DSBO=0.0004599560;
k_DSBN=0.0000284696;
k_CyA=1.8795383609;
fVX=0.0014759014;
kf_ATR_MGMT_P=0.0000138976;
k_ATR=0.0205145315;
K_add=0.0001112711;
kd_pATR=0.0038681418;
k_Chk1=467.8299097548;
C_Chk1=0.6452253241;
pChk1_ref12_5_24h=0.0121089916;
pChk1_ref100_24h=0.0095320327;
pChk1_ref100_48h=0.0149799251;
kd_pChk1=0.0413771565;
k_cdc25=224.7667921687;
K_cdc25=1.5101540268;
kf_p53=0.0005392149;
k_p53=24.9108571365;
K_ATR=0.0004908785;
p53ser46_ref50_72h=0.0006820433;
kp_ser46=3.2474800815;
K_p53=0.6479966789;
upAsy=0.2795178953;
sness=0.0052259461;
k_apop=0.0353924153;
tED50=295.2622959968;
cell_pop_norm0_Jack_MGMT_P=79.7432651162;
k_dis=0.0150662328;

%%%%%%%%%

cost=100000.0000000000;

%%%%%%%%%

