TMZout0_Ka_XTMZ(norm)=0.36664;
MGMT_P0(norm)=0.38475;
k_MGMT(norm)=0.23065;
k_addO(norm)=0.50437;
k_addN(norm)=0.00010;
DSB_72h_fac(norm)=0.30771;
k_DSBO(norm)=0.00010;
k_DSBN(norm)=1.00000;
k_CyA(norm)=0.51984;
fVX(norm)=1.00000;
kf_ATR_MGMT_P(norm)=0.40370;
k_ATR(norm)=1.00000;
K_add(norm)=1.00000;
kd_pATR(norm)=0.44751;
k_Chk1(norm)=0.49253;
C_Chk1(norm)=0.08287;
pChk1_ref12_5_24h(norm)=0.51448;
pChk1_ref100_24h(norm)=0.67142;
pChk1_ref100_48h(norm)=1.00000;
kd_pChk1(norm)=0.85681;
k_cdc25(norm)=0.37658;
K_cdc25(norm)=0.01771;
kf_p53(norm)=0.80222;
k_p53(norm)=0.65543;
K_ATR(norm)=0.18097;
p53ser46_ref50_72h(norm)=0.58627;
kp_ser46(norm)=0.57852;
K_p53(norm)=0.53426;
upAsy(norm)=0.07096;
sness(norm)=0.38284;
k_apop(norm)=0.81129;
tED50(norm)=0.00010;
cell_pop_norm0_Jack_MGMT_P(norm)=0.48321;
k_dis(norm)=0.40075;

%%%%%%%%%

TMZout0_Ka_XTMZ=33.7222573377;
MGMT_P0=1.7256224755;
k_MGMT=29.0599231263;
k_addO=0.0095068646;
k_addN=0.0697766828;
DSB_72h_fac=0.8274383811;
k_DSBO=0.0001973742;
k_DSBN=0.0000581514;
k_CyA=2.2165836796;
fVX=0.0018062589;
kf_ATR_MGMT_P=0.0000091719;
k_ATR=0.0349902468;
K_add=0.0001063010;
kd_pATR=0.0030097497;
k_Chk1=373.3820223719;
C_Chk1=0.4958918071;
pChk1_ref12_5_24h=0.0073051960;
pChk1_ref100_24h=0.0083578574;
pChk1_ref100_48h=0.0128714905;
kd_pChk1=0.0958396347;
k_cdc25=213.3865182951;
K_cdc25=0.8152273616;
kf_p53=0.0007100446;
k_p53=39.0714538606;
K_ATR=0.0003344132;
p53ser46_ref50_72h=0.0004693151;
kp_ser46=3.3476834546;
K_p53=0.5902520006;
upAsy=0.1610396890;
sness=0.0032098877;
k_apop=0.0799848607;
tED50=265.9516780049;
cell_pop_norm0_Jack_MGMT_P=83.1664663935;
k_dis=0.0139689573;

%%%%%%%%%

cost=465.0644838502;

%%%%%%%%%

