TMZout0_Ka_XTMZ(norm)=0.35263;
MGMT_P0(norm)=0.00010;
k_MGMT(norm)=0.16338;
k_addO(norm)=0.04281;
k_addN(norm)=0.90657;
DSB_72h_fac(norm)=0.87164;
k_DSBO(norm)=0.62742;
k_DSBN(norm)=0.66744;
k_CyA(norm)=0.00010;
fVX(norm)=0.15091;
kf_ATR_MGMT_P(norm)=0.59475;
k_ATR(norm)=1.00000;
K_add(norm)=0.15000;
kd_pATR(norm)=1.00000;
k_Chk1(norm)=0.00010;
C_Chk1(norm)=0.97035;
pChk1_ref12_5_24h(norm)=0.00010;
pChk1_ref100_24h(norm)=0.05734;
pChk1_ref100_48h(norm)=0.53053;
kd_pChk1(norm)=0.43904;
k_cdc25(norm)=0.76457;
K_cdc25(norm)=0.16973;
kf_p53(norm)=1.00000;
k_p53(norm)=1.00000;
K_ATR(norm)=0.53586;
p53ser46_ref50_72h(norm)=0.46745;
kp_ser46(norm)=0.60992;
K_p53(norm)=0.93522;
upAsy(norm)=1.00000;
sness(norm)=0.12254;
k_apop(norm)=0.30641;
tED50(norm)=0.37934;
cell_pop_norm0_Jack_MGMT_P(norm)=0.81823;
k_dis(norm)=0.00010;

%%%%%%%%%

TMZout0_Ka_XTMZ=33.6139826626;
MGMT_P0=1.3426454420;
k_MGMT=32.8142937429;
k_addO=0.0069931975;
k_addN=0.1989947271;
DSB_72h_fac=1.2751594386;
k_DSBO=0.0003245938;
k_DSBN=0.0000395761;
k_CyA=1.2424989020;
fVX=0.0009761160;
kf_ATR_MGMT_P=0.0000109462;
k_ATR=0.0295416857;
K_add=0.0000484974;
kd_pATR=0.0055114322;
k_Chk1=292.5525408855;
C_Chk1=1.0311498432;
pChk1_ref12_5_24h=0.0046411643;
pChk1_ref100_24h=0.0048829508;
pChk1_ref100_48h=0.0082434669;
kd_pChk1=0.0721344000;
k_cdc25=280.7751018026;
K_cdc25=0.9485615548;
kf_p53=0.0009820586;
k_p53=52.7929398346;
K_ATR=0.0003979033;
p53ser46_ref50_72h=0.0004930774;
kp_ser46=3.9264597056;
K_p53=0.7123820469;
upAsy=0.3580746716;
sness=0.0028133033;
k_apop=0.0503798079;
tED50=312.9410740583;
cell_pop_norm0_Jack_MGMT_P=93.7224525923;
k_dis=0.0098752604;

%%%%%%%%%

cost=5421.9815170787;

%%%%%%%%%

