TMZout0_Ka_XTMZ(norm)=0.30215;
MGMT_P0(norm)=0.79881;
k_MGMT(norm)=0.63709;
k_addO(norm)=0.38724;
k_addN(norm)=0.25032;
DSB_72h_fac(norm)=0.58333;
k_DSBO(norm)=0.70603;
k_DSBN(norm)=0.91281;
k_CyA(norm)=0.61566;
fVX(norm)=0.36050;
kf_ATR_MGMT_P(norm)=0.82299;
k_ATR(norm)=0.22587;
K_add(norm)=1.00000;
kd_pATR(norm)=0.07784;
k_Chk1(norm)=0.83770;
C_Chk1(norm)=0.53194;
pChk1_ref12_5_24h(norm)=0.00010;
pChk1_ref100_24h(norm)=0.20120;
pChk1_ref100_48h(norm)=0.71698;
kd_pChk1(norm)=0.28746;
k_cdc25(norm)=0.26986;
K_cdc25(norm)=0.75118;
kf_p53(norm)=0.56446;
k_p53(norm)=0.27892;
K_ATR(norm)=0.23013;
p53ser46_ref50_72h(norm)=0.06605;
kp_ser46(norm)=0.49436;
K_p53(norm)=0.83414;
upAsy(norm)=0.81128;
sness(norm)=0.77324;
k_apop(norm)=1.00000;
tED50(norm)=0.59626;
cell_pop_norm0_Jack_MGMT_P(norm)=0.51910;
k_dis(norm)=0.49139;

%%%%%%%%%

TMZout0_Ka_XTMZ=33.2266446220;
MGMT_P0=2.2060607980;
k_MGMT=49.0202511310;
k_addO=0.0093630368;
k_addN=0.1141181711;
DSB_72h_fac=1.0338439615;
k_DSBO=0.0003469516;
k_DSBN=0.0000487217;
k_CyA=2.0931777699;
fVX=0.0011658068;
kf_ATR_MGMT_P=0.0000132816;
k_ATR=0.0153310764;
K_add=0.0000996552;
kd_pATR=0.0025230892;
k_Chk1=594.8703390028;
C_Chk1=0.7112083141;
pChk1_ref12_5_24h=0.0046411643;
pChk1_ref100_24h=0.0055159542;
pChk1_ref100_48h=0.0096542283;
kd_pChk1=0.0634404246;
k_cdc25=184.6357732300;
K_cdc25=1.5524708877;
kf_p53=0.0006790002;
k_p53=28.6573462270;
K_ATR=0.0003070974;
p53ser46_ref50_72h=0.0003509215;
kp_ser46=3.5602178250;
K_p53=0.6539134065;
upAsy=0.3051616657;
sness=0.0048826831;
k_apop=0.0906739715;
tED50=376.0812840185;
cell_pop_norm0_Jack_MGMT_P=84.2379714453;
k_dis=0.0149738143;

%%%%%%%%%

cost=314.7567279172;

%%%%%%%%%

