TMZout0_Ka_XTMZ(norm)=0.61454;
MGMT_P0(norm)=0.79358;
k_MGMT(norm)=0.98196;
k_addO(norm)=0.58294;
k_addN(norm)=0.13532;
DSB_72h_fac(norm)=0.73877;
k_DSBO(norm)=0.07698;
k_DSBN(norm)=0.97045;
k_CyA(norm)=0.81258;
fVX(norm)=1.00000;
kf_ATR_MGMT_P(norm)=0.99125;
k_ATR(norm)=0.72087;
K_add(norm)=0.64931;
kd_pATR(norm)=0.24660;
k_Chk1(norm)=0.28527;
C_Chk1(norm)=0.90373;
pChk1_ref12_5_24h(norm)=0.30786;
pChk1_ref100_24h(norm)=0.62834;
pChk1_ref100_48h(norm)=0.54798;
kd_pChk1(norm)=0.70611;
k_cdc25(norm)=0.22713;
K_cdc25(norm)=0.35110;
kf_p53(norm)=0.00010;
k_p53(norm)=0.30884;
K_ATR(norm)=0.05007;
p53ser46_ref50_72h(norm)=0.65848;
kp_ser46(norm)=1.00000;
K_p53(norm)=0.00010;
upAsy(norm)=0.64056;
sness(norm)=0.84747;
k_apop(norm)=1.00000;
tED50(norm)=0.01740;
cell_pop_norm0_Jack_MGMT_P(norm)=0.31411;
k_dis(norm)=0.63527;

%%%%%%%%%

TMZout0_Ka_XTMZ=35.6971181577;
MGMT_P0=2.1989015347;
k_MGMT=65.6571882043;
k_addO=0.0110517073;
k_addN=0.1035233873;
DSB_72h_fac=1.1576435480;
k_DSBO=0.0002036070;
k_DSBN=0.0000511601;
k_CyA=2.4732573819;
fVX=0.0020042231;
kf_ATR_MGMT_P=0.0000153167;
k_ATR=0.0233197241;
K_add=0.0000740381;
kd_pATR=0.0029109258;
k_Chk1=372.5122097844;
C_Chk1=0.9745559557;
pChk1_ref12_5_24h=0.0060238879;
pChk1_ref100_24h=0.0079213333;
pChk1_ref100_48h=0.0083661907;
kd_pChk1=0.0904520983;
k_cdc25=178.0713280259;
K_cdc25=1.1061258535;
kf_p53=0.0004209179;
k_p53=29.3931751305;
K_ATR=0.0002636445;
p53ser46_ref50_72h=0.0005797095;
kp_ser46=5.4643701630;
K_p53=0.3225607171;
upAsy=0.2640640707;
sness=0.0051996274;
k_apop=0.0906739715;
tED50=230.2908892915;
cell_pop_norm0_Jack_MGMT_P=78.2985186107;
k_dis=0.0169151978;

%%%%%%%%%

cost=239.9945532832;

%%%%%%%%%

