TMZout0_Ka_XTMZ(norm)=0.55336;
MGMT_P0(norm)=0.78249;
k_MGMT(norm)=0.72283;
k_addO(norm)=0.52865;
k_addN(norm)=0.47250;
DSB_72h_fac(norm)=0.45128;
k_DSBO(norm)=1.00000;
k_DSBN(norm)=0.66960;
k_CyA(norm)=0.53148;
fVX(norm)=0.47205;
kf_ATR_MGMT_P(norm)=0.65469;
k_ATR(norm)=0.90193;
K_add(norm)=0.64770;
kd_pATR(norm)=0.31074;
k_Chk1(norm)=0.28325;
C_Chk1(norm)=0.91006;
pChk1_ref12_5_24h(norm)=0.01257;
pChk1_ref100_24h(norm)=0.56241;
pChk1_ref100_48h(norm)=1.00000;
kd_pChk1(norm)=0.93793;
k_cdc25(norm)=0.26793;
K_cdc25(norm)=0.75300;
kf_p53(norm)=0.18256;
k_p53(norm)=0.48671;
K_ATR(norm)=0.82380;
p53ser46_ref50_72h(norm)=0.23292;
kp_ser46(norm)=0.47062;
K_p53(norm)=0.97373;
upAsy(norm)=0.85043;
sness(norm)=0.97442;
k_apop(norm)=0.92571;
tED50(norm)=0.61037;
cell_pop_norm0_Jack_MGMT_P(norm)=0.19442;
k_dis(norm)=0.72131;

%%%%%%%%%

TMZout0_Ka_XTMZ=35.1992263393;
MGMT_P0=2.1929247878;
k_MGMT=44.0966536879;
k_addO=0.0097044647;
k_addN=0.1041223340;
DSB_72h_fac=0.9227874832;
k_DSBO=0.0004605009;
k_DSBN=0.0000439524;
k_CyA=2.2385605841;
fVX=0.0011548043;
kf_ATR_MGMT_P=0.0000113453;
k_ATR=0.0322002340;
K_add=0.0000788680;
kd_pATR=0.0026804157;
k_Chk1=312.7104338573;
C_Chk1=0.9994777937;
pChk1_ref12_5_24h=0.0047746721;
pChk1_ref100_24h=0.0076204980;
pChk1_ref100_48h=0.0128714905;
kd_pChk1=0.1026583044;
k_cdc25=194.6179351044;
K_cdc25=1.5200174048;
kf_p53=0.0004200156;
k_p53=33.8667820201;
K_ATR=0.0005765420;
p53ser46_ref50_72h=0.0003478878;
kp_ser46=3.0551988444;
K_p53=0.8565453298;
upAsy=0.3117168991;
sness=0.0052988170;
k_apop=0.0881278618;
tED50=446.0326790625;
cell_pop_norm0_Jack_MGMT_P=75.0263830313;
k_dis=0.0183283156;

%%%%%%%%%

cost=158.5357954169;

%%%%%%%%%

