TMZout0_Ka_XTMZ(norm)=0.05927;
MGMT_P0(norm)=0.09204;
k_MGMT(norm)=0.45259;
k_addO(norm)=0.46157;
k_addN(norm)=0.56948;
DSB_72h_fac(norm)=0.38372;
k_DSBO(norm)=1.00000;
k_DSBN(norm)=0.28825;
k_CyA(norm)=0.61069;
fVX(norm)=0.28845;
kf_ATR_MGMT_P(norm)=0.99450;
k_ATR(norm)=0.84116;
K_add(norm)=0.52917;
kd_pATR(norm)=0.83856;
k_Chk1(norm)=0.39755;
C_Chk1(norm)=0.87475;
pChk1_ref12_5_24h(norm)=0.27136;
pChk1_ref100_24h(norm)=0.41983;
pChk1_ref100_48h(norm)=0.44869;
kd_pChk1(norm)=0.29071;
k_cdc25(norm)=0.16736;
K_cdc25(norm)=0.40598;
kf_p53(norm)=0.72760;
k_p53(norm)=0.38287;
K_ATR(norm)=0.58872;
p53ser46_ref50_72h(norm)=0.56400;
kp_ser46(norm)=0.23132;
K_p53(norm)=0.41547;
upAsy(norm)=0.48896;
sness(norm)=0.58206;
k_apop(norm)=0.39307;
tED50(norm)=0.18527;
cell_pop_norm0_Jack_MGMT_P(norm)=0.40384;
k_dis(norm)=0.34747;

%%%%%%%%%

TMZout0_Ka_XTMZ=31.4246907373;
MGMT_P0=1.4216305349;
k_MGMT=41.9263544346;
k_addO=0.0099717083;
k_addN=0.1495543790;
DSB_72h_fac=0.8940786259;
k_DSBO=0.0004450842;
k_DSBN=0.0000287012;
k_CyA=2.0843811472;
fVX=0.0010967633;
kf_ATR_MGMT_P=0.0000153589;
k_ATR=0.0258218508;
K_add=0.0000668720;
kd_pATR=0.0048068446;
k_Chk1=409.6920929965;
C_Chk1=0.9509173414;
pChk1_ref12_5_24h=0.0058404454;
pChk1_ref100_24h=0.0066384949;
pChk1_ref100_48h=0.0076912076;
kd_pChk1=0.0636150533;
k_cdc25=169.2779390838;
K_cdc25=1.1587775879;
kf_p53=0.0007796482;
k_p53=31.2957065829;
K_ATR=0.0004161280;
p53ser46_ref50_72h=0.0005351110;
kp_ser46=2.8489333930;
K_p53=0.4586248915;
upAsy=0.2322316016;
sness=0.0041524857;
k_apop=0.0542183401;
tED50=265.4905665540;
cell_pop_norm0_Jack_MGMT_P=80.8452246848;
k_dis=0.0132548210;

%%%%%%%%%

cost=252.5656976381;

%%%%%%%%%

