TMZout0_Ka_XTMZ(norm)=0.93086;
MGMT_P0(norm)=0.98909;
k_MGMT(norm)=0.01113;
k_addO(norm)=0.85926;
k_addN(norm)=0.66568;
DSB_72h_fac(norm)=0.50815;
k_DSBO(norm)=0.02863;
k_DSBN(norm)=0.55149;
k_CyA(norm)=0.62837;
fVX(norm)=0.90749;
kf_ATR_MGMT_P(norm)=0.67054;
k_ATR(norm)=1.00000;
K_add(norm)=0.73141;
kd_pATR(norm)=0.40905;
k_Chk1(norm)=0.41726;
C_Chk1(norm)=0.07715;
pChk1_ref12_5_24h(norm)=0.91016;
pChk1_ref100_24h(norm)=1.00000;
pChk1_ref100_48h(norm)=1.00000;
kd_pChk1(norm)=1.00000;
k_cdc25(norm)=0.21611;
K_cdc25(norm)=0.25108;
kf_p53(norm)=0.15203;
k_p53(norm)=0.75151;
K_ATR(norm)=0.54415;
p53ser46_ref50_72h(norm)=0.42290;
kp_ser46(norm)=0.24325;
K_p53(norm)=0.58361;
upAsy(norm)=0.51459;
sness(norm)=0.79591;
k_apop(norm)=0.48245;
tED50(norm)=0.62532;
cell_pop_norm0_Jack_MGMT_P(norm)=0.05655;
k_dis(norm)=0.28312;

%%%%%%%%%

TMZout0_Ka_XTMZ=38.3858312870;
MGMT_P0=2.4831012901;
k_MGMT=28.8428347393;
k_addO=0.0139671844;
k_addN=0.1622547635;
DSB_72h_fac=0.9788067133;
k_DSBO=0.0001954350;
k_DSBN=0.0000358728;
k_CyA=2.1158519116;
fVX=0.0018531249;
kf_ATR_MGMT_P=0.0000116722;
k_ATR=0.0295416857;
K_add=0.0000793716;
kd_pATR=0.0033404746;
k_Chk1=416.5914098677;
C_Chk1=0.4837750649;
pChk1_ref12_5_24h=0.0100348222;
pChk1_ref100_24h=0.0108532287;
pChk1_ref100_48h=0.0122705020;
kd_pChk1=0.1160280820;
k_cdc25=176.4152590712;
K_cdc25=1.0162506287;
kf_p53=0.0004787462;
k_p53=42.7698911766;
K_ATR=0.0004007081;
p53ser46_ref50_72h=0.0004748092;
kp_ser46=2.8778977634;
K_p53=0.5288443708;
upAsy=0.2373306825;
sness=0.0049773994;
k_apop=0.0584837599;
tED50=385.4561797492;
cell_pop_norm0_Jack_MGMT_P=71.4263175280;
k_dis=0.0125514407;

%%%%%%%%%

cost=295.7326657959;

%%%%%%%%%

