TMZout0_Ka_XTMZ(norm)=0.47914;
MGMT_P0(norm)=0.42108;
k_MGMT(norm)=0.51635;
k_addO(norm)=0.20411;
k_addN(norm)=0.11273;
DSB_72h_fac(norm)=0.43867;
k_DSBO(norm)=0.43502;
k_DSBN(norm)=0.61283;
k_CyA(norm)=0.13655;
fVX(norm)=0.94958;
kf_ATR_MGMT_P(norm)=0.61864;
k_ATR(norm)=0.63083;
K_add(norm)=0.36798;
kd_pATR(norm)=0.41705;
k_Chk1(norm)=0.60691;
C_Chk1(norm)=0.86223;
pChk1_ref12_5_24h(norm)=0.49983;
pChk1_ref100_24h(norm)=0.51138;
pChk1_ref100_48h(norm)=0.62224;
kd_pChk1(norm)=0.63202;
k_cdc25(norm)=0.09774;
K_cdc25(norm)=0.48524;
kf_p53(norm)=0.55625;
k_p53(norm)=1.00000;
K_ATR(norm)=0.68211;
p53ser46_ref50_72h(norm)=0.63231;
kp_ser46(norm)=0.54737;
K_p53(norm)=0.89006;
upAsy(norm)=0.29310;
sness(norm)=0.46961;
k_apop(norm)=0.62916;
tED50(norm)=0.18071;
cell_pop_norm0_Jack_MGMT_P(norm)=0.00010;
k_dis(norm)=0.56637;

%%%%%%%%%

TMZout0_Ka_XTMZ=34.6045430002;
MGMT_P0=1.8241988112;
k_MGMT=39.4860371427;
k_addO=0.0079022047;
k_addN=0.0936841361;
DSB_72h_fac=0.9184386269;
k_DSBO=0.0002803933;
k_DSBN=0.0000424518;
k_CyA=1.4168530745;
fVX=0.0018709516;
kf_ATR_MGMT_P=0.0000111847;
k_ATR=0.0197688153;
K_add=0.0000603681;
kd_pATR=0.0027553665;
k_Chk1=443.5273552986;
C_Chk1=0.9423518645;
pChk1_ref12_5_24h=0.0066161077;
pChk1_ref100_24h=0.0066898982;
pChk1_ref100_48h=0.0086300986;
kd_pChk1=0.0816514427;
k_cdc25=195.7717527418;
K_cdc25=1.2307514446;
kf_p53=0.0006562441;
k_p53=42.6524102616;
K_ATR=0.0003739373;
p53ser46_ref50_72h=0.0005754577;
kp_ser46=4.1221740080;
K_p53=1.0704526368;
upAsy=0.2166062045;
sness=0.0035809443;
k_apop=0.0659212745;
tED50=290.7690583382;
cell_pop_norm0_Jack_MGMT_P=70.0024967691;
k_dis=0.0159998533;

%%%%%%%%%

cost=170.1761897819;

%%%%%%%%%

