TMZout0_Ka_XTMZ(norm)=0.52633;
MGMT_P0(norm)=0.38535;
k_MGMT(norm)=0.49092;
k_addO(norm)=0.22725;
k_addN(norm)=0.68870;
DSB_72h_fac(norm)=0.68117;
k_DSBO(norm)=0.35897;
k_DSBN(norm)=0.54467;
k_CyA(norm)=0.01447;
fVX(norm)=0.68357;
kf_ATR_MGMT_P(norm)=0.77934;
k_ATR(norm)=0.68965;
K_add(norm)=0.56561;
kd_pATR(norm)=0.38732;
k_Chk1(norm)=0.00010;
C_Chk1(norm)=0.75213;
pChk1_ref12_5_24h(norm)=0.47923;
pChk1_ref100_24h(norm)=0.79085;
pChk1_ref100_48h(norm)=0.90539;
kd_pChk1(norm)=0.40457;
k_cdc25(norm)=0.26644;
K_cdc25(norm)=0.00010;
kf_p53(norm)=0.27076;
k_p53(norm)=0.69381;
K_ATR(norm)=0.66339;
p53ser46_ref50_72h(norm)=0.23316;
kp_ser46(norm)=0.39228;
K_p53(norm)=0.00010;
upAsy(norm)=0.07671;
sness(norm)=0.58715;
k_apop(norm)=0.66648;
tED50(norm)=0.63467;
cell_pop_norm0_Jack_MGMT_P(norm)=0.95654;
k_dis(norm)=0.62772;

%%%%%%%%%

TMZout0_Ka_XTMZ=34.9814646919;
MGMT_P0=1.7890618645;
k_MGMT=38.6445295245;
k_addO=0.0080587176;
k_addN=0.1526185329;
DSB_72h_fac=1.1018996017;
k_DSBO=0.0002628952;
k_DSBN=0.0000400695;
k_CyA=1.2776156167;
fVX=0.0014934064;
kf_ATR_MGMT_P=0.0000128161;
k_ATR=0.0207789921;
K_add=0.0000713724;
kd_pATR=0.0026868252;
k_Chk1=265.2328093531;
C_Chk1=0.8584181649;
pChk1_ref12_5_24h=0.0065016400;
pChk1_ref100_24h=0.0084773412;
pChk1_ref100_48h=0.0109700723;
kd_pChk1=0.0673386871;
k_cdc25=225.8541452439;
K_cdc25=0.8159212781;
kf_p53=0.0005152443;
k_p53=32.9057773979;
K_ATR=0.0003680528;
p53ser46_ref50_72h=0.0004103336;
kp_ser46=3.6145483717;
K_p53=0.5035958205;
upAsy=0.1803208476;
sness=0.0039559100;
k_apop=0.0680391653;
tED50=427.1653147702;
cell_pop_norm0_Jack_MGMT_P=98.4620172509;
k_dis=0.0168535419;

%%%%%%%%%

cost=273.1447910345;

%%%%%%%%%

