TMZout0_Ka_XTMZ(norm)=0.56169;
MGMT_P0(norm)=0.69674;
k_MGMT(norm)=0.78313;
k_addO(norm)=0.57117;
k_addN(norm)=0.80271;
DSB_72h_fac(norm)=0.66146;
k_DSBO(norm)=0.58646;
k_DSBN(norm)=0.55697;
k_CyA(norm)=0.90973;
fVX(norm)=0.51438;
kf_ATR_MGMT_P(norm)=0.58494;
k_ATR(norm)=0.59366;
K_add(norm)=0.68068;
kd_pATR(norm)=0.32989;
k_Chk1(norm)=0.31737;
C_Chk1(norm)=0.59592;
pChk1_ref12_5_24h(norm)=0.44387;
pChk1_ref100_24h(norm)=0.44153;
pChk1_ref100_48h(norm)=0.52789;
kd_pChk1(norm)=0.53463;
k_cdc25(norm)=0.41514;
K_cdc25(norm)=0.55305;
kf_p53(norm)=0.37164;
k_p53(norm)=0.37333;
K_ATR(norm)=0.47257;
p53ser46_ref50_72h(norm)=0.42030;
kp_ser46(norm)=0.64961;
K_p53(norm)=0.04857;
upAsy(norm)=0.35501;
sness(norm)=0.57453;
k_apop(norm)=0.68141;
tED50(norm)=0.51371;
cell_pop_norm0_Jack_MGMT_P(norm)=0.16511;
k_dis(norm)=0.61663;

%%%%%%%%%

TMZout0_Ka_XTMZ=35.2666424261;
MGMT_P0=2.0704201167;
k_MGMT=55.4775316660;
k_addO=0.0109420192;
k_addN=0.1822316695;
DSB_72h_fac=1.0943223393;
k_DSBO=0.0003135216;
k_DSBN=0.0000360396;
k_CyA=2.6854522864;
fVX=0.0013281520;
kf_ATR_MGMT_P=0.0000108556;
k_ATR=0.0209367811;
K_add=0.0000760319;
kd_pATR=0.0031237813;
k_Chk1=382.7835013724;
C_Chk1=0.7508277327;
pChk1_ref12_5_24h=0.0067596416;
pChk1_ref100_24h=0.0067616616;
pChk1_ref100_48h=0.0082250288;
kd_pChk1=0.0782196687;
k_cdc25=208.8216028490;
K_cdc25=1.3125518541;
kf_p53=0.0005766555;
k_p53=31.0438354231;
K_ATR=0.0003771264;
p53ser46_ref50_72h=0.0004737666;
kp_ser46=4.0607500116;
K_p53=0.3360832187;
upAsy=0.2073153206;
sness=0.0041260992;
k_apop=0.0692230239;
tED50=350.6764265878;
cell_pop_norm0_Jack_MGMT_P=74.2460936893;
k_dis=0.0166501560;

%%%%%%%%%

cost=124.1361052369;

%%%%%%%%%

