TMZout0_Ka_XTMZ(norm)=0.31652;
MGMT_P0(norm)=0.76227;
k_MGMT(norm)=0.61340;
k_addO(norm)=0.58018;
k_addN(norm)=0.74459;
DSB_72h_fac(norm)=0.77236;
k_DSBO(norm)=0.51548;
k_DSBN(norm)=0.38155;
k_CyA(norm)=0.65833;
fVX(norm)=0.18775;
kf_ATR_MGMT_P(norm)=0.57275;
k_ATR(norm)=0.76885;
K_add(norm)=0.57022;
kd_pATR(norm)=0.89162;
k_Chk1(norm)=0.43983;
C_Chk1(norm)=0.64489;
pChk1_ref12_5_24h(norm)=0.45869;
pChk1_ref100_24h(norm)=0.46208;
pChk1_ref100_48h(norm)=0.39695;
kd_pChk1(norm)=0.75912;
k_cdc25(norm)=0.23866;
K_cdc25(norm)=0.50872;
kf_p53(norm)=0.49930;
k_p53(norm)=0.44572;
K_ATR(norm)=0.59503;
p53ser46_ref50_72h(norm)=0.52021;
kp_ser46(norm)=0.56110;
K_p53(norm)=0.64431;
upAsy(norm)=0.13403;
sness(norm)=0.37750;
k_apop(norm)=0.81416;
tED50(norm)=0.16323;
cell_pop_norm0_Jack_MGMT_P(norm)=0.15002;
k_dis(norm)=0.64504;

%%%%%%%%%

TMZout0_Ka_XTMZ=33.3364962270;
MGMT_P0=2.1565047423;
k_MGMT=48.0461169267;
k_addO=0.0110259422;
k_addN=0.1734745249;
DSB_72h_fac=1.1862944446;
k_DSBO=0.0002952232;
k_DSBN=0.0000310620;
k_CyA=2.1702467743;
fVX=0.0010070637;
kf_ATR_MGMT_P=0.0000107440;
k_ATR=0.0242871610;
K_add=0.0000692391;
kd_pATR=0.0050278416;
k_Chk1=424.6343280914;
C_Chk1=0.7826327943;
pChk1_ref12_5_24h=0.0068450704;
pChk1_ref100_24h=0.0068804591;
pChk1_ref100_48h=0.0073613104;
kd_pChk1=0.0946074427;
k_cdc25=179.8197028043;
K_cdc25=1.2641697421;
kf_p53=0.0006425250;
k_p53=33.0075899890;
K_ATR=0.0004183589;
p53ser46_ref50_72h=0.0005156188;
kp_ser46=3.7673581217;
K_p53=0.5567589797;
upAsy=0.1719165037;
sness=0.0034916819;
k_apop=0.0774633165;
tED50=260.5785913309;
cell_pop_norm0_Jack_MGMT_P=73.8475482308;
k_dis=0.0170557103;

%%%%%%%%%

cost=124.3610216989;

%%%%%%%%%

