TMZout0_Ka_XTMZ(norm)=0.31355;
MGMT_P0(norm)=0.68170;
k_MGMT(norm)=0.18535;
k_addO(norm)=0.36189;
k_addN(norm)=1.00000;
DSB_72h_fac(norm)=0.70903;
k_DSBO(norm)=0.16672;
k_DSBN(norm)=0.24208;
k_CyA(norm)=0.86495;
fVX(norm)=0.31207;
kf_ATR_MGMT_P(norm)=0.37991;
k_ATR(norm)=0.31448;
K_add(norm)=0.71531;
kd_pATR(norm)=0.05959;
k_Chk1(norm)=0.59958;
C_Chk1(norm)=0.19197;
pChk1_ref12_5_24h(norm)=0.00010;
pChk1_ref100_24h(norm)=0.81037;
pChk1_ref100_48h(norm)=0.73222;
kd_pChk1(norm)=0.38135;
k_cdc25(norm)=0.25931;
K_cdc25(norm)=0.56468;
kf_p53(norm)=0.84289;
k_p53(norm)=0.09627;
K_ATR(norm)=0.05995;
p53ser46_ref50_72h(norm)=0.69794;
kp_ser46(norm)=0.81884;
K_p53(norm)=0.64726;
upAsy(norm)=0.11039;
sness(norm)=0.49873;
k_apop(norm)=1.00000;
tED50(norm)=0.04060;
cell_pop_norm0_Jack_MGMT_P(norm)=0.70867;
k_dis(norm)=0.54384;

%%%%%%%%%

TMZout0_Ka_XTMZ=33.3137645073;
MGMT_P0=2.0511526586;
k_MGMT=33.4307611866;
k_addO=0.0091640983;
k_addN=0.2153875622;
DSB_72h_fac=1.1328678136;
k_DSBO=0.0002196923;
k_DSBN=0.0000276000;
k_CyA=2.5854734204;
fVX=0.0011189365;
kf_ATR_MGMT_P=0.0000091244;
k_ATR=0.0165264538;
K_add=0.0000782965;
kd_pATR=0.0024843566;
k_Chk1=486.1801214722;
C_Chk1=0.5332053329;
pChk1_ref12_5_24h=0.0046411643;
pChk1_ref100_24h=0.0092422924;
pChk1_ref100_48h=0.0097796759;
kd_pChk1=0.0686933031;
k_cdc25=182.9925888453;
K_cdc25=1.3255532838;
kf_p53=0.0008596558;
k_p53=24.5484341885;
K_ATR=0.0002658613;
p53ser46_ref50_72h=0.0005994168;
kp_ser46=4.6867933201;
K_p53=0.5581510823;
upAsy=0.1685069192;
sness=0.0038694077;
k_apop=0.0906739715;
tED50=234.8622111705;
cell_pop_norm0_Jack_MGMT_P=90.1307226958;
k_dis=0.0156542112;

%%%%%%%%%

cost=266.8331423333;

%%%%%%%%%

