TMZout0_Ka_XTMZ(norm)=0.46750;
MGMT_P0(norm)=0.63370;
k_MGMT(norm)=0.41895;
k_addO(norm)=0.41071;
k_addN(norm)=0.62754;
DSB_72h_fac(norm)=0.85710;
k_DSBO(norm)=0.28989;
k_DSBN(norm)=0.74357;
k_CyA(norm)=0.49296;
fVX(norm)=0.49868;
kf_ATR_MGMT_P(norm)=1.00000;
k_ATR(norm)=0.42067;
K_add(norm)=0.81617;
kd_pATR(norm)=0.32478;
k_Chk1(norm)=0.00010;
C_Chk1(norm)=1.00000;
pChk1_ref12_5_24h(norm)=0.60886;
pChk1_ref100_24h(norm)=0.63631;
pChk1_ref100_48h(norm)=0.49454;
kd_pChk1(norm)=0.21884;
k_cdc25(norm)=0.59782;
K_cdc25(norm)=0.96768;
kf_p53(norm)=0.75130;
k_p53(norm)=0.65350;
K_ATR(norm)=0.46788;
p53ser46_ref50_72h(norm)=0.41288;
kp_ser46(norm)=0.46588;
K_p53(norm)=0.37405;
upAsy(norm)=0.91809;
sness(norm)=0.72237;
k_apop(norm)=0.51948;
tED50(norm)=0.53312;
cell_pop_norm0_Jack_MGMT_P(norm)=0.51680;
k_dis(norm)=0.43283;

%%%%%%%%%

TMZout0_Ka_XTMZ=34.5122108099;
MGMT_P0=2.0345477308;
k_MGMT=35.2549631644;
k_addO=0.0089551319;
k_addN=0.1276398294;
DSB_72h_fac=1.2567438452;
k_DSBO=0.0002520070;
k_DSBN=0.0000452893;
k_CyA=2.2657949161;
fVX=0.0013218258;
kf_ATR_MGMT_P=0.0000154484;
k_ATR=0.0229399817;
K_add=0.0000987485;
kd_pATR=0.0021829093;
k_Chk1=204.3592813326;
C_Chk1=1.0682849608;
pChk1_ref12_5_24h=0.0086931536;
pChk1_ref100_24h=0.0089175508;
pChk1_ref100_48h=0.0097613824;
kd_pChk1=0.0462443806;
k_cdc25=233.6642904554;
K_cdc25=1.9242527002;
kf_p53=0.0006635010;
k_p53=34.6359400541;
K_ATR=0.0004185388;
p53ser46_ref50_72h=0.0004147309;
kp_ser46=2.9928717745;
K_p53=0.5394119158;
upAsy=0.2607771546;
sness=0.0042230686;
k_apop=0.0549579637;
tED50=362.8351205668;
cell_pop_norm0_Jack_MGMT_P=84.1688614264;
k_dis=0.0141827600;

%%%%%%%%%

cost=300.7878644148;

%%%%%%%%%

