TMZout0_Ka_XTMZ(norm)=0.42368;
MGMT_P0(norm)=1.00000;
k_MGMT(norm)=0.70465;
k_addO(norm)=0.58049;
k_addN(norm)=0.40839;
DSB_72h_fac(norm)=0.56781;
k_DSBO(norm)=0.91420;
k_DSBN(norm)=0.00010;
k_CyA(norm)=0.60833;
fVX(norm)=0.67063;
kf_ATR_MGMT_P(norm)=1.00000;
k_ATR(norm)=0.00783;
K_add(norm)=1.00000;
kd_pATR(norm)=0.82991;
k_Chk1(norm)=0.54671;
C_Chk1(norm)=0.55980;
pChk1_ref12_5_24h(norm)=0.26549;
pChk1_ref100_24h(norm)=0.39459;
pChk1_ref100_48h(norm)=0.36223;
kd_pChk1(norm)=0.00010;
k_cdc25(norm)=1.00000;
K_cdc25(norm)=0.16357;
kf_p53(norm)=0.96129;
k_p53(norm)=0.86914;
K_ATR(norm)=0.38668;
p53ser46_ref50_72h(norm)=0.94767;
kp_ser46(norm)=0.55418;
K_p53(norm)=0.42607;
upAsy(norm)=0.23932;
sness(norm)=0.79095;
k_apop(norm)=0.27585;
tED50(norm)=0.00010;
cell_pop_norm0_Jack_MGMT_P(norm)=0.19407;
k_dis(norm)=0.32015;

%%%%%%%%%

TMZout0_Ka_XTMZ=34.1667641911;
MGMT_P0=2.5000000000;
k_MGMT=51.9083854994;
k_addO=0.0110288048;
k_addN=0.1304733940;
DSB_72h_fac=1.0222376781;
k_DSBO=0.0004138765;
k_DSBN=0.0000224836;
k_CyA=2.0802278985;
fVX=0.0015161627;
kf_ATR_MGMT_P=0.0000154307;
k_ATR=0.0127450490;
K_add=0.0000996552;
kd_pATR=0.0047717259;
k_Chk1=464.8829907303;
C_Chk1=0.7281955353;
pChk1_ref12_5_24h=0.0058114553;
pChk1_ref100_24h=0.0064980595;
pChk1_ref100_48h=0.0071478964;
kd_pChk1=0.0497305343;
k_cdc25=342.7608330462;
K_cdc25=0.9436190946;
kf_p53=0.0009503709;
k_p53=47.2520527139;
K_ATR=0.0003506572;
p53ser46_ref50_72h=0.0007406690;
kp_ser46=3.7453154278;
K_p53=0.4627609628;
upAsy=0.1879577704;
sness=0.0049565025;
k_apop=0.0490922501;
tED50=226.9392185870;
cell_pop_norm0_Jack_MGMT_P=75.0170167978;
k_dis=0.0129515255;

%%%%%%%%%

cost=100000.0000000000;

%%%%%%%%%

