TMZout0_Ka_XTMZ(norm)=0.60862;
MGMT_P0(norm)=1.00000;
k_MGMT(norm)=0.11944;
k_addO(norm)=0.07089;
k_addN(norm)=0.58399;
DSB_72h_fac(norm)=0.66418;
k_DSBO(norm)=0.16756;
k_DSBN(norm)=0.62353;
k_CyA(norm)=0.85841;
fVX(norm)=0.74963;
kf_ATR_MGMT_P(norm)=0.65370;
k_ATR(norm)=0.95053;
K_add(norm)=0.37757;
kd_pATR(norm)=0.55342;
k_Chk1(norm)=0.37987;
C_Chk1(norm)=0.53963;
pChk1_ref12_5_24h(norm)=0.62096;
pChk1_ref100_24h(norm)=0.68017;
pChk1_ref100_48h(norm)=0.62924;
kd_pChk1(norm)=0.53948;
k_cdc25(norm)=0.35450;
K_cdc25(norm)=0.90232;
kf_p53(norm)=0.50919;
k_p53(norm)=0.37799;
K_ATR(norm)=0.31039;
p53ser46_ref50_72h(norm)=0.85714;
kp_ser46(norm)=0.46852;
K_p53(norm)=0.74231;
upAsy(norm)=0.58855;
sness(norm)=0.32842;
k_apop(norm)=0.32013;
tED50(norm)=0.58809;
cell_pop_norm0_Jack_MGMT_P(norm)=0.30379;
k_dis(norm)=0.59004;

%%%%%%%%%

TMZout0_Ka_XTMZ=35.6486265592;
MGMT_P0=2.5000000000;
k_MGMT=31.6151007249;
k_addO=0.0071615386;
k_addN=0.1514050150;
DSB_72h_fac=1.0964883592;
k_DSBO=0.0002198491;
k_DSBN=0.0000381307;
k_CyA=2.5711803416;
fVX=0.0016211267;
kf_ATR_MGMT_P=0.0000115068;
k_ATR=0.0283290990;
K_add=0.0000588112;
kd_pATR=0.0037751344;
k_Chk1=403.5981751575;
C_Chk1=0.7158560547;
pChk1_ref12_5_24h=0.0078539665;
pChk1_ref100_24h=0.0082769338;
pChk1_ref100_48h=0.0089625466;
kd_pChk1=0.0785422351;
k_cdc25=198.3641304746;
K_cdc25=1.7645802603;
kf_p53=0.0006479362;
k_p53=31.1667505249;
K_ATR=0.0003287087;
p53ser46_ref50_72h=0.0006859794;
kp_ser46=3.4831278573;
K_p53=0.6049620965;
upAsy=0.2526791316;
sness=0.0033494720;
k_apop=0.0509690756;
tED50=373.4879592582;
cell_pop_norm0_Jack_MGMT_P=78.0109132211;
k_dis=0.0162791864;

%%%%%%%%%

cost=205.6097924193;

%%%%%%%%%

