TMZout0_Ka_XTMZ(norm)=0.57414;
MGMT_P0(norm)=0.61084;
k_MGMT(norm)=0.38558;
k_addO(norm)=0.50778;
k_addN(norm)=0.55176;
DSB_72h_fac(norm)=0.84996;
k_DSBO(norm)=0.49830;
k_DSBN(norm)=0.86963;
k_CyA(norm)=0.94512;
fVX(norm)=0.78181;
kf_ATR_MGMT_P(norm)=0.72932;
k_ATR(norm)=0.77957;
K_add(norm)=0.99749;
kd_pATR(norm)=0.29471;
k_Chk1(norm)=0.02507;
C_Chk1(norm)=0.74347;
pChk1_ref12_5_24h(norm)=0.23380;
pChk1_ref100_24h(norm)=0.64079;
pChk1_ref100_48h(norm)=0.95050;
kd_pChk1(norm)=0.80130;
k_cdc25(norm)=0.64055;
K_cdc25(norm)=0.16132;
kf_p53(norm)=0.26759;
k_p53(norm)=0.00010;
K_ATR(norm)=0.49793;
p53ser46_ref50_72h(norm)=0.27455;
kp_ser46(norm)=0.92453;
K_p53(norm)=0.77646;
upAsy(norm)=0.26873;
sness(norm)=0.65459;
k_apop(norm)=0.53778;
tED50(norm)=0.37104;
cell_pop_norm0_Jack_MGMT_P(norm)=0.40515;
k_dis(norm)=0.38393;

%%%%%%%%%

TMZout0_Ka_XTMZ=35.3675833339;
MGMT_P0=1.9627488867;
k_MGMT=39.6121227917;
k_addO=0.0103698315;
k_addN=0.1473261227;
DSB_72h_fac=1.2551998699;
k_DSBO=0.0002909569;
k_DSBN=0.0000469714;
k_CyA=2.7672096757;
fVX=0.0016659267;
kf_ATR_MGMT_P=0.0000122681;
k_ATR=0.0245089070;
K_add=0.0000994432;
kd_pATR=0.0030320238;
k_Chk1=298.8086000976;
C_Chk1=0.8508119508;
pChk1_ref12_5_24h=0.0056574651;
pChk1_ref100_24h=0.0080052989;
pChk1_ref100_48h=0.0117664988;
kd_pChk1=0.0980494324;
k_cdc25=252.7682648304;
K_cdc25=0.9418287746;
kf_p53=0.0005279921;
k_p53=22.6274627823;
K_ATR=0.0003853196;
p53ser46_ref50_72h=0.0004187258;
kp_ser46=5.1258764273;
K_p53=0.6227204262;
upAsy=0.1927013865;
sness=0.0044156901;
k_apop=0.0612908320;
tED50=310.7482563296;
cell_pop_norm0_Jack_MGMT_P=80.8829252405;
k_dis=0.0136706448;

%%%%%%%%%

cost=194.3948210839;

%%%%%%%%%

