TMZout0_Ka_XTMZ(norm)=0.39930;
MGMT_P0(norm)=0.51322;
k_MGMT(norm)=0.92432;
k_addO(norm)=0.56788;
k_addN(norm)=0.24871;
DSB_72h_fac(norm)=0.41897;
k_DSBO(norm)=0.56273;
k_DSBN(norm)=0.82784;
k_CyA(norm)=0.22400;
fVX(norm)=0.67957;
kf_ATR_MGMT_P(norm)=0.84504;
k_ATR(norm)=0.36779;
K_add(norm)=0.66694;
kd_pATR(norm)=0.09641;
k_Chk1(norm)=0.67137;
C_Chk1(norm)=0.30599;
pChk1_ref12_5_24h(norm)=0.63399;
pChk1_ref100_24h(norm)=0.67917;
pChk1_ref100_48h(norm)=0.66158;
kd_pChk1(norm)=0.19018;
k_cdc25(norm)=0.74870;
K_cdc25(norm)=0.28542;
kf_p53(norm)=0.55347;
k_p53(norm)=0.57557;
K_ATR(norm)=0.42363;
p53ser46_ref50_72h(norm)=0.39318;
kp_ser46(norm)=0.46298;
K_p53(norm)=0.17306;
upAsy(norm)=0.52642;
sness(norm)=0.52147;
k_apop(norm)=0.43882;
tED50(norm)=0.92861;
cell_pop_norm0_Jack_MGMT_P(norm)=0.46668;
k_dis(norm)=0.56074;

%%%%%%%%%

TMZout0_Ka_XTMZ=33.9760479648;
MGMT_P0=1.8644950897;
k_MGMT=52.3054350861;
k_addO=0.0100324498;
k_addN=0.0861377250;
DSB_72h_fac=0.9004083157;
k_DSBO=0.0003179248;
k_DSBN=0.0000502583;
k_CyA=1.7251299642;
fVX=0.0013767988;
kf_ATR_MGMT_P=0.0000133310;
k_ATR=0.0204789820;
K_add=0.0000801637;
kd_pATR=0.0022352733;
k_Chk1=434.4726118288;
C_Chk1=0.5990860213;
pChk1_ref12_5_24h=0.0080836769;
pChk1_ref100_24h=0.0084129485;
pChk1_ref100_48h=0.0096626717;
kd_pChk1=0.0544801196;
k_cdc25=292.4805152458;
K_cdc25=1.0227969784;
kf_p53=0.0005751112;
k_p53=36.5151821058;
K_ATR=0.0004107501;
p53ser46_ref50_72h=0.0003984857;
kp_ser46=3.0354685537;
K_p53=0.4346335426;
upAsy=0.2368819666;
sness=0.0036099647;
k_apop=0.0583376731;
tED50=584.0822264618;
cell_pop_norm0_Jack_MGMT_P=82.6776230409;
k_dis=0.0159969146;

%%%%%%%%%

cost=168.6230793307;

%%%%%%%%%

