TMZout0_Ka_XTMZ(norm)=1.00000;
MGMT_P0(norm)=0.86522;
k_MGMT(norm)=0.51205;
k_addO(norm)=0.19942;
k_addN(norm)=0.56696;
DSB_72h_fac(norm)=0.28276;
k_DSBO(norm)=0.35914;
k_DSBN(norm)=0.24007;
k_CyA(norm)=0.00010;
fVX(norm)=0.25442;
kf_ATR_MGMT_P(norm)=0.69198;
k_ATR(norm)=1.00000;
K_add(norm)=0.20811;
kd_pATR(norm)=0.83930;
k_Chk1(norm)=0.41508;
C_Chk1(norm)=0.69540;
pChk1_ref12_5_24h(norm)=0.28735;
pChk1_ref100_24h(norm)=0.49587;
pChk1_ref100_48h(norm)=0.51560;
kd_pChk1(norm)=0.01279;
k_cdc25(norm)=0.36206;
K_cdc25(norm)=0.30622;
kf_p53(norm)=0.80090;
k_p53(norm)=0.23880;
K_ATR(norm)=0.52857;
p53ser46_ref50_72h(norm)=0.65561;
kp_ser46(norm)=0.26304;
K_p53(norm)=0.42872;
upAsy(norm)=0.33921;
sness(norm)=0.00010;
k_apop(norm)=1.00000;
tED50(norm)=0.32715;
cell_pop_norm0_Jack_MGMT_P(norm)=0.00010;
k_dis(norm)=0.61239;

%%%%%%%%%

TMZout0_Ka_XTMZ=39.0000000000;
MGMT_P0=2.2990494088;
k_MGMT=44.0925241702;
k_addO=0.0079855496;
k_addN=0.1492352721;
DSB_72h_fac=0.8307490419;
k_DSBO=0.0002585960;
k_DSBN=0.0000275531;
k_CyA=1.2424989020;
fVX=0.0010655903;
kf_ATR_MGMT_P=0.0000118862;
k_ATR=0.0295416857;
K_add=0.0000509452;
kd_pATR=0.0048098475;
k_Chk1=415.8218801804;
C_Chk1=0.8168525078;
pChk1_ref12_5_24h=0.0059200717;
pChk1_ref100_24h=0.0070802801;
pChk1_ref100_48h=0.0081398077;
kd_pChk1=0.0502680248;
k_cdc25=199.6383371959;
K_cdc25=1.0648539774;
kf_p53=0.0008296060;
k_p53=27.6995467986;
K_ATR=0.0003954531;
p53ser46_ref50_72h=0.0005782976;
kp_ser46=2.9265489588;
K_p53=0.4638028765;
upAsy=0.2045584381;
sness=0.0025360710;
k_apop=0.0906739715;
tED50=299.4041867202;
cell_pop_norm0_Jack_MGMT_P=70.0024967691;
k_dis=0.0165903918;

%%%%%%%%%

cost=261.3100692721;

%%%%%%%%%

