TMZout0_Ka_XTMZ(norm)=0.32482;
MGMT_P0(norm)=0.63504;
k_MGMT(norm)=0.41934;
k_addO(norm)=0.10062;
k_addN(norm)=0.23553;
DSB_72h_fac(norm)=0.36628;
k_DSBO(norm)=0.77066;
k_DSBN(norm)=0.79593;
k_CyA(norm)=0.58900;
fVX(norm)=0.54556;
kf_ATR_MGMT_P(norm)=0.58289;
k_ATR(norm)=0.50415;
K_add(norm)=0.80987;
kd_pATR(norm)=0.23859;
k_Chk1(norm)=1.00000;
C_Chk1(norm)=0.98837;
pChk1_ref12_5_24h(norm)=0.08767;
pChk1_ref100_24h(norm)=1.00000;
pChk1_ref100_48h(norm)=0.94407;
kd_pChk1(norm)=0.86263;
k_cdc25(norm)=0.77128;
K_cdc25(norm)=0.53208;
kf_p53(norm)=0.41950;
k_p53(norm)=0.58553;
K_ATR(norm)=0.51427;
p53ser46_ref50_72h(norm)=0.30249;
kp_ser46(norm)=0.94415;
K_p53(norm)=0.61681;
upAsy(norm)=0.91178;
sness(norm)=0.85785;
k_apop(norm)=0.40888;
tED50(norm)=1.00000;
cell_pop_norm0_Jack_MGMT_P(norm)=0.00010;
k_dis(norm)=0.53963;

%%%%%%%%%

TMZout0_Ka_XTMZ=33.4000643091;
MGMT_P0=1.9925074974;
k_MGMT=40.7614453171;
k_addO=0.0073442117;
k_addN=0.1126969628;
DSB_72h_fac=0.8828016784;
k_DSBO=0.0003664800;
k_DSBN=0.0000441280;
k_CyA=2.0464378490;
fVX=0.0013637063;
kf_ATR_MGMT_P=0.0000108367;
k_ATR=0.0194076974;
K_add=0.0000848277;
kd_pATR=0.0028912274;
k_Chk1=682.5647593832;
C_Chk1=1.0470142151;
pChk1_ref12_5_24h=0.0049986354;
pChk1_ref100_24h=0.0108532287;
pChk1_ref100_48h=0.0117026046;
kd_pChk1=0.1032795531;
k_cdc25=282.3765062401;
K_cdc25=1.2894426766;
kf_p53=0.0006005180;
k_p53=37.1585966647;
K_ATR=0.0003906903;
p53ser46_ref50_72h=0.0004287588;
kp_ser46=5.2118152743;
K_p53=0.5439362886;
upAsy=0.3322851803;
sness=0.0052455621;
k_apop=0.0549494354;
tED50=529.4799787438;
cell_pop_norm0_Jack_MGMT_P=70.0024967691;
k_dis=0.0155985488;

%%%%%%%%%

cost=237.0014546494;

%%%%%%%%%

