TMZout0_Ka_XTMZ(norm)=0.75000;
MGMT_P0(norm)=0.50000;
k_MGMT(norm)=0.50000;
k_addO(norm)=0.25000;
k_addN(norm)=0.75000;
DSB_72h_fac(norm)=0.50000;
k_DSBO(norm)=0.50000;
k_DSBN(norm)=0.50000;
k_CyA(norm)=0.50000;
fVX(norm)=0.25000;
kf_ATR_MGMT_P(norm)=0.25000;
k_ATR(norm)=0.25000;
K_add(norm)=0.25000;
kd_pATR(norm)=0.25000;
k_Chk1(norm)=0.50000;
C_Chk1(norm)=0.25000;
pChk1_ref12_5_24h(norm)=0.75000;
pChk1_ref100_24h(norm)=0.75000;
pChk1_ref100_48h(norm)=0.50000;
kd_pChk1(norm)=0.50000;
k_cdc25(norm)=0.50000;
K_cdc25(norm)=0.75000;
kf_p53(norm)=0.50000;
k_p53(norm)=0.25000;
K_ATR(norm)=0.75000;
p53ser46_ref50_72h(norm)=0.50000;
kp_ser46(norm)=0.25000;
K_p53(norm)=0.50000;
upAsy(norm)=0.25000;
sness(norm)=0.25000;
k_apop(norm)=0.75000;
tED50(norm)=0.75000;
cell_pop_norm0_Jack_MGMT_P(norm)=0.50000;
k_dis(norm)=0.25000;

%%%%%%%%%

TMZout0_Ka_XTMZ=36.8246712783;
MGMT_P0=1.8320493790;
k_MGMT=43.6446620750;
k_addO=0.0083351866;
k_addN=0.1742715221;
DSB_72h_fac=0.9730200153;
k_DSBO=0.0002913760;
k_DSBN=0.0000343414;
k_CyA=1.8977876171;
fVX=0.0010616062;
kf_ATR_MGMT_P=0.0000081734;
k_ATR=0.0156477783;
K_add=0.0000527858;
kd_pATR=0.0029193212;
k_Chk1=446.8435252261;
C_Chk1=0.5600776362;
pChk1_ref12_5_24h=0.0087613843;
pChk1_ref100_24h=0.0087814202;
pChk1_ref100_48h=0.0080329292;
kd_pChk1=0.0759582098;
k_cdc25=224.3896375286;
K_cdc25=1.5509255756;
kf_p53=0.0006429082;
k_p53=27.9636113752;
K_ATR=0.0004770631;
p53ser46_ref50_72h=0.0005068645;
kp_ser46=2.8943931542;
K_p53=0.4926778879;
upAsy=0.1896666674;
sness=0.0031341429;
k_apop=0.0733649189;
tED50=428.4058044437;
cell_pop_norm0_Jack_MGMT_P=83.6660026534;
k_dis=0.0122041055;

%%%%%%%%%

cost=123.7245987165;

%%%%%%%%%

