TMZout0_Ka_XTMZ(norm)=1.00000;
MGMT_P0(norm)=0.35652;
k_MGMT(norm)=0.24979;
k_addO(norm)=0.36748;
k_addN(norm)=0.19162;
DSB_72h_fac(norm)=0.00010;
k_DSBO(norm)=0.55427;
k_DSBN(norm)=0.30375;
k_CyA(norm)=0.45862;
fVX(norm)=0.93050;
kf_ATR_MGMT_P(norm)=0.65041;
k_ATR(norm)=0.47133;
K_add(norm)=0.37396;
kd_pATR(norm)=0.80755;
k_Chk1(norm)=0.67077;
C_Chk1(norm)=0.27946;
pChk1_ref12_5_24h(norm)=0.22750;
pChk1_ref100_24h(norm)=0.46283;
pChk1_ref100_48h(norm)=0.51716;
kd_pChk1(norm)=0.65952;
k_cdc25(norm)=0.77170;
K_cdc25(norm)=0.20815;
kf_p53(norm)=0.40288;
k_p53(norm)=0.73750;
K_ATR(norm)=0.48230;
p53ser46_ref50_72h(norm)=0.16571;
kp_ser46(norm)=0.79418;
K_p53(norm)=0.29749;
upAsy(norm)=0.67668;
sness(norm)=0.55703;
k_apop(norm)=0.80606;
tED50(norm)=1.00000;
cell_pop_norm0_Jack_MGMT_P(norm)=0.00010;
k_dis(norm)=0.32595;

%%%%%%%%%

TMZout0_Ka_XTMZ=39.0000000000;
MGMT_P0=1.7612000502;
k_MGMT=31.5032992079;
k_addO=0.0090753860;
k_addN=0.1001604752;
DSB_72h_fac=0.6607123948;
k_DSBO=0.0003102059;
k_DSBN=0.0000326707;
k_CyA=1.8613841178;
fVX=0.0018409523;
kf_ATR_MGMT_P=0.0000114898;
k_ATR=0.0172698373;
K_add=0.0000606747;
kd_pATR=0.0038359671;
k_Chk1=468.1850599272;
C_Chk1=0.5751312246;
pChk1_ref12_5_24h=0.0052528352;
pChk1_ref100_24h=0.0064202897;
pChk1_ref100_48h=0.0078949371;
kd_pChk1=0.0835756510;
k_cdc25=346.5409121036;
K_cdc25=0.9732085222;
kf_p53=0.0005762778;
k_p53=34.1467638187;
K_ATR=0.0003156987;
p53ser46_ref50_72h=0.0003875395;
kp_ser46=5.0809633827;
K_p53=0.6479093245;
upAsy=0.2997928526;
sness=0.0038562268;
k_apop=0.0765815003;
tED50=582.1404884586;
cell_pop_norm0_Jack_MGMT_P=70.0024967691;
k_dis=0.0130510608;

%%%%%%%%%

cost=279.4311192852;

%%%%%%%%%

