TMZout0_Ka_XTMZ(norm)=0.78402;
MGMT_P0(norm)=0.73188;
k_MGMT(norm)=0.64482;
k_addO(norm)=0.55344;
k_addN(norm)=0.79686;
DSB_72h_fac(norm)=0.74745;
k_DSBO(norm)=0.69495;
k_DSBN(norm)=0.36615;
k_CyA(norm)=0.56550;
fVX(norm)=0.22852;
kf_ATR_MGMT_P(norm)=0.60762;
k_ATR(norm)=0.56674;
K_add(norm)=0.61749;
kd_pATR(norm)=0.48594;
k_Chk1(norm)=0.21894;
C_Chk1(norm)=0.56608;
pChk1_ref12_5_24h(norm)=0.58126;
pChk1_ref100_24h(norm)=0.58507;
pChk1_ref100_48h(norm)=0.65679;
kd_pChk1(norm)=0.32462;
k_cdc25(norm)=0.64283;
K_cdc25(norm)=0.62536;
kf_p53(norm)=0.39561;
k_p53(norm)=0.43932;
K_ATR(norm)=0.47048;
p53ser46_ref50_72h(norm)=0.47670;
kp_ser46(norm)=0.64882;
K_p53(norm)=0.47646;
upAsy(norm)=0.37104;
sness(norm)=0.87024;
k_apop(norm)=0.66886;
tED50(norm)=0.28771;
cell_pop_norm0_Jack_MGMT_P(norm)=0.16677;
k_dis(norm)=0.60122;

%%%%%%%%%

TMZout0_Ka_XTMZ=37.1134035053;
MGMT_P0=2.1161447642;
k_MGMT=49.3425401865;
k_addO=0.0107789137;
k_addN=0.1813293917;
DSB_72h_fac=1.1649842562;
k_DSBO=0.0003437077;
k_DSBN=0.0000306595;
k_CyA=2.0060929647;
fVX=0.0010424597;
kf_ATR_MGMT_P=0.0000110662;
k_ATR=0.0204647992;
K_add=0.0000720684;
kd_pATR=0.0035653541;
k_Chk1=352.1532122874;
C_Chk1=0.7320784338;
pChk1_ref12_5_24h=0.0075941730;
pChk1_ref100_24h=0.0076361652;
pChk1_ref100_48h=0.0091742285;
kd_pChk1=0.0654696532;
k_cdc25=253.2558069356;
K_cdc25=1.3954869494;
kf_p53=0.0005884834;
k_p53=32.8290166263;
K_ATR=0.0003764593;
p53ser46_ref50_72h=0.0004969566;
kp_ser46=4.0580291733;
K_p53=0.4829475594;
upAsy=0.2101502840;
sness=0.0053009401;
k_apop=0.0684908237;
tED50=289.5627599737;
cell_pop_norm0_Jack_MGMT_P=74.2900079364;
k_dis=0.0164340695;

%%%%%%%%%

cost=124.2231865414;

%%%%%%%%%

