TMZout0_Ka_XTMZ(norm)=0.66837;
MGMT_P0(norm)=0.51733;
k_MGMT(norm)=0.34489;
k_addO(norm)=0.19596;
k_addN(norm)=0.01047;
DSB_72h_fac(norm)=0.19795;
k_DSBO(norm)=0.46518;
k_DSBN(norm)=0.60283;
k_CyA(norm)=0.29564;
fVX(norm)=0.76926;
kf_ATR_MGMT_P(norm)=0.60171;
k_ATR(norm)=0.49876;
K_add(norm)=0.36217;
kd_pATR(norm)=0.61073;
k_Chk1(norm)=0.07828;
C_Chk1(norm)=0.50850;
pChk1_ref12_5_24h(norm)=0.37036;
pChk1_ref100_24h(norm)=0.37253;
pChk1_ref100_48h(norm)=0.44608;
kd_pChk1(norm)=0.41860;
k_cdc25(norm)=0.73167;
K_cdc25(norm)=0.24840;
kf_p53(norm)=0.75080;
k_p53(norm)=0.69388;
K_ATR(norm)=0.41181;
p53ser46_ref50_72h(norm)=0.30940;
kp_ser46(norm)=0.77136;
K_p53(norm)=0.62149;
upAsy(norm)=1.00000;
sness(norm)=0.57686;
k_apop(norm)=0.27401;
tED50(norm)=1.00000;
cell_pop_norm0_Jack_MGMT_P(norm)=0.48605;
k_dis(norm)=0.49214;

%%%%%%%%%

TMZout0_Ka_XTMZ=36.1410090101;
MGMT_P0=1.8518966228;
k_MGMT=38.2696700037;
k_addO=0.0079621567;
k_addN=0.0931311032;
DSB_72h_fac=0.7810350775;
k_DSBO=0.0002829049;
k_DSBN=0.0000374678;
k_CyA=1.5960600419;
fVX=0.0016483164;
kf_ATR_MGMT_P=0.0000110109;
k_ATR=0.0193192725;
K_add=0.0000580487;
kd_pATR=0.0039629707;
k_Chk1=312.5881451938;
C_Chk1=0.6972203699;
pChk1_ref12_5_24h=0.0063514768;
pChk1_ref100_24h=0.0063777264;
pChk1_ref100_48h=0.0076741976;
kd_pChk1=0.0708962071;
k_cdc25=273.0572982861;
K_cdc25=1.0139470473;
kf_p53=0.0007951276;
k_p53=40.7316260686;
K_ATR=0.0003582030;
p53ser46_ref50_72h=0.0004312768;
kp_ser46=4.5019892523;
K_p53=0.5460967172;
upAsy=0.3580746716;
sness=0.0041342449;
k_apop=0.0490155932;
tED50=529.4799787438;
cell_pop_norm0_Jack_MGMT_P=83.2506383200;
k_dis=0.0149832643;

%%%%%%%%%

cost=248.5266963228;

%%%%%%%%%

