TMZout0_Ka_XTMZ(norm)=0.00010;
MGMT_P0(norm)=1.00000;
k_MGMT(norm)=0.81994;
k_addO(norm)=0.57703;
k_addN(norm)=0.21644;
DSB_72h_fac(norm)=0.14253;
k_DSBO(norm)=0.38492;
k_DSBN(norm)=0.51779;
k_CyA(norm)=0.27848;
fVX(norm)=0.38281;
kf_ATR_MGMT_P(norm)=0.66643;
k_ATR(norm)=0.60108;
K_add(norm)=0.30052;
kd_pATR(norm)=0.19771;
k_Chk1(norm)=0.52088;
C_Chk1(norm)=0.62874;
pChk1_ref12_5_24h(norm)=0.00577;
pChk1_ref100_24h(norm)=0.31271;
pChk1_ref100_48h(norm)=0.72910;
kd_pChk1(norm)=0.51678;
k_cdc25(norm)=0.84684;
K_cdc25(norm)=0.50634;
kf_p53(norm)=0.12741;
k_p53(norm)=0.58171;
K_ATR(norm)=0.36832;
p53ser46_ref50_72h(norm)=0.08048;
kp_ser46(norm)=0.49443;
K_p53(norm)=0.56334;
upAsy(norm)=0.34539;
sness(norm)=0.56274;
k_apop(norm)=0.96320;
tED50(norm)=0.50419;
cell_pop_norm0_Jack_MGMT_P(norm)=0.44975;
k_dis(norm)=0.79108;

%%%%%%%%%

TMZout0_Ka_XTMZ=31.0007116889;
MGMT_P0=2.5000000000;
k_MGMT=47.8782300689;
k_addO=0.0101105742;
k_addN=0.0838143164;
DSB_72h_fac=0.7298645873;
k_DSBO=0.0002734599;
k_DSBN=0.0000386470;
k_CyA=1.8066378975;
fVX=0.0010707002;
kf_ATR_MGMT_P=0.0000114587;
k_ATR=0.0249547744;
K_add=0.0000587683;
kd_pATR=0.0024356114;
k_Chk1=382.4598329719;
C_Chk1=0.7875038361;
pChk1_ref12_5_24h=0.0047472266;
pChk1_ref100_24h=0.0061673652;
pChk1_ref100_48h=0.0102315891;
kd_pChk1=0.0718490886;
k_cdc25=317.8412923759;
K_cdc25=1.2333444120;
kf_p53=0.0004008415;
k_p53=36.7056876567;
K_ATR=0.0003919435;
p53ser46_ref50_72h=0.0003057351;
kp_ser46=3.1174570315;
K_p53=0.6049755433;
upAsy=0.2031972854;
sness=0.0037384136;
k_apop=0.0909719298;
tED50=407.6586598631;
cell_pop_norm0_Jack_MGMT_P=82.1797108930;
k_dis=0.0194444466;

%%%%%%%%%

cost=217.0367140554;

%%%%%%%%%

