TMZout0_Ka_XTMZ(norm)=0.39206;
MGMT_P0(norm)=0.93279;
k_MGMT(norm)=0.50974;
k_addO(norm)=0.56734;
k_addN(norm)=0.64550;
DSB_72h_fac(norm)=0.74493;
k_DSBO(norm)=0.65931;
k_DSBN(norm)=0.51174;
k_CyA(norm)=0.52574;
fVX(norm)=0.36390;
kf_ATR_MGMT_P(norm)=0.61824;
k_ATR(norm)=0.48409;
K_add(norm)=0.59587;
kd_pATR(norm)=0.78969;
k_Chk1(norm)=0.75293;
C_Chk1(norm)=0.65521;
pChk1_ref12_5_24h(norm)=0.55224;
pChk1_ref100_24h(norm)=0.55002;
pChk1_ref100_48h(norm)=0.54073;
kd_pChk1(norm)=0.67042;
k_cdc25(norm)=0.58460;
K_cdc25(norm)=0.51923;
kf_p53(norm)=0.69721;
k_p53(norm)=0.36090;
K_ATR(norm)=0.33717;
p53ser46_ref50_72h(norm)=0.70087;
kp_ser46(norm)=0.79697;
K_p53(norm)=0.00821;
upAsy(norm)=0.15713;
sness(norm)=0.12497;
k_apop(norm)=0.49490;
tED50(norm)=0.33347;
cell_pop_norm0_Jack_MGMT_P(norm)=0.14771;
k_dis(norm)=0.61688;

%%%%%%%%%

TMZout0_Ka_XTMZ=33.9196178248;
MGMT_P0=2.3976881200;
k_MGMT=44.0062213713;
k_addO=0.0109065589;
k_addN=0.1595050070;
DSB_72h_fac=1.1628475633;
k_DSBO=0.0003334836;
k_DSBN=0.0000346847;
k_CyA=1.9396322240;
fVX=0.0011691660;
kf_ATR_MGMT_P=0.0000111662;
k_ATR=0.0190806326;
K_add=0.0000707600;
kd_pATR=0.0046118619;
k_Chk1=553.6408029284;
C_Chk1=0.7895098654;
pChk1_ref12_5_24h=0.0074097061;
pChk1_ref100_24h=0.0074127351;
pChk1_ref100_48h=0.0083149548;
kd_pChk1=0.0877579760;
k_cdc25=241.0649516566;
K_cdc25=1.2754811692;
kf_p53=0.0007598324;
k_p53=30.7186391101;
K_ATR=0.0003362523;
p53ser46_ref50_72h=0.0006009069;
kp_ser46=4.6007589640;
K_p53=0.3247836763;
upAsy=0.1753146366;
sness=0.0028190953;
k_apop=0.0591041609;
tED50=301.0109106126;
cell_pop_norm0_Jack_MGMT_P=73.7868626366;
k_dis=0.0166536889;

%%%%%%%%%

cost=123.2003565590;

%%%%%%%%%

