TMZout0_Ka_XTMZ(norm)=0.18535;
MGMT_P0(norm)=0.39199;
k_MGMT(norm)=0.39138;
k_addO(norm)=0.30946;
k_addN(norm)=0.28539;
DSB_72h_fac(norm)=0.55982;
k_DSBO(norm)=0.80663;
k_DSBN(norm)=0.69352;
k_CyA(norm)=0.26426;
fVX(norm)=0.29418;
kf_ATR_MGMT_P(norm)=0.86370;
k_ATR(norm)=0.36573;
K_add(norm)=0.66377;
kd_pATR(norm)=0.66096;
k_Chk1(norm)=0.95733;
C_Chk1(norm)=0.19212;
pChk1_ref12_5_24h(norm)=0.18636;
pChk1_ref100_24h(norm)=0.42846;
pChk1_ref100_48h(norm)=0.83759;
kd_pChk1(norm)=0.42764;
k_cdc25(norm)=0.45477;
K_cdc25(norm)=0.35233;
kf_p53(norm)=0.59964;
k_p53(norm)=0.32223;
K_ATR(norm)=0.28563;
p53ser46_ref50_72h(norm)=0.38873;
kp_ser46(norm)=0.35152;
K_p53(norm)=0.39523;
upAsy(norm)=0.82836;
sness(norm)=0.80078;
k_apop(norm)=0.52132;
tED50(norm)=0.89958;
cell_pop_norm0_Jack_MGMT_P(norm)=0.31016;
k_dis(norm)=0.54825;

%%%%%%%%%

TMZout0_Ka_XTMZ=32.3475387770;
MGMT_P0=1.7955394218;
k_MGMT=35.5189204539;
k_addO=0.0086400639;
k_addN=0.1084428954;
DSB_72h_fac=1.0059206128;
k_DSBO=0.0003841597;
k_DSBN=0.0000454554;
k_CyA=1.5787616702;
fVX=0.0010737219;
kf_ATR_MGMT_P=0.0000137658;
k_ATR=0.0157917445;
K_add=0.0000775624;
kd_pATR=0.0033879321;
k_Chk1=596.8482398348;
C_Chk1=0.5341048327;
pChk1_ref12_5_24h=0.0050728581;
pChk1_ref100_24h=0.0062360610;
pChk1_ref100_48h=0.0103576102;
kd_pChk1=0.0686681620;
k_cdc25=264.9284773150;
K_cdc25=1.0996640262;
kf_p53=0.0006808218;
k_p53=24.0181352064;
K_ATR=0.0002672407;
p53ser46_ref50_72h=0.0004681478;
kp_ser46=3.4918695747;
K_p53=0.7038501240;
upAsy=0.3409064036;
sness=0.0047408867;
k_apop=0.0601649502;
tED50=534.6555704086;
cell_pop_norm0_Jack_MGMT_P=78.1884617576;
k_dis=0.0157560213;

%%%%%%%%%

cost=193.5388750813;

%%%%%%%%%

