TMZout0_Ka_XTMZ(norm)=0.54466;
MGMT_P0(norm)=0.65635;
k_MGMT(norm)=0.25992;
k_addO(norm)=0.86680;
k_addN(norm)=0.69283;
DSB_72h_fac(norm)=0.58975;
k_DSBO(norm)=0.40164;
k_DSBN(norm)=0.29908;
k_CyA(norm)=0.18943;
fVX(norm)=0.67017;
kf_ATR_MGMT_P(norm)=0.56876;
k_ATR(norm)=0.66638;
K_add(norm)=0.94830;
kd_pATR(norm)=0.40043;
k_Chk1(norm)=0.75318;
C_Chk1(norm)=0.47766;
pChk1_ref12_5_24h(norm)=0.29011;
pChk1_ref100_24h(norm)=0.34992;
pChk1_ref100_48h(norm)=0.35887;
kd_pChk1(norm)=0.95307;
k_cdc25(norm)=0.50788;
K_cdc25(norm)=0.18905;
kf_p53(norm)=0.32421;
k_p53(norm)=0.53266;
K_ATR(norm)=0.00010;
p53ser46_ref50_72h(norm)=0.00010;
kp_ser46(norm)=0.35229;
K_p53(norm)=0.52563;
upAsy(norm)=0.89213;
sness(norm)=0.67475;
k_apop(norm)=0.64276;
tED50(norm)=0.76198;
cell_pop_norm0_Jack_MGMT_P(norm)=0.51706;
k_dis(norm)=0.50151;

%%%%%%%%%

TMZout0_Ka_XTMZ=35.1290416716;
MGMT_P0=2.0190816810;
k_MGMT=35.6112946500;
k_addO=0.0140566665;
k_addN=0.1660313344;
DSB_72h_fac=1.0386825124;
k_DSBO=0.0002680777;
k_DSBN=0.0000289656;
k_CyA=1.4586920470;
fVX=0.0015155752;
kf_ATR_MGMT_P=0.0000107077;
k_ATR=0.0222674852;
K_add=0.0000953838;
kd_pATR=0.0033161634;
k_Chk1=553.7566619943;
C_Chk1=0.6792393819;
pChk1_ref12_5_24h=0.0059339678;
pChk1_ref100_24h=0.0062567071;
pChk1_ref100_48h=0.0071275527;
kd_pChk1=0.1115053358;
k_cdc25=225.8922208862;
K_cdc25=0.9642181982;
kf_p53=0.0005539377;
k_p53=35.5308628902;
K_ATR=0.0002527144;
p53ser46_ref50_72h=0.0003318488;
kp_ser46=3.1564491675;
K_p53=0.5034958912;
upAsy=0.3267973659;
sness=0.0044917483;
k_apop=0.0669926848;
tED50=432.7748430834;
cell_pop_norm0_Jack_MGMT_P=84.1767683825;
k_dis=0.0151027334;

%%%%%%%%%

cost=333.5056966635;

%%%%%%%%%

