TMZout0_Ka_XTMZ(norm)=0.32823;
MGMT_P0(norm)=0.43253;
k_MGMT(norm)=0.97059;
k_addO(norm)=0.55575;
k_addN(norm)=0.70353;
DSB_72h_fac(norm)=0.18015;
k_DSBO(norm)=0.51077;
k_DSBN(norm)=0.11416;
k_CyA(norm)=0.24470;
fVX(norm)=0.44765;
kf_ATR_MGMT_P(norm)=0.73317;
k_ATR(norm)=0.60359;
K_add(norm)=0.19920;
kd_pATR(norm)=0.82610;
k_Chk1(norm)=0.88298;
C_Chk1(norm)=0.35349;
pChk1_ref12_5_24h(norm)=0.33854;
pChk1_ref100_24h(norm)=0.53135;
pChk1_ref100_48h(norm)=0.98927;
kd_pChk1(norm)=0.00010;
k_cdc25(norm)=0.75380;
K_cdc25(norm)=0.37090;
kf_p53(norm)=0.60613;
k_p53(norm)=0.19368;
K_ATR(norm)=0.35594;
p53ser46_ref50_72h(norm)=0.51029;
kp_ser46(norm)=0.75300;
K_p53(norm)=0.69977;
upAsy(norm)=0.64310;
sness(norm)=0.62562;
k_apop(norm)=0.82475;
tED50(norm)=0.34848;
cell_pop_norm0_Jack_MGMT_P(norm)=0.17125;
k_dis(norm)=1.00000;

%%%%%%%%%

TMZout0_Ka_XTMZ=33.4262503278;
MGMT_P0=1.7760164606;
k_MGMT=54.3971435376;
k_addO=0.0099298702;
k_addN=0.1266361364;
DSB_72h_fac=0.7510191975;
k_DSBO=0.0003042317;
k_DSBN=0.0000274531;
k_CyA=1.7556595077;
fVX=0.0011311726;
kf_ATR_MGMT_P=0.0000121253;
k_ATR=0.0250078797;
K_add=0.0000539341;
kd_pATR=0.0041480371;
k_Chk1=519.7904342911;
C_Chk1=0.6236904894;
pChk1_ref12_5_24h=0.0062934704;
pChk1_ref100_24h=0.0074225518;
pChk1_ref100_48h=0.0127549924;
kd_pChk1=0.0463761475;
k_cdc25=293.7481867127;
K_cdc25=1.0996252378;
kf_p53=0.0006013512;
k_p53=26.4208518491;
K_ATR=0.0003878542;
p53ser46_ref50_72h=0.0004400517;
kp_ser46=3.8810394816;
K_p53=0.6791094501;
upAsy=0.2614968611;
sness=0.0039430011;
k_apop=0.0809022592;
tED50=357.2707973258;
cell_pop_norm0_Jack_MGMT_P=74.4088975015;
k_dis=0.0232099160;

%%%%%%%%%

cost=286.3701333730;

%%%%%%%%%

