TMZout0_Ka_XTMZ(norm)=0.79512;
MGMT_P0(norm)=0.76838;
k_MGMT(norm)=0.62720;
k_addO(norm)=0.50731;
k_addN(norm)=0.52985;
DSB_72h_fac(norm)=0.52507;
k_DSBO(norm)=0.71278;
k_DSBN(norm)=0.35706;
k_CyA(norm)=0.98358;
fVX(norm)=0.99753;
kf_ATR_MGMT_P(norm)=0.55464;
k_ATR(norm)=0.45174;
K_add(norm)=0.73643;
kd_pATR(norm)=0.12158;
k_Chk1(norm)=0.87607;
C_Chk1(norm)=0.66040;
pChk1_ref12_5_24h(norm)=0.58050;
pChk1_ref100_24h(norm)=0.58513;
pChk1_ref100_48h(norm)=0.59199;
kd_pChk1(norm)=0.70457;
k_cdc25(norm)=0.40756;
K_cdc25(norm)=0.55610;
kf_p53(norm)=0.60067;
k_p53(norm)=0.37880;
K_ATR(norm)=0.35222;
p53ser46_ref50_72h(norm)=0.55862;
kp_ser46(norm)=0.63100;
K_p53(norm)=0.85561;
upAsy(norm)=0.69472;
sness(norm)=0.66412;
k_apop(norm)=0.79287;
tED50(norm)=0.58743;
cell_pop_norm0_Jack_MGMT_P(norm)=0.12165;
k_dis(norm)=0.62455;

%%%%%%%%%

TMZout0_Ka_XTMZ=37.2080669558;
MGMT_P0=2.2038457310;
k_MGMT=43.3747662252;
k_addO=0.0102169509;
k_addN=0.1334004152;
DSB_72h_fac=0.9800099056;
k_DSBO=0.0003547931;
k_DSBN=0.0000341805;
k_CyA=2.9040956523;
fVX=0.0019485383;
kf_ATR_MGMT_P=0.0000105943;
k_ATR=0.0169856365;
K_add=0.0000824874;
kd_pATR=0.0021451302;
k_Chk1=557.1381743518;
C_Chk1=0.7942250619;
pChk1_ref12_5_24h=0.0070841789;
pChk1_ref100_24h=0.0071212841;
pChk1_ref100_48h=0.0084116982;
kd_pChk1=0.0868275513;
k_cdc25=254.5414046577;
K_cdc25=1.3068997228;
kf_p53=0.0006814137;
k_p53=25.1975178928;
K_ATR=0.0002827526;
p53ser46_ref50_72h=0.0005406259;
kp_ser46=4.4248495260;
K_p53=1.0396587447;
upAsy=0.3044099497;
sness=0.0042225183;
k_apop=0.0757302985;
tED50=410.4051633718;
cell_pop_norm0_Jack_MGMT_P=73.1041763674;
k_dis=0.0168083695;

%%%%%%%%%

cost=124.5891003549;

%%%%%%%%%

