TMZout0_Ka_XTMZ(norm)=0.25000;
MGMT_P0(norm)=0.75000;
k_MGMT(norm)=0.75000;
k_addO(norm)=0.25000;
k_addN(norm)=0.75000;
DSB_72h_fac(norm)=0.25000;
k_DSBO(norm)=0.50000;
k_DSBN(norm)=0.50000;
k_CyA(norm)=0.75000;
fVX(norm)=0.75000;
kf_ATR_MGMT_P(norm)=0.25000;
k_ATR(norm)=0.50000;
K_add(norm)=0.50000;
kd_pATR(norm)=0.50000;
k_Chk1(norm)=0.75000;
C_Chk1(norm)=0.75000;
pChk1_ref12_5_24h(norm)=0.25000;
pChk1_ref100_24h(norm)=0.75000;
pChk1_ref100_48h(norm)=0.50000;
kd_pChk1(norm)=0.25000;
k_cdc25(norm)=0.25000;
K_cdc25(norm)=0.50000;
kf_p53(norm)=0.75000;
k_p53(norm)=0.50000;
K_ATR(norm)=0.50000;
p53ser46_ref50_72h(norm)=0.25000;
kp_ser46(norm)=0.75000;
K_p53(norm)=0.25000;
upAsy(norm)=0.50000;
sness(norm)=0.75000;
k_apop(norm)=0.75000;
tED50(norm)=0.75000;
cell_pop_norm0_Jack_MGMT_P(norm)=0.50000;
k_dis(norm)=0.25000;

%%%%%%%%%

TMZout0_Ka_XTMZ=32.8312503013;
MGMT_P0=2.1720735061;
k_MGMT=46.6700408184;
k_addO=0.0078150934;
k_addN=0.1415957214;
DSB_72h_fac=0.7944586191;
k_DSBO=0.0003011119;
k_DSBN=0.0000368441;
k_CyA=2.8171303660;
fVX=0.0016355177;
kf_ATR_MGMT_P=0.0000081828;
k_ATR=0.0245349746;
K_add=0.0000755417;
kd_pATR=0.0025322932;
k_Chk1=385.7803990863;
C_Chk1=0.8643565317;
pChk1_ref12_5_24h=0.0064139473;
pChk1_ref100_24h=0.0098193185;
pChk1_ref100_48h=0.0098066630;
kd_pChk1=0.0474817220;
k_cdc25=174.0216911608;
K_cdc25=1.2946943364;
kf_p53=0.0006627733;
k_p53=30.4119055666;
K_ATR=0.0004300848;
p53ser46_ref50_72h=0.0003612679;
kp_ser46=3.8074760989;
K_p53=0.4855946545;
upAsy=0.1829874162;
sness=0.0043230983;
k_apop=0.0668122339;
tED50=436.0295969720;
cell_pop_norm0_Jack_MGMT_P=83.6660026534;
k_dis=0.0121474521;

%%%%%%%%%

cost=123.4981019314;

%%%%%%%%%

