TMZout0_Ka_XTMZ(norm)=0.09457;
MGMT_P0(norm)=1.00000;
k_MGMT(norm)=0.64732;
k_addO(norm)=0.00010;
k_addN(norm)=1.00000;
DSB_72h_fac(norm)=0.10980;
k_DSBO(norm)=0.18940;
k_DSBN(norm)=0.43133;
k_CyA(norm)=0.00010;
fVX(norm)=0.61991;
kf_ATR_MGMT_P(norm)=0.67178;
k_ATR(norm)=0.72876;
K_add(norm)=0.52942;
kd_pATR(norm)=0.46672;
k_Chk1(norm)=0.72323;
C_Chk1(norm)=0.97513;
pChk1_ref12_5_24h(norm)=0.23915;
pChk1_ref100_24h(norm)=0.54829;
pChk1_ref100_48h(norm)=0.45585;
kd_pChk1(norm)=0.10066;
k_cdc25(norm)=0.32257;
K_cdc25(norm)=0.44461;
kf_p53(norm)=0.46262;
k_p53(norm)=0.45275;
K_ATR(norm)=0.35013;
p53ser46_ref50_72h(norm)=0.47403;
kp_ser46(norm)=0.96691;
K_p53(norm)=0.32808;
upAsy(norm)=0.00010;
sness(norm)=0.59440;
k_apop(norm)=0.49076;
tED50(norm)=0.69538;
cell_pop_norm0_Jack_MGMT_P(norm)=0.83518;
k_dis(norm)=0.51011;

%%%%%%%%%

TMZout0_Ka_XTMZ=31.6803941174;
MGMT_P0=2.5000000000;
k_MGMT=41.3635756823;
k_addO=0.0062012245;
k_addN=0.1627984655;
DSB_72h_fac=0.7119381657;
k_DSBO=0.0002317120;
k_DSBN=0.0000359172;
k_CyA=1.4270282445;
fVX=0.0013089299;
kf_ATR_MGMT_P=0.0000115107;
k_ATR=0.0278059703;
K_add=0.0000713471;
kd_pATR=0.0030591355;
k_Chk1=453.9896496942;
C_Chk1=1.0561322100;
pChk1_ref12_5_24h=0.0057851727;
pChk1_ref100_24h=0.0075298689;
pChk1_ref100_48h=0.0081170005;
kd_pChk1=0.0505007385;
k_cdc25=203.8410202113;
K_cdc25=1.1704897740;
kf_p53=0.0005325016;
k_p53=32.9063224997;
K_ATR=0.0003859494;
p53ser46_ref50_72h=0.0004267401;
kp_ser46=4.6522187849;
K_p53=0.4956398869;
upAsy=0.1516554193;
sness=0.0038400577;
k_apop=0.0609622835;
tED50=479.3484330451;
cell_pop_norm0_Jack_MGMT_P=94.2908957066;
k_dis=0.0153251197;

%%%%%%%%%

cost=420.2585978216;

%%%%%%%%%

