TMZout0_Ka_XTMZ(norm)=0.14375;
MGMT_P0(norm)=0.75091;
k_MGMT(norm)=0.69581;
k_addO(norm)=0.36620;
k_addN(norm)=0.14403;
DSB_72h_fac(norm)=0.48319;
k_DSBO(norm)=1.00000;
k_DSBN(norm)=0.88089;
k_CyA(norm)=0.63738;
fVX(norm)=0.23206;
kf_ATR_MGMT_P(norm)=0.70584;
k_ATR(norm)=0.44962;
K_add(norm)=0.37860;
kd_pATR(norm)=0.61245;
k_Chk1(norm)=0.63765;
C_Chk1(norm)=1.00000;
pChk1_ref12_5_24h(norm)=0.57271;
pChk1_ref100_24h(norm)=0.57254;
pChk1_ref100_48h(norm)=0.89122;
kd_pChk1(norm)=0.74632;
k_cdc25(norm)=0.62748;
K_cdc25(norm)=0.24697;
kf_p53(norm)=0.37449;
k_p53(norm)=0.14896;
K_ATR(norm)=0.46962;
p53ser46_ref50_72h(norm)=0.79180;
kp_ser46(norm)=0.76116;
K_p53(norm)=0.45594;
upAsy(norm)=0.53340;
sness(norm)=0.45239;
k_apop(norm)=0.83257;
tED50(norm)=0.82418;
cell_pop_norm0_Jack_MGMT_P(norm)=0.35591;
k_dis(norm)=0.79173;

%%%%%%%%%

TMZout0_Ka_XTMZ=32.0401132013;
MGMT_P0=2.1413316612;
k_MGMT=51.5208447719;
k_addO=0.0091975876;
k_addN=0.1042898775;
DSB_72h_fac=0.9611919461;
k_DSBO=0.0004450842;
k_DSBN=0.0000474216;
k_CyA=2.1320669416;
fVX=0.0010455952;
kf_ATR_MGMT_P=0.0000120265;
k_ATR=0.0185314051;
K_add=0.0000588624;
kd_pATR=0.0039687463;
k_Chk1=502.1179473159;
C_Chk1=1.0573793404;
pChk1_ref12_5_24h=0.0075393632;
pChk1_ref100_24h=0.0075555320;
pChk1_ref100_48h=0.0111900857;
kd_pChk1=0.0935870356;
k_cdc25=249.9848304136;
K_cdc25=1.0127156560;
kf_p53=0.0005780494;
k_p53=25.6692065422;
K_ATR=0.0003761873;
p53ser46_ref50_72h=0.0006490354;
kp_ser46=4.4632483398;
K_p53=0.4746259676;
upAsy=0.2411440789;
sness=0.0037204209;
k_apop=0.0786816862;
tED50=456.1951770565;
cell_pop_norm0_Jack_MGMT_P=79.4746606158;
k_dis=0.0193129711;

%%%%%%%%%

cost=223.7886971711;

%%%%%%%%%

