TMZout0_Ka_XTMZ(norm)=0.41793;
MGMT_P0(norm)=0.33232;
k_MGMT(norm)=0.46908;
k_addO(norm)=0.00010;
k_addN(norm)=0.49199;
DSB_72h_fac(norm)=0.25153;
k_DSBO(norm)=0.19477;
k_DSBN(norm)=0.29668;
k_CyA(norm)=0.52012;
fVX(norm)=0.84319;
kf_ATR_MGMT_P(norm)=0.34082;
k_ATR(norm)=0.70547;
K_add(norm)=0.00010;
kd_pATR(norm)=0.21372;
k_Chk1(norm)=1.00000;
C_Chk1(norm)=0.71713;
pChk1_ref12_5_24h(norm)=0.00010;
pChk1_ref100_24h(norm)=0.59770;
pChk1_ref100_48h(norm)=0.95302;
kd_pChk1(norm)=0.00010;
k_cdc25(norm)=0.99112;
K_cdc25(norm)=0.14014;
kf_p53(norm)=0.65676;
k_p53(norm)=1.00000;
K_ATR(norm)=0.39551;
p53ser46_ref50_72h(norm)=0.23282;
kp_ser46(norm)=0.64900;
K_p53(norm)=0.93427;
upAsy(norm)=0.48585;
sness(norm)=0.74483;
k_apop(norm)=0.69529;
tED50(norm)=0.93409;
cell_pop_norm0_Jack_MGMT_P(norm)=0.47123;
k_dis(norm)=0.34816;

%%%%%%%%%

TMZout0_Ka_XTMZ=34.1216702123;
MGMT_P0=1.6506742346;
k_MGMT=42.5160003833;
k_addO=0.0067446269;
k_addN=0.1400504928;
DSB_72h_fac=0.8120833294;
k_DSBO=0.0002249769;
k_DSBN=0.0000289068;
k_CyA=1.9304124116;
fVX=0.0017548615;
kf_ATR_MGMT_P=0.0000088272;
k_ATR=0.0230174073;
K_add=0.0000427130;
kd_pATR=0.0028309505;
k_Chk1=682.5647593832;
C_Chk1=0.8320354403;
pChk1_ref12_5_24h=0.0046411643;
pChk1_ref100_24h=0.0077183277;
pChk1_ref100_48h=0.0117916366;
kd_pChk1=0.0497305343;
k_cdc25=340.1910740661;
K_cdc25=0.9250727431;
kf_p53=0.0007342325;
k_p53=52.7929398346;
K_ATR=0.0003532899;
p53ser46_ref50_72h=0.0004041799;
kp_ser46=4.0586420609;
K_p53=0.7118092473;
upAsy=0.2316209987;
sness=0.0047665742;
k_apop=0.0700414079;
tED50=500.7228072358;
cell_pop_norm0_Jack_MGMT_P=82.8118580596;
k_dis=0.0132625724;

%%%%%%%%%

cost=5263.6230150926;

%%%%%%%%%

