TMZout0_Ka_XTMZ(norm)=0.57465;
MGMT_P0(norm)=0.04669;
k_MGMT(norm)=0.48718;
k_addO(norm)=0.32528;
k_addN(norm)=0.73973;
DSB_72h_fac(norm)=0.66919;
k_DSBO(norm)=0.75560;
k_DSBN(norm)=0.37125;
k_CyA(norm)=0.09734;
fVX(norm)=0.56610;
kf_ATR_MGMT_P(norm)=0.69811;
k_ATR(norm)=0.55937;
K_add(norm)=0.58858;
kd_pATR(norm)=0.86407;
k_Chk1(norm)=0.50413;
C_Chk1(norm)=0.61752;
pChk1_ref12_5_24h(norm)=0.57505;
pChk1_ref100_24h(norm)=0.78508;
pChk1_ref100_48h(norm)=0.70161;
kd_pChk1(norm)=0.14853;
k_cdc25(norm)=0.46482;
K_cdc25(norm)=0.34387;
kf_p53(norm)=0.52381;
k_p53(norm)=1.00000;
K_ATR(norm)=0.48924;
p53ser46_ref50_72h(norm)=0.63146;
kp_ser46(norm)=0.76798;
K_p53(norm)=0.13382;
upAsy(norm)=0.27357;
sness(norm)=0.88565;
k_apop(norm)=0.37840;
tED50(norm)=0.02145;
cell_pop_norm0_Jack_MGMT_P(norm)=0.29829;
k_dis(norm)=0.50491;

%%%%%%%%%

TMZout0_Ka_XTMZ=35.3717345258;
MGMT_P0=1.3821057158;
k_MGMT=43.1729724171;
k_addO=0.0088841623;
k_addN=0.1727610194;
DSB_72h_fac=1.1004920514;
k_DSBO=0.0003618337;
k_DSBN=0.0000307923;
k_CyA=1.3492081104;
fVX=0.0013876506;
kf_ATR_MGMT_P=0.0000119480;
k_ATR=0.0203372801;
K_add=0.0000703243;
kd_pATR=0.0049118712;
k_Chk1=448.4114170891;
C_Chk1=0.7646955265;
pChk1_ref12_5_24h=0.0075543162;
pChk1_ref100_24h=0.0090463535;
pChk1_ref100_48h=0.0095292809;
kd_pChk1=0.0563950799;
k_cdc25=217.8003286911;
K_cdc25=1.0993735239;
kf_p53=0.0006560090;
k_p53=52.7929398346;
K_ATR=0.0003824934;
p53ser46_ref50_72h=0.0005665864;
kp_ser46=4.4891154145;
K_p53=0.3612569075;
upAsy=0.1934931125;
sness=0.0053706253;
k_apop=0.0535487590;
tED50=231.0813503152;
cell_pop_norm0_Jack_MGMT_P=77.8579749165;
k_dis=0.0151463135;

%%%%%%%%%

cost=180.0340682775;

%%%%%%%%%

