TMZout0_Ka_XTMZ(norm)=0.33691;
MGMT_P0(norm)=0.53544;
k_MGMT(norm)=0.67879;
k_addO(norm)=0.54853;
k_addN(norm)=0.70402;
DSB_72h_fac(norm)=0.47405;
k_DSBO(norm)=0.13447;
k_DSBN(norm)=0.33104;
k_CyA(norm)=0.16477;
fVX(norm)=0.72876;
kf_ATR_MGMT_P(norm)=0.79921;
k_ATR(norm)=0.98868;
K_add(norm)=0.59265;
kd_pATR(norm)=0.74252;
k_Chk1(norm)=0.54991;
C_Chk1(norm)=0.82147;
pChk1_ref12_5_24h(norm)=0.50805;
pChk1_ref100_24h(norm)=0.92504;
pChk1_ref100_48h(norm)=1.00000;
kd_pChk1(norm)=0.72084;
k_cdc25(norm)=0.33992;
K_cdc25(norm)=0.26983;
kf_p53(norm)=0.88533;
k_p53(norm)=0.63856;
K_ATR(norm)=0.65813;
p53ser46_ref50_72h(norm)=0.83270;
kp_ser46(norm)=0.94654;
K_p53(norm)=0.39998;
upAsy(norm)=0.88877;
sness(norm)=0.22295;
k_apop(norm)=0.19264;
tED50(norm)=0.30494;
cell_pop_norm0_Jack_MGMT_P(norm)=0.30091;
k_dis(norm)=0.38428;

%%%%%%%%%

TMZout0_Ka_XTMZ=33.4928719908;
MGMT_P0=1.8728671963;
k_MGMT=50.7834864882;
k_addO=0.0107341810;
k_addN=0.1676122012;
DSB_72h_fac=0.9548204782;
k_DSBO=0.0002137700;
k_DSBN=0.0000297608;
k_CyA=1.4285395416;
fVX=0.0015927114;
kf_ATR_MGMT_P=0.0000130166;
k_ATR=0.0292597747;
K_add=0.0000705674;
kd_pATR=0.0044311583;
k_Chk1=466.1453443398;
C_Chk1=0.9089406590;
pChk1_ref12_5_24h=0.0071373916;
pChk1_ref100_24h=0.0101853325;
pChk1_ref100_48h=0.0122705020;
kd_pChk1=0.0915880234;
k_cdc25=195.9279810015;
K_cdc25=1.0325198246;
kf_p53=0.0008911282;
k_p53=38.8663813695;
K_ATR=0.0004413348;
p53ser46_ref50_72h=0.0006719197;
kp_ser46=5.2223690797;
K_p53=0.4526451081;
upAsy=0.3258705524;
sness=0.0030631341;
k_apop=0.0457502646;
tED50=293.8205596842;
cell_pop_norm0_Jack_MGMT_P=77.9307504130;
k_dis=0.0136747072;

%%%%%%%%%

cost=261.2214737451;

%%%%%%%%%

