TMZout0_Ka_XTMZ(norm)=0.53714;
MGMT_P0(norm)=0.82769;
k_MGMT(norm)=0.78380;
k_addO(norm)=0.61260;
k_addN(norm)=0.67399;
DSB_72h_fac(norm)=0.71919;
k_DSBO(norm)=0.76696;
k_DSBN(norm)=0.60772;
k_CyA(norm)=0.19737;
fVX(norm)=0.64716;
kf_ATR_MGMT_P(norm)=0.61634;
k_ATR(norm)=0.62407;
K_add(norm)=0.55748;
kd_pATR(norm)=0.82454;
k_Chk1(norm)=0.67501;
C_Chk1(norm)=0.60209;
pChk1_ref12_5_24h(norm)=0.70148;
pChk1_ref100_24h(norm)=0.70158;
pChk1_ref100_48h(norm)=0.60023;
kd_pChk1(norm)=0.54979;
k_cdc25(norm)=0.31555;
K_cdc25(norm)=0.61068;
kf_p53(norm)=0.42130;
k_p53(norm)=0.43559;
K_ATR(norm)=0.51933;
p53ser46_ref50_72h(norm)=0.38027;
kp_ser46(norm)=0.55982;
K_p53(norm)=0.64898;
upAsy(norm)=0.39616;
sness(norm)=0.69180;
k_apop(norm)=0.69617;
tED50(norm)=0.50089;
cell_pop_norm0_Jack_MGMT_P(norm)=0.15276;
k_dis(norm)=0.60669;

%%%%%%%%%

TMZout0_Ka_XTMZ=35.0684144737;
MGMT_P0=2.2690917456;
k_MGMT=48.0257622906;
k_addO=0.0106258121;
k_addN=0.1327638910;
DSB_72h_fac=1.1324021750;
k_DSBO=0.0003775387;
k_DSBN=0.0000403652;
k_CyA=1.7638114452;
fVX=0.0014990385;
kf_ATR_MGMT_P=0.0000111611;
k_ATR=0.0272546643;
K_add=0.0000793117;
kd_pATR=0.0033337722;
k_Chk1=362.0301379771;
C_Chk1=0.7625419919;
pChk1_ref12_5_24h=0.0094028809;
pChk1_ref100_24h=0.0094246601;
pChk1_ref100_48h=0.0106758323;
kd_pChk1=0.0612125422;
k_cdc25=183.9601079087;
K_cdc25=1.4219789512;
kf_p53=0.0005016597;
k_p53=28.7966565814;
K_ATR=0.0004371858;
p53ser46_ref50_72h=0.0004034276;
kp_ser46=3.2408304608;
K_p53=0.6809073355;
upAsy=0.1675753648;
sness=0.0041151018;
k_apop=0.0638334147;
tED50=353.0611795087;
cell_pop_norm0_Jack_MGMT_P=73.9199162491;
k_dis=0.0164338740;

%%%%%%%%%

cost=124.0667098245;

%%%%%%%%%

