TMZout0_Ka_XTMZ(norm)=0.43722;
MGMT_P0(norm)=0.69566;
k_MGMT(norm)=0.88114;
k_addO(norm)=0.56539;
k_addN(norm)=0.41849;
DSB_72h_fac(norm)=0.71740;
k_DSBO(norm)=0.46614;
k_DSBN(norm)=0.65719;
k_CyA(norm)=0.89716;
fVX(norm)=0.91833;
kf_ATR_MGMT_P(norm)=0.58538;
k_ATR(norm)=0.66375;
K_add(norm)=0.62732;
kd_pATR(norm)=0.76363;
k_Chk1(norm)=0.58897;
C_Chk1(norm)=0.60069;
pChk1_ref12_5_24h(norm)=0.58974;
pChk1_ref100_24h(norm)=0.59312;
pChk1_ref100_48h(norm)=0.64262;
kd_pChk1(norm)=0.55805;
k_cdc25(norm)=0.30822;
K_cdc25(norm)=0.51616;
kf_p53(norm)=0.47236;
k_p53(norm)=0.46387;
K_ATR(norm)=0.52207;
p53ser46_ref50_72h(norm)=0.45815;
kp_ser46(norm)=0.56773;
K_p53(norm)=0.50797;
upAsy(norm)=0.30963;
sness(norm)=0.42444;
k_apop(norm)=0.61508;
tED50(norm)=0.62901;
cell_pop_norm0_Jack_MGMT_P(norm)=0.14561;
k_dis(norm)=0.60327;

%%%%%%%%%

TMZout0_Ka_XTMZ=34.2731603685;
MGMT_P0=2.1183039896;
k_MGMT=53.7871857995;
k_addO=0.0107323041;
k_addN=0.1213884464;
DSB_72h_fac=1.1322886811;
k_DSBO=0.0002878855;
k_DSBN=0.0000440776;
k_CyA=2.6990530110;
fVX=0.0018220704;
kf_ATR_MGMT_P=0.0000108739;
k_ATR=0.0203280158;
K_add=0.0000752035;
kd_pATR=0.0036958546;
k_Chk1=436.8339914506;
C_Chk1=0.7550420044;
pChk1_ref12_5_24h=0.0071398225;
pChk1_ref100_24h=0.0071696747;
pChk1_ref100_48h=0.0087804329;
kd_pChk1=0.0766904324;
k_cdc25=233.9936370207;
K_cdc25=1.2634179117;
kf_p53=0.0006112184;
k_p53=27.0808151376;
K_ATR=0.0003265160;
p53ser46_ref50_72h=0.0004965100;
kp_ser46=4.1939006083;
K_p53=0.7744026536;
upAsy=0.2196620154;
sness=0.0034464730;
k_apop=0.0651398035;
tED50=425.1215095808;
cell_pop_norm0_Jack_MGMT_P=73.7314540651;
k_dis=0.0165079497;

%%%%%%%%%

cost=123.9090409195;

%%%%%%%%%

