TMZout0_Ka_XTMZ(norm)=0.54844;
MGMT_P0(norm)=0.53903;
k_MGMT(norm)=0.74409;
k_addO(norm)=0.16212;
k_addN(norm)=0.43692;
DSB_72h_fac(norm)=0.03893;
k_DSBO(norm)=0.24988;
k_DSBN(norm)=0.22681;
k_CyA(norm)=0.30438;
fVX(norm)=0.00010;
kf_ATR_MGMT_P(norm)=0.72839;
k_ATR(norm)=0.85842;
K_add(norm)=0.09163;
kd_pATR(norm)=0.42215;
k_Chk1(norm)=0.19518;
C_Chk1(norm)=0.64006;
pChk1_ref12_5_24h(norm)=0.76305;
pChk1_ref100_24h(norm)=0.77590;
pChk1_ref100_48h(norm)=0.77988;
kd_pChk1(norm)=0.69080;
k_cdc25(norm)=0.19503;
K_cdc25(norm)=0.49228;
kf_p53(norm)=0.21562;
k_p53(norm)=0.43035;
K_ATR(norm)=0.31366;
p53ser46_ref50_72h(norm)=0.71682;
kp_ser46(norm)=0.68468;
K_p53(norm)=0.65074;
upAsy(norm)=0.56329;
sness(norm)=0.12333;
k_apop(norm)=0.91084;
tED50(norm)=0.20041;
cell_pop_norm0_Jack_MGMT_P(norm)=0.44892;
k_dis(norm)=0.79235;

%%%%%%%%%

TMZout0_Ka_XTMZ=35.1594841315;
MGMT_P0=1.8770524932;
k_MGMT=53.6724468637;
k_addO=0.0077370875;
k_addN=0.1336656257;
DSB_72h_fac=0.6956915210;
k_DSBO=0.0002357299;
k_DSBN=0.0000272452;
k_CyA=1.6079117276;
fVX=0.0008590255;
kf_ATR_MGMT_P=0.0000122585;
k_ATR=0.0262020530;
K_add=0.0000461572;
kd_pATR=0.0033777711;
k_Chk1=345.1343398809;
C_Chk1=0.7794358344;
pChk1_ref12_5_24h=0.0088588243;
pChk1_ref100_24h=0.0089762579;
pChk1_ref100_48h=0.0101827095;
kd_pChk1=0.0892862312;
k_cdc25=173.2922968603;
K_cdc25=1.2466875988;
kf_p53=0.0005052465;
k_p53=32.5804921674;
K_ATR=0.0003296191;
p53ser46_ref50_72h=0.0006090815;
kp_ser46=4.1832256841;
K_p53=0.5597964121;
upAsy=0.2473282855;
sness=0.0028151870;
k_apop=0.0840765674;
tED50=268.9175353556;
cell_pop_norm0_Jack_MGMT_P=82.1555470905;
k_dis=0.0193231021;

%%%%%%%%%

cost=208.5563311373;

%%%%%%%%%

