TMZout0_Ka_XTMZ(norm)=0.06828;
MGMT_P0(norm)=0.60037;
k_MGMT(norm)=0.75223;
k_addO(norm)=0.56383;
k_addN(norm)=0.72024;
DSB_72h_fac(norm)=0.80160;
k_DSBO(norm)=0.70013;
k_DSBN(norm)=0.71275;
k_CyA(norm)=0.60183;
fVX(norm)=0.32619;
kf_ATR_MGMT_P(norm)=0.58030;
k_ATR(norm)=0.16728;
K_add(norm)=0.62841;
kd_pATR(norm)=0.57789;
k_Chk1(norm)=0.62687;
C_Chk1(norm)=0.58179;
pChk1_ref12_5_24h(norm)=0.40164;
pChk1_ref100_24h(norm)=0.40200;
pChk1_ref100_48h(norm)=0.49036;
kd_pChk1(norm)=0.53714;
k_cdc25(norm)=0.22799;
K_cdc25(norm)=0.56123;
kf_p53(norm)=0.12806;
k_p53(norm)=0.49777;
K_ATR(norm)=0.18440;
p53ser46_ref50_72h(norm)=0.14939;
kp_ser46(norm)=0.93451;
K_p53(norm)=0.43009;
upAsy(norm)=0.29135;
sness(norm)=0.63830;
k_apop(norm)=0.75245;
tED50(norm)=0.61683;
cell_pop_norm0_Jack_MGMT_P(norm)=0.14225;
k_dis(norm)=0.62453;

%%%%%%%%%

TMZout0_Ka_XTMZ=31.4897884457;
MGMT_P0=1.9500196344;
k_MGMT=54.0440031842;
k_addO=0.0108741926;
k_addN=0.1699318764;
DSB_72h_fac=1.2117963483;
k_DSBO=0.0003452208;
k_DSBN=0.0000411248;
k_CyA=2.0688061729;
fVX=0.0011323957;
kf_ATR_MGMT_P=0.0000108129;
k_ATR=0.0145885935;
K_add=0.0000727386;
kd_pATR=0.0038542397;
k_Chk1=497.5536201629;
C_Chk1=0.7418908693;
pChk1_ref12_5_24h=0.0065220397;
pChk1_ref100_24h=0.0065389772;
pChk1_ref100_48h=0.0079675916;
kd_pChk1=0.0783863869;
k_cdc25=178.2010931427;
K_cdc25=1.3216849001;
kf_p53=0.0004691184;
k_p53=34.4958192565;
K_ATR=0.0002954256;
p53ser46_ref50_72h=0.0003765970;
kp_ser46=5.1693993053;
K_p53=0.4643409470;
upAsy=0.1964291403;
sness=0.0043551483;
k_apop=0.0735172207;
tED50=382.6955917773;
cell_pop_norm0_Jack_MGMT_P=73.6432013265;
k_dis=0.0167620064;

%%%%%%%%%

cost=124.6062318048;

%%%%%%%%%

