TMZout0_Ka_XTMZ(norm)=0.28389;
MGMT_P0(norm)=0.39659;
k_MGMT(norm)=0.46710;
k_addO(norm)=0.26879;
k_addN(norm)=0.24461;
DSB_72h_fac(norm)=0.53434;
k_DSBO(norm)=0.19450;
k_DSBN(norm)=0.60418;
k_CyA(norm)=0.30780;
fVX(norm)=0.50358;
kf_ATR_MGMT_P(norm)=0.55332;
k_ATR(norm)=0.00010;
K_add(norm)=0.85934;
kd_pATR(norm)=0.22781;
k_Chk1(norm)=0.97737;
C_Chk1(norm)=0.00010;
pChk1_ref12_5_24h(norm)=0.28450;
pChk1_ref100_24h(norm)=0.38271;
pChk1_ref100_48h(norm)=0.71867;
kd_pChk1(norm)=0.52098;
k_cdc25(norm)=0.53800;
K_cdc25(norm)=0.74688;
kf_p53(norm)=0.31742;
k_p53(norm)=0.51007;
K_ATR(norm)=0.73375;
p53ser46_ref50_72h(norm)=0.02232;
kp_ser46(norm)=0.85300;
K_p53(norm)=0.70508;
upAsy(norm)=0.93803;
sness(norm)=0.94113;
k_apop(norm)=0.48656;
tED50(norm)=0.29289;
cell_pop_norm0_Jack_MGMT_P(norm)=1.00000;
k_dis(norm)=0.85708;

%%%%%%%%%

TMZout0_Ka_XTMZ=33.0876771265;
MGMT_P0=1.7179699738;
k_MGMT=42.4449581454;
k_addO=0.0084689223;
k_addN=0.1135678952;
DSB_72h_fac=0.9976376949;
k_DSBO=0.0002249244;
k_DSBN=0.0000375104;
k_CyA=1.6125794312;
fVX=0.0013160608;
kf_ATR_MGMT_P=0.0000105686;
k_ATR=0.0126617952;
K_add=0.0000884586;
kd_pATR=0.0028649530;
k_Chk1=669.6002498788;
C_Chk1=0.4532009724;
pChk1_ref12_5_24h=0.0059057987;
pChk1_ref100_24h=0.0064329314;
pChk1_ref100_48h=0.0096680505;
kd_pChk1=0.0773204186;
k_cdc25=231.7323249043;
K_cdc25=1.5468349763;
kf_p53=0.0005507632;
k_p53=34.8571005771;
K_ATR=0.0004705397;
p53ser46_ref50_72h=0.0003381567;
kp_ser46=4.8244505285;
K_p53=0.5861767926;
upAsy=0.3397579519;
sness=0.0056291180;
k_apop=0.0586879391;
tED50=290.8371821254;
cell_pop_norm0_Jack_MGMT_P=100.0000000000;
k_dis=0.0204124966;

%%%%%%%%%

cost=100000.0000000000;

%%%%%%%%%

