TMZout0_Ka_XTMZ(norm)=0.36294;
MGMT_P0(norm)=0.90726;
k_MGMT(norm)=0.43716;
k_addO(norm)=0.60462;
k_addN(norm)=0.81049;
DSB_72h_fac(norm)=0.70668;
k_DSBO(norm)=0.56889;
k_DSBN(norm)=0.34250;
k_CyA(norm)=0.71120;
fVX(norm)=0.74021;
kf_ATR_MGMT_P(norm)=0.58841;
k_ATR(norm)=0.56668;
K_add(norm)=0.58767;
kd_pATR(norm)=0.78099;
k_Chk1(norm)=0.79137;
C_Chk1(norm)=0.60474;
pChk1_ref12_5_24h(norm)=0.61586;
pChk1_ref100_24h(norm)=0.62166;
pChk1_ref100_48h(norm)=0.58860;
kd_pChk1(norm)=0.64526;
k_cdc25(norm)=0.22816;
K_cdc25(norm)=0.53802;
kf_p53(norm)=0.63391;
k_p53(norm)=0.49136;
K_ATR(norm)=0.48566;
p53ser46_ref50_72h(norm)=0.64387;
kp_ser46(norm)=0.73393;
K_p53(norm)=0.61186;
upAsy(norm)=0.25309;
sness(norm)=0.29063;
k_apop(norm)=0.63899;
tED50(norm)=0.35155;
cell_pop_norm0_Jack_MGMT_P(norm)=0.16506;
k_dis(norm)=0.63364;

%%%%%%%%%

TMZout0_Ka_XTMZ=33.6936271036;
MGMT_P0=2.3599281834;
k_MGMT=41.3817559067;
k_addO=0.0112566132;
k_addN=0.1834360618;
DSB_72h_fac=1.1309287567;
k_DSBO=0.0003088887;
k_DSBN=0.0000300512;
k_CyA=2.2696744007;
fVX=0.0016082352;
kf_ATR_MGMT_P=0.0000108875;
k_ATR=0.0204636974;
K_add=0.0000702702;
kd_pATR=0.0045779938;
k_Chk1=571.9719149481;
C_Chk1=0.7564594987;
pChk1_ref12_5_24h=0.0078200754;
pChk1_ref100_24h=0.0078766211;
pChk1_ref100_48h=0.0086591990;
kd_pChk1=0.0859065914;
k_cdc25=178.2257508609;
K_cdc25=1.2959446198;
kf_p53=0.0007201508;
k_p53=34.3090125168;
K_ATR=0.0003813326;
p53ser46_ref50_72h=0.0005725755;
kp_ser46=4.3614728344;
K_p53=0.5416555984;
upAsy=0.1901639380;
sness=0.0032439072;
k_apop=0.0667788340;
tED50=305.6582232541;
cell_pop_norm0_Jack_MGMT_P=74.2449446838;
k_dis=0.0168917809;

%%%%%%%%%

cost=122.6393550235;

%%%%%%%%%

