TMZout0_Ka_XTMZ(norm)=0.80868;
MGMT_P0(norm)=0.39793;
k_MGMT(norm)=0.69659;
k_addO(norm)=0.24396;
k_addN(norm)=0.75512;
DSB_72h_fac(norm)=0.47973;
k_DSBO(norm)=0.49355;
k_DSBN(norm)=0.21009;
k_CyA(norm)=0.42033;
fVX(norm)=1.00000;
kf_ATR_MGMT_P(norm)=0.78053;
k_ATR(norm)=0.46442;
K_add(norm)=0.47794;
kd_pATR(norm)=0.40162;
k_Chk1(norm)=0.04400;
C_Chk1(norm)=0.71473;
pChk1_ref12_5_24h(norm)=0.10940;
pChk1_ref100_24h(norm)=0.36318;
pChk1_ref100_48h(norm)=0.92210;
kd_pChk1(norm)=0.19682;
k_cdc25(norm)=0.48095;
K_cdc25(norm)=0.53728;
kf_p53(norm)=0.75760;
k_p53(norm)=0.15195;
K_ATR(norm)=0.11744;
p53ser46_ref50_72h(norm)=0.32099;
kp_ser46(norm)=0.33101;
K_p53(norm)=0.73094;
upAsy(norm)=0.16252;
sness(norm)=0.23881;
k_apop(norm)=0.68730;
tED50(norm)=0.51120;
cell_pop_norm0_Jack_MGMT_P(norm)=0.31119;
k_dis(norm)=0.33105;

%%%%%%%%%

TMZout0_Ka_XTMZ=37.3241260535;
MGMT_P0=1.7194081620;
k_MGMT=51.5550580854;
k_addO=0.0082926170;
k_addN=0.1750292589;
DSB_72h_fac=0.9587758810;
k_DSBO=0.0002897872;
k_DSBN=0.0000268619;
k_CyA=1.7739025857;
fVX=0.0020042231;
kf_ATR_MGMT_P=0.0000128122;
k_ATR=0.0187653033;
K_add=0.0000640316;
kd_pATR=0.0033195186;
k_Chk1=303.6405415061;
C_Chk1=0.8303438593;
pChk1_ref12_5_24h=0.0050914991;
pChk1_ref100_24h=0.0063273775;
pChk1_ref100_48h=0.0114867202;
kd_pChk1=0.0587506410;
k_cdc25=220.7971333668;
K_cdc25=1.2951321202;
kf_p53=0.0007997215;
k_p53=25.7343777712;
K_ATR=0.0002791306;
p53ser46_ref50_72h=0.0004355325;
kp_ser46=3.1000475560;
K_p53=0.5991599266;
upAsy=0.1761171290;
sness=0.0031045717;
k_apop=0.0695693513;
tED50=349.9311815118;
cell_pop_norm0_Jack_MGMT_P=78.2170838933;
k_dis=0.0130716521;

%%%%%%%%%

cost=269.2539533277;

%%%%%%%%%

