TMZout0_Ka_XTMZ(norm)=1.00000;
MGMT_P0(norm)=0.40521;
k_MGMT(norm)=0.95796;
k_addO(norm)=0.34104;
k_addN(norm)=0.50037;
DSB_72h_fac(norm)=0.34867;
k_DSBO(norm)=0.08588;
k_DSBN(norm)=0.41139;
k_CyA(norm)=0.31829;
fVX(norm)=0.36711;
kf_ATR_MGMT_P(norm)=0.37453;
k_ATR(norm)=0.61207;
K_add(norm)=0.63682;
kd_pATR(norm)=0.48757;
k_Chk1(norm)=0.57613;
C_Chk1(norm)=0.13346;
pChk1_ref12_5_24h(norm)=0.33459;
pChk1_ref100_24h(norm)=0.78561;
pChk1_ref100_48h(norm)=0.91220;
kd_pChk1(norm)=0.60858;
k_cdc25(norm)=0.00010;
K_cdc25(norm)=0.73605;
kf_p53(norm)=0.71285;
k_p53(norm)=0.83111;
K_ATR(norm)=0.40727;
p53ser46_ref50_72h(norm)=0.95133;
kp_ser46(norm)=0.73880;
K_p53(norm)=0.45113;
upAsy(norm)=0.54310;
sness(norm)=0.66892;
k_apop(norm)=0.58749;
tED50(norm)=0.38478;
cell_pop_norm0_Jack_MGMT_P(norm)=0.16287;
k_dis(norm)=0.34913;

%%%%%%%%%

TMZout0_Ka_XTMZ=39.0000000000;
MGMT_P0=1.7272033520;
k_MGMT=64.3352487760;
k_addO=0.0090035630;
k_addN=0.1410478730;
DSB_72h_fac=0.8715632010;
k_DSBO=0.0002051484;
k_DSBN=0.0000318574;
k_CyA=1.6269791756;
fVX=0.0011723524;
kf_ATR_MGMT_P=0.0000090829;
k_ATR=0.0212659785;
K_add=0.0000732586;
kd_pATR=0.0035702932;
k_Chk1=476.6182236246;
C_Chk1=0.5074174930;
pChk1_ref12_5_24h=0.0061618315;
pChk1_ref100_24h=0.0090504321;
pChk1_ref100_48h=0.0113907653;
kd_pChk1=0.0832780086;
k_cdc25=146.9099469980;
K_cdc25=1.5327024121;
kf_p53=0.0007699702;
k_p53=45.7540204930;
K_ATR=0.0003568277;
p53ser46_ref50_72h=0.0007429686;
kp_ser46=4.3794850485;
K_p53=0.4726957285;
upAsy=0.2431342053;
sness=0.0044696425;
k_apop=0.0639277938;
tED50=314.3845613403;
cell_pop_norm0_Jack_MGMT_P=74.1867756865;
k_dis=0.0132734886;

%%%%%%%%%

cost=291.3311042628;

%%%%%%%%%

