TMZout0_Ka_XTMZ(norm)=0.44713;
MGMT_P0(norm)=0.74685;
k_MGMT(norm)=0.68420;
k_addO(norm)=0.55604;
k_addN(norm)=0.44720;
DSB_72h_fac(norm)=0.70312;
k_DSBO(norm)=0.69922;
k_DSBN(norm)=0.63592;
k_CyA(norm)=0.65509;
fVX(norm)=0.07312;
kf_ATR_MGMT_P(norm)=0.60565;
k_ATR(norm)=0.33583;
K_add(norm)=0.69240;
kd_pATR(norm)=0.23009;
k_Chk1(norm)=0.64179;
C_Chk1(norm)=0.60600;
pChk1_ref12_5_24h(norm)=0.74862;
pChk1_ref100_24h(norm)=0.74988;
pChk1_ref100_48h(norm)=0.77386;
kd_pChk1(norm)=0.40252;
k_cdc25(norm)=0.73708;
K_cdc25(norm)=0.68115;
kf_p53(norm)=0.35987;
k_p53(norm)=0.61860;
K_ATR(norm)=0.40559;
p53ser46_ref50_72h(norm)=0.41118;
kp_ser46(norm)=0.76741;
K_p53(norm)=0.76593;
upAsy(norm)=0.12635;
sness(norm)=0.54838;
k_apop(norm)=0.47104;
tED50(norm)=0.46398;
cell_pop_norm0_Jack_MGMT_P(norm)=0.13925;
k_dis(norm)=0.59435;

%%%%%%%%%

TMZout0_Ka_XTMZ=34.3512166801;
MGMT_P0=2.1359310982;
k_MGMT=51.0168951159;
k_addO=0.0108026357;
k_addN=0.1348356034;
DSB_72h_fac=1.1279989945;
k_DSBO=0.0003449535;
k_DSBN=0.0000385330;
k_CyA=2.1642969157;
fVX=0.0009138479;
kf_ATR_MGMT_P=0.0000110478;
k_ATR=0.0168281852;
K_add=0.0000767910;
kd_pATR=0.0028704891;
k_Chk1=503.8852404051;
C_Chk1=0.7572671874;
pChk1_ref12_5_24h=0.0087511652;
pChk1_ref100_24h=0.0087805320;
pChk1_ref100_48h=0.0101308843;
kd_pChk1=0.0699365314;
k_cdc25=274.3106144012;
K_cdc25=1.4630390487;
kf_p53=0.0005709298;
k_p53=38.2145740479;
K_ATR=0.0003563201;
p53ser46_ref50_72h=0.0004701202;
kp_ser46=4.4869767707;
K_p53=0.6171892996;
upAsy=0.1708008393;
sness=0.0040356861;
k_apop=0.0579209875;
tED50=336.2065919141;
cell_pop_norm0_Jack_MGMT_P=73.5643479260;
k_dis=0.0163387521;

%%%%%%%%%

cost=124.3132855525;

%%%%%%%%%

