TMZout0_Ka_XTMZ(norm)=0.70009;
MGMT_P0(norm)=0.80635;
k_MGMT(norm)=0.79741;
k_addO(norm)=0.54226;
k_addN(norm)=0.66621;
DSB_72h_fac(norm)=0.78259;
k_DSBO(norm)=0.81464;
k_DSBN(norm)=0.55673;
k_CyA(norm)=0.21584;
fVX(norm)=0.62665;
kf_ATR_MGMT_P(norm)=0.63443;
k_ATR(norm)=0.60372;
K_add(norm)=0.61869;
kd_pATR(norm)=0.75678;
k_Chk1(norm)=0.39124;
C_Chk1(norm)=0.58779;
pChk1_ref12_5_24h(norm)=0.54677;
pChk1_ref100_24h(norm)=0.54612;
pChk1_ref100_48h(norm)=0.64259;
kd_pChk1(norm)=0.40148;
k_cdc25(norm)=0.16145;
K_cdc25(norm)=0.50698;
kf_p53(norm)=0.59975;
k_p53(norm)=0.39667;
K_ATR(norm)=0.44577;
p53ser46_ref50_72h(norm)=0.62054;
kp_ser46(norm)=0.64997;
K_p53(norm)=0.19154;
upAsy(norm)=0.27693;
sness(norm)=0.78951;
k_apop(norm)=0.50898;
tED50(norm)=0.20007;
cell_pop_norm0_Jack_MGMT_P(norm)=0.14477;
k_dis(norm)=0.58018;

%%%%%%%%%

TMZout0_Ka_XTMZ=36.4051385276;
MGMT_P0=2.2164275716;
k_MGMT=56.1525581429;
k_addO=0.0106772672;
k_addN=0.1623283918;
DSB_72h_fac=1.1951538924;
k_DSBO=0.0003803957;
k_DSBN=0.0000360324;
k_CyA=1.4917071488;
fVX=0.0014607009;
kf_ATR_MGMT_P=0.0000113205;
k_ATR=0.0211161536;
K_add=0.0000721420;
kd_pATR=0.0044850325;
k_Chk1=407.5067027428;
C_Chk1=0.7456691556;
pChk1_ref12_5_24h=0.0073754406;
pChk1_ref100_24h=0.0073882692;
pChk1_ref100_48h=0.0090645272;
kd_pChk1=0.0698748293;
k_cdc25=168.4318634402;
K_cdc25=1.2623119778;
kf_p53=0.0006996057;
k_p53=31.6638796509;
K_ATR=0.0003686607;
p53ser46_ref50_72h=0.0005613661;
kp_ser46=4.0619604410;
K_p53=0.3793645003;
upAsy=0.1940447162;
sness=0.0049504841;
k_apop=0.0598134013;
tED50=268.8391355118;
cell_pop_norm0_Jack_MGMT_P=73.7093331793;
k_dis=0.0161438085;

%%%%%%%%%

cost=124.4222790851;

%%%%%%%%%

