TMZout0_Ka_XTMZ(norm)=0.33447;
MGMT_P0(norm)=0.31565;
k_MGMT(norm)=0.87112;
k_addO(norm)=0.40431;
k_addN(norm)=0.36466;
DSB_72h_fac(norm)=0.54991;
k_DSBO(norm)=0.37264;
k_DSBN(norm)=0.54174;
k_CyA(norm)=0.77299;
fVX(norm)=0.51306;
kf_ATR_MGMT_P(norm)=0.65854;
k_ATR(norm)=0.75899;
K_add(norm)=0.69762;
kd_pATR(norm)=0.65338;
k_Chk1(norm)=0.34309;
C_Chk1(norm)=0.72246;
pChk1_ref12_5_24h(norm)=0.46775;
pChk1_ref100_24h(norm)=0.73321;
pChk1_ref100_48h(norm)=0.71483;
kd_pChk1(norm)=0.72484;
k_cdc25(norm)=0.79189;
K_cdc25(norm)=0.00010;
kf_p53(norm)=0.27570;
k_p53(norm)=0.46686;
K_ATR(norm)=0.37620;
p53ser46_ref50_72h(norm)=0.31304;
kp_ser46(norm)=0.43993;
K_p53(norm)=0.31328;
upAsy(norm)=0.16743;
sness(norm)=0.71276;
k_apop(norm)=0.39995;
tED50(norm)=0.62701;
cell_pop_norm0_Jack_MGMT_P(norm)=0.18731;
k_dis(norm)=0.45037;

%%%%%%%%%

TMZout0_Ka_XTMZ=33.4741302323;
MGMT_P0=1.6336620476;
k_MGMT=59.7715777296;
k_addO=0.0094994388;
k_addN=0.1257274997;
DSB_72h_fac=1.0090073629;
k_DSBO=0.0002615702;
k_DSBN=0.0000355777;
k_CyA=2.3916757686;
fVX=0.0013266670;
kf_ATR_MGMT_P=0.0000115541;
k_ATR=0.0240851254;
K_add=0.0000771315;
kd_pATR=0.0041088001;
k_Chk1=391.2155686551;
C_Chk1=0.8358027776;
pChk1_ref12_5_24h=0.0068978306;
pChk1_ref100_24h=0.0086573674;
pChk1_ref100_48h=0.0096366634;
kd_pChk1=0.0918990653;
k_cdc25=287.3506895750;
K_cdc25=0.8215711239;
kf_p53=0.0005316345;
k_p53=33.6040207695;
K_ATR=0.0003475567;
p53ser46_ref50_72h=0.0004326094;
kp_ser46=3.3997614463;
K_p53=0.4205846725;
upAsy=0.1768512305;
sness=0.0046387780;
k_apop=0.0545354212;
tED50=386.0099656467;
cell_pop_norm0_Jack_MGMT_P=74.8363821286;
k_dis=0.0144623589;

%%%%%%%%%

cost=174.3702722857;

%%%%%%%%%

