TMZout0_Ka_XTMZ(norm)=0.49877;
MGMT_P0(norm)=0.89627;
k_MGMT(norm)=0.59557;
k_addO(norm)=0.57672;
k_addN(norm)=0.57288;
DSB_72h_fac(norm)=0.67743;
k_DSBO(norm)=0.58179;
k_DSBN(norm)=0.53759;
k_CyA(norm)=0.88982;
fVX(norm)=0.58731;
kf_ATR_MGMT_P(norm)=0.61864;
k_ATR(norm)=0.35628;
K_add(norm)=0.69769;
kd_pATR(norm)=0.35771;
k_Chk1(norm)=0.65531;
C_Chk1(norm)=0.59788;
pChk1_ref12_5_24h(norm)=0.56417;
pChk1_ref100_24h(norm)=0.56196;
pChk1_ref100_48h(norm)=0.63799;
kd_pChk1(norm)=0.48290;
k_cdc25(norm)=0.78356;
K_cdc25(norm)=0.49373;
kf_p53(norm)=0.45846;
k_p53(norm)=0.30663;
K_ATR(norm)=0.23491;
p53ser46_ref50_72h(norm)=0.47699;
kp_ser46(norm)=0.82069;
K_p53(norm)=0.66433;
upAsy(norm)=0.13252;
sness(norm)=0.80950;
k_apop(norm)=0.51606;
tED50(norm)=0.17037;
cell_pop_norm0_Jack_MGMT_P(norm)=0.16521;
k_dis(norm)=0.58755;

%%%%%%%%%

TMZout0_Ka_XTMZ=34.7608597361;
MGMT_P0=2.3438583739;
k_MGMT=47.3257583410;
k_addO=0.0109936315;
k_addN=0.1499856221;
DSB_72h_fac=1.1071098610;
k_DSBO=0.0003122836;
k_DSBN=0.0000354528;
k_CyA=2.6405389261;
fVX=0.0014128170;
kf_ATR_MGMT_P=0.0000111700;
k_ATR=0.0171222113;
K_add=0.0000771361;
kd_pATR=0.0031982916;
k_Chk1=509.6878983218;
C_Chk1=0.7520749509;
pChk1_ref12_5_24h=0.0074849717;
pChk1_ref100_24h=0.0074880603;
pChk1_ref100_48h=0.0090292395;
kd_pChk1=0.0748655709;
k_cdc25=285.3298312462;
K_cdc25=1.2482110471;
kf_p53=0.0006206731;
k_p53=29.3380571764;
K_ATR=0.0003083422;
p53ser46_ref50_72h=0.0004970767;
kp_ser46=4.6941450236;
K_p53=0.5662817793;
upAsy=0.1716967878;
sness=0.0050350142;
k_apop=0.0601734467;
tED50=262.1595482973;
cell_pop_norm0_Jack_MGMT_P=74.2488515365;
k_dis=0.0162449222;

%%%%%%%%%

cost=123.2758876651;

%%%%%%%%%

