TMZout0_Ka_XTMZ(norm)=0.26365;
MGMT_P0(norm)=0.74182;
k_MGMT(norm)=0.77440;
k_addO(norm)=0.56202;
k_addN(norm)=0.20775;
DSB_72h_fac(norm)=0.78434;
k_DSBO(norm)=0.64271;
k_DSBN(norm)=0.89757;
k_CyA(norm)=0.53059;
fVX(norm)=0.67672;
kf_ATR_MGMT_P(norm)=0.60064;
k_ATR(norm)=0.44320;
K_add(norm)=0.63318;
kd_pATR(norm)=0.80446;
k_Chk1(norm)=0.85188;
C_Chk1(norm)=0.62727;
pChk1_ref12_5_24h(norm)=0.55683;
pChk1_ref100_24h(norm)=0.57971;
pChk1_ref100_48h(norm)=0.58717;
kd_pChk1(norm)=0.66892;
k_cdc25(norm)=0.37306;
K_cdc25(norm)=0.56783;
kf_p53(norm)=0.77461;
k_p53(norm)=0.44870;
K_ATR(norm)=0.33951;
p53ser46_ref50_72h(norm)=0.74871;
kp_ser46(norm)=0.75028;
K_p53(norm)=0.77399;
upAsy(norm)=0.78998;
sness(norm)=0.83513;
k_apop(norm)=0.58734;
tED50(norm)=0.47478;
cell_pop_norm0_Jack_MGMT_P(norm)=0.16458;
k_dis(norm)=0.57574;

%%%%%%%%%

TMZout0_Ka_XTMZ=32.9342707805;
MGMT_P0=2.1722042127;
k_MGMT=49.1361143871;
k_addO=0.0107016551;
k_addN=0.1015383479;
DSB_72h_fac=1.1906710857;
k_DSBO=0.0003343428;
k_DSBN=0.0000540347;
k_CyA=1.9784221752;
fVX=0.0014847653;
kf_ATR_MGMT_P=0.0000110154;
k_ATR=0.0168631443;
K_add=0.0000755781;
kd_pATR=0.0038259277;
k_Chk1=545.8344670103;
C_Chk1=0.7722410004;
pChk1_ref12_5_24h=0.0069434759;
pChk1_ref100_24h=0.0070886820;
pChk1_ref100_48h=0.0083774696;
kd_pChk1=0.0842441809;
k_cdc25=247.2088887586;
K_cdc25=1.3199514312;
kf_p53=0.0007896185;
k_p53=26.7348174746;
K_ATR=0.0002797233;
p53ser46_ref50_72h=0.0006351076;
kp_ser46=4.8954342532;
K_p53=0.9701906293;
upAsy=0.3299973105;
sness=0.0048808832;
k_apop=0.0636264413;
tED50=373.0437093303;
cell_pop_norm0_Jack_MGMT_P=74.2321252487;
k_dis=0.0161273263;

%%%%%%%%%

cost=122.9653864007;

%%%%%%%%%

