TMZout0_Ka_XTMZ(norm)=0.47610;
MGMT_P0(norm)=0.82299;
k_MGMT(norm)=0.85483;
k_addO(norm)=0.59296;
k_addN(norm)=0.42939;
DSB_72h_fac(norm)=0.66177;
k_DSBO(norm)=0.58873;
k_DSBN(norm)=0.84186;
k_CyA(norm)=0.58664;
fVX(norm)=0.70187;
kf_ATR_MGMT_P(norm)=0.61247;
k_ATR(norm)=0.46195;
K_add(norm)=0.52972;
kd_pATR(norm)=0.78029;
k_Chk1(norm)=0.81215;
C_Chk1(norm)=0.58597;
pChk1_ref12_5_24h(norm)=0.54146;
pChk1_ref100_24h(norm)=0.55245;
pChk1_ref100_48h(norm)=0.51859;
kd_pChk1(norm)=0.68862;
k_cdc25(norm)=0.47685;
K_cdc25(norm)=0.51251;
kf_p53(norm)=0.35124;
k_p53(norm)=0.72517;
K_ATR(norm)=0.58828;
p53ser46_ref50_72h(norm)=0.30556;
kp_ser46(norm)=0.70547;
K_p53(norm)=0.03156;
upAsy(norm)=0.33144;
sness(norm)=0.41014;
k_apop(norm)=0.58954;
tED50(norm)=0.76889;
cell_pop_norm0_Jack_MGMT_P(norm)=0.13249;
k_dis(norm)=0.61712;

%%%%%%%%%

TMZout0_Ka_XTMZ=34.5804228888;
MGMT_P0=2.2630985903;
k_MGMT=51.0049564363;
k_addO=0.0104504576;
k_addN=0.1079130031;
DSB_72h_fac=1.0843307283;
k_DSBO=0.0003246223;
k_DSBN=0.0000492227;
k_CyA=2.4529768739;
fVX=0.0015701589;
kf_ATR_MGMT_P=0.0000111246;
k_ATR=0.0237565798;
K_add=0.0000774684;
kd_pATR=0.0032111003;
k_Chk1=406.6391345575;
C_Chk1=0.7521981133;
pChk1_ref12_5_24h=0.0082106199;
pChk1_ref100_24h=0.0083059027;
pChk1_ref100_48h=0.0099623458;
kd_pChk1=0.0688537638;
k_cdc25=210.9011438405;
K_cdc25=1.3084858928;
kf_p53=0.0004727477;
k_p53=36.8044642061;
K_ATR=0.0004634896;
p53ser46_ref50_72h=0.0003786811;
kp_ser46=3.6664963664;
K_p53=0.4035456908;
upAsy=0.1586337567;
sness=0.0032414008;
k_apop=0.0583192694;
tED50=443.0649101298;
cell_pop_norm0_Jack_MGMT_P=73.3872306160;
k_dis=0.0165796433;

%%%%%%%%%

cost=123.2455549048;

%%%%%%%%%

