TMZout0_Ka_XTMZ(norm)=0.47370;
MGMT_P0(norm)=1.00000;
k_MGMT(norm)=0.91642;
k_addO(norm)=0.28009;
k_addN(norm)=0.61504;
DSB_72h_fac(norm)=0.26059;
k_DSBO(norm)=0.53370;
k_DSBN(norm)=0.31273;
k_CyA(norm)=0.31932;
fVX(norm)=0.57860;
kf_ATR_MGMT_P(norm)=0.87371;
k_ATR(norm)=0.73942;
K_add(norm)=0.62605;
kd_pATR(norm)=0.39195;
k_Chk1(norm)=0.69443;
C_Chk1(norm)=1.00000;
pChk1_ref12_5_24h(norm)=0.30819;
pChk1_ref100_24h(norm)=0.51912;
pChk1_ref100_48h(norm)=0.75238;
kd_pChk1(norm)=0.32918;
k_cdc25(norm)=0.72914;
K_cdc25(norm)=0.26783;
kf_p53(norm)=0.38935;
k_p53(norm)=0.67151;
K_ATR(norm)=0.36490;
p53ser46_ref50_72h(norm)=0.29908;
kp_ser46(norm)=0.47745;
K_p53(norm)=0.33082;
upAsy(norm)=0.89367;
sness(norm)=0.45417;
k_apop(norm)=0.68067;
tED50(norm)=0.75827;
cell_pop_norm0_Jack_MGMT_P(norm)=0.16343;
k_dis(norm)=0.55528;

%%%%%%%%%

TMZout0_Ka_XTMZ=34.5613725416;
MGMT_P0=2.5000000000;
k_MGMT=62.1103692421;
k_addO=0.0085503946;
k_addN=0.1554410360;
DSB_72h_fac=0.8174568280;
k_DSBO=0.0002998167;
k_DSBN=0.0000293026;
k_CyA=1.6284054328;
fVX=0.0014024276;
kf_ATR_MGMT_P=0.0000138647;
k_ATR=0.0236890076;
K_add=0.0000725933;
kd_pATR=0.0032924399;
k_Chk1=526.8693755137;
C_Chk1=1.0573793404;
pChk1_ref12_5_24h=0.0060255662;
pChk1_ref100_24h=0.0072211339;
pChk1_ref100_48h=0.0099481616;
kd_pChk1=0.0657228389;
k_cdc25=272.4712836872;
K_cdc25=1.0307707516;
kf_p53=0.0005853747;
k_p53=39.9666758411;
K_ATR=0.0003442452;
p53ser46_ref50_72h=0.0004275217;
kp_ser46=3.5095673220;
K_p53=0.4268831348;
upAsy=0.3272261461;
sness=0.0037260417;
k_apop=0.0691791323;
tED50=431.4168528816;
cell_pop_norm0_Jack_MGMT_P=74.2016832214;
k_dis=0.0158067513;

%%%%%%%%%

cost=251.2622054311;

%%%%%%%%%

