TMZout0_Ka_XTMZ(norm)=0.00010;
MGMT_P0(norm)=0.55285;
k_MGMT(norm)=0.23672;
k_addO(norm)=0.51713;
k_addN(norm)=0.00010;
DSB_72h_fac(norm)=0.29642;
k_DSBO(norm)=0.71017;
k_DSBN(norm)=0.31213;
k_CyA(norm)=0.54579;
fVX(norm)=0.38612;
kf_ATR_MGMT_P(norm)=0.64269;
k_ATR(norm)=0.17324;
K_add(norm)=1.00000;
kd_pATR(norm)=0.00010;
k_Chk1(norm)=0.45759;
C_Chk1(norm)=0.17329;
pChk1_ref12_5_24h(norm)=0.10842;
pChk1_ref100_24h(norm)=0.27731;
pChk1_ref100_48h(norm)=1.00000;
kd_pChk1(norm)=0.00010;
k_cdc25(norm)=0.37732;
K_cdc25(norm)=1.00000;
kf_p53(norm)=0.80836;
k_p53(norm)=0.70919;
K_ATR(norm)=0.69676;
p53ser46_ref50_72h(norm)=0.57274;
kp_ser46(norm)=0.00010;
K_p53(norm)=0.00010;
upAsy(norm)=0.34667;
sness(norm)=0.08149;
k_apop(norm)=0.78202;
tED50(norm)=0.46943;
cell_pop_norm0_Jack_MGMT_P(norm)=1.00000;
k_dis(norm)=0.62923;

%%%%%%%%%

TMZout0_Ka_XTMZ=31.0007116889;
MGMT_P0=1.8932405841;
k_MGMT=34.9180471180;
k_addO=0.0104522911;
k_addN=0.0923167769;
DSB_72h_fac=0.8390492989;
k_DSBO=0.0003481690;
k_DSBN=0.0000292877;
k_CyA=1.9728711418;
fVX=0.0011913877;
kf_ATR_MGMT_P=0.0000114000;
k_ATR=0.0146624482;
K_add=0.0000996552;
kd_pATR=0.0023622425;
k_Chk1=431.0735025390;
C_Chk1=0.5248305594;
pChk1_ref12_5_24h=0.0050872982;
pChk1_ref100_24h=0.0058833469;
pChk1_ref100_48h=0.0122705020;
kd_pChk1=0.0497305343;
k_cdc25=202.2372115165;
K_cdc25=1.9168368689;
kf_p53=0.0008348703;
k_p53=41.2635015977;
K_ATR=0.0004560190;
p53ser46_ref50_72h=0.0005390862;
kp_ser46=2.3420713618;
K_p53=0.3225607171;
upAsy=0.2058561622;
sness=0.0027171377;
k_apop=0.0753822834;
tED50=337.7639420953;
cell_pop_norm0_Jack_MGMT_P=100.0000000000;
k_dis=0.0168287756;

%%%%%%%%%

cost=100000.0000000000;

%%%%%%%%%

