TMZout0_Ka_XTMZ(norm)=0.43866;
MGMT_P0(norm)=0.78759;
k_MGMT(norm)=0.63363;
k_addO(norm)=0.76779;
k_addN(norm)=0.39557;
DSB_72h_fac(norm)=0.09068;
k_DSBO(norm)=0.17741;
k_DSBN(norm)=0.46919;
k_CyA(norm)=0.52181;
fVX(norm)=0.92628;
kf_ATR_MGMT_P(norm)=0.79743;
k_ATR(norm)=0.79627;
K_add(norm)=0.56778;
kd_pATR(norm)=0.20015;
k_Chk1(norm)=0.65050;
C_Chk1(norm)=0.56486;
pChk1_ref12_5_24h(norm)=0.32094;
pChk1_ref100_24h(norm)=0.66100;
pChk1_ref100_48h(norm)=0.49030;
kd_pChk1(norm)=0.55454;
k_cdc25(norm)=0.23691;
K_cdc25(norm)=0.68336;
kf_p53(norm)=0.46481;
k_p53(norm)=0.83131;
K_ATR(norm)=0.64996;
p53ser46_ref50_72h(norm)=0.16332;
kp_ser46(norm)=0.12523;
K_p53(norm)=0.34054;
upAsy(norm)=0.05820;
sness(norm)=0.51765;
k_apop(norm)=0.89816;
tED50(norm)=0.76900;
cell_pop_norm0_Jack_MGMT_P(norm)=0.19165;
k_dis(norm)=0.51334;

%%%%%%%%%

TMZout0_Ka_XTMZ=34.2844610788;
MGMT_P0=2.1996734368;
k_MGMT=40.8867345957;
k_addO=0.0118842289;
k_addN=0.0975515084;
DSB_72h_fac=0.7016745247;
k_DSBO=0.0002293692;
k_DSBN=0.0000370880;
k_CyA=2.2202864663;
fVX=0.0016968902;
kf_ATR_MGMT_P=0.0000128039;
k_ATR=0.0294428327;
K_add=0.0000737041;
kd_pATR=0.0024406492;
k_Chk1=426.8562088565;
C_Chk1=0.7460152500;
pChk1_ref12_5_24h=0.0062003327;
pChk1_ref100_24h=0.0082844345;
pChk1_ref100_48h=0.0083574228;
kd_pChk1=0.0741848991;
k_cdc25=189.5705326195;
K_cdc25=1.4329253038;
kf_p53=0.0005334906;
k_p53=45.3502678606;
K_ATR=0.0004975791;
p53ser46_ref50_72h=0.0003279667;
kp_ser46=2.2800502021;
K_p53=0.5008994753;
upAsy=0.1593073413;
sness=0.0035982927;
k_apop=0.0860940471;
tED50=510.2005616930;
cell_pop_norm0_Jack_MGMT_P=74.9522071426;
k_dis=0.0153671134;

%%%%%%%%%

cost=323.0331950840;

%%%%%%%%%

