TMZout0_Ka_XTMZ(norm)=0.61451;
MGMT_P0(norm)=0.57465;
k_MGMT(norm)=0.74034;
k_addO(norm)=0.17678;
k_addN(norm)=0.36500;
DSB_72h_fac(norm)=0.61945;
k_DSBO(norm)=0.49770;
k_DSBN(norm)=0.73844;
k_CyA(norm)=0.62880;
fVX(norm)=0.67332;
kf_ATR_MGMT_P(norm)=0.49083;
k_ATR(norm)=0.59127;
K_add(norm)=0.56079;
kd_pATR(norm)=0.54779;
k_Chk1(norm)=0.33872;
C_Chk1(norm)=0.79848;
pChk1_ref12_5_24h(norm)=0.08868;
pChk1_ref100_24h(norm)=0.55659;
pChk1_ref100_48h(norm)=1.00000;
kd_pChk1(norm)=0.31197;
k_cdc25(norm)=0.65393;
K_cdc25(norm)=0.39470;
kf_p53(norm)=0.59036;
k_p53(norm)=0.65468;
K_ATR(norm)=0.36577;
p53ser46_ref50_72h(norm)=0.77472;
kp_ser46(norm)=0.89440;
K_p53(norm)=0.54655;
upAsy(norm)=0.51267;
sness(norm)=0.31659;
k_apop(norm)=0.49507;
tED50(norm)=0.86548;
cell_pop_norm0_Jack_MGMT_P(norm)=0.51458;
k_dis(norm)=0.44201;

%%%%%%%%%

TMZout0_Ka_XTMZ=35.6968988707;
MGMT_P0=1.9680861892;
k_MGMT=46.2897833651;
k_addO=0.0073449617;
k_addN=0.1021830207;
DSB_72h_fac=1.0502188379;
k_DSBO=0.0003005268;
k_DSBN=0.0000450928;
k_CyA=2.5422009475;
fVX=0.0015326295;
kf_ATR_MGMT_P=0.0000100351;
k_ATR=0.0265077328;
K_add=0.0000795348;
kd_pATR=0.0026369402;
k_Chk1=272.2695909006;
C_Chk1=0.9006014787;
pChk1_ref12_5_24h=0.0055945327;
pChk1_ref100_24h=0.0083351143;
pChk1_ref100_48h=0.0149799251;
kd_pChk1=0.0500414987;
k_cdc25=245.0419272735;
K_cdc25=1.1841811171;
kf_p53=0.0005789223;
k_p53=34.6706426477;
K_ATR=0.0003838500;
p53ser46_ref50_72h=0.0005635257;
kp_ser46=4.3030044211;
K_p53=0.6243055409;
upAsy=0.1849620323;
sness=0.0029943907;
k_apop=0.0538329863;
tED50=480.8517932348;
cell_pop_norm0_Jack_MGMT_P=84.1021933287;
k_dis=0.0142936027;

%%%%%%%%%

cost=233.1294957046;

%%%%%%%%%

