TMZout0_Ka_XTMZ(norm)=0.51050;
MGMT_P0(norm)=0.68711;
k_MGMT(norm)=0.62137;
k_addO(norm)=0.63340;
k_addN(norm)=0.80314;
DSB_72h_fac(norm)=0.80784;
k_DSBO(norm)=1.00000;
k_DSBN(norm)=0.55494;
k_CyA(norm)=0.83769;
fVX(norm)=0.67144;
kf_ATR_MGMT_P(norm)=0.45924;
k_ATR(norm)=0.28581;
K_add(norm)=0.77886;
kd_pATR(norm)=0.61491;
k_Chk1(norm)=0.22359;
C_Chk1(norm)=0.70937;
pChk1_ref12_5_24h(norm)=0.00010;
pChk1_ref100_24h(norm)=0.35748;
pChk1_ref100_48h(norm)=0.45388;
kd_pChk1(norm)=0.80699;
k_cdc25(norm)=0.00010;
K_cdc25(norm)=0.57239;
kf_p53(norm)=0.22991;
k_p53(norm)=1.00000;
K_ATR(norm)=0.00010;
p53ser46_ref50_72h(norm)=0.36002;
kp_ser46(norm)=0.81709;
K_p53(norm)=0.03586;
upAsy(norm)=0.40705;
sness(norm)=0.47310;
k_apop(norm)=0.66438;
tED50(norm)=0.86296;
cell_pop_norm0_Jack_MGMT_P(norm)=0.36534;
k_dis(norm)=0.53386;

%%%%%%%%%

TMZout0_Ka_XTMZ=34.8545687382;
MGMT_P0=2.0965871608;
k_MGMT=41.8508896036;
k_addO=0.0108147459;
k_addN=0.1481174474;
DSB_72h_fac=1.2108329636;
k_DSBO=0.0004599560;
k_DSBN=0.0000385998;
k_CyA=3.0344191334;
fVX=0.0015301987;
kf_ATR_MGMT_P=0.0000097701;
k_ATR=0.0204629382;
K_add=0.0000956755;
kd_pATR=0.0027912422;
k_Chk1=246.9634055078;
C_Chk1=0.8351050524;
pChk1_ref12_5_24h=0.0051900075;
pChk1_ref100_24h=0.0070411668;
pChk1_ref100_48h=0.0094308111;
kd_pChk1=0.0761177834;
k_cdc25=140.8140489158;
K_cdc25=1.3765919910;
kf_p53=0.0004265644;
k_p53=46.4549530956;
K_ATR=0.0002815805;
p53ser46_ref50_72h=0.0003965632;
kp_ser46=4.0301719507;
K_p53=0.4050193828;
upAsy=0.1691290106;
sness=0.0034190379;
k_apop=0.0621369718;
tED50=479.8259185238;
cell_pop_norm0_Jack_MGMT_P=79.7423769389;
k_dis=0.0154503745;

%%%%%%%%%

cost=612.8470959585;

%%%%%%%%%

