TMZout0_Ka_XTMZ(norm)=0.08827;
MGMT_P0(norm)=0.31846;
k_MGMT(norm)=0.48917;
k_addO(norm)=0.28656;
k_addN(norm)=0.88304;
DSB_72h_fac(norm)=0.90439;
k_DSBO(norm)=0.15320;
k_DSBN(norm)=0.59044;
k_CyA(norm)=0.36075;
fVX(norm)=0.77515;
kf_ATR_MGMT_P(norm)=0.54547;
k_ATR(norm)=0.81822;
K_add(norm)=0.54884;
kd_pATR(norm)=0.45791;
k_Chk1(norm)=0.31564;
C_Chk1(norm)=0.00010;
pChk1_ref12_5_24h(norm)=0.43986;
pChk1_ref100_24h(norm)=0.61871;
pChk1_ref100_48h(norm)=0.80083;
kd_pChk1(norm)=0.75649;
k_cdc25(norm)=0.74055;
K_cdc25(norm)=0.38232;
kf_p53(norm)=0.47376;
k_p53(norm)=0.75018;
K_ATR(norm)=0.43009;
p53ser46_ref50_72h(norm)=0.38314;
kp_ser46(norm)=0.84815;
K_p53(norm)=0.42861;
upAsy(norm)=0.39561;
sness(norm)=0.08055;
k_apop(norm)=0.40652;
tED50(norm)=0.36546;
cell_pop_norm0_Jack_MGMT_P(norm)=0.43505;
k_dis(norm)=0.01693;

%%%%%%%%%

TMZout0_Ka_XTMZ=31.6346428871;
MGMT_P0=1.6365144138;
k_MGMT=43.2458536384;
k_addO=0.0085974312;
k_addN=0.1950657801;
DSB_72h_fac=1.3059171922;
k_DSBO=0.0002171904;
k_DSBN=0.0000370763;
k_CyA=1.6865728959;
fVX=0.0016565627;
kf_ATR_MGMT_P=0.0000104985;
k_ATR=0.0253247433;
K_add=0.0000679960;
kd_pATR=0.0034816822;
k_Chk1=382.2230503967;
C_Chk1=0.4532009724;
pChk1_ref12_5_24h=0.0067366906;
pChk1_ref100_24h=0.0078569661;
pChk1_ref100_48h=0.0103650567;
kd_pChk1=0.0943967847;
k_cdc25=275.1175796771;
K_cdc25=1.1357819376;
kf_p53=0.0006287742;
k_p53=42.7218133444;
K_ATR=0.0003637954;
p53ser46_ref50_72h=0.0004590818;
kp_ser46=4.8046522330;
K_p53=0.4637596852;
upAsy=0.2145710055;
sness=0.0027149746;
k_apop=0.0548397505;
tED50=309.2814499643;
cell_pop_norm0_Jack_MGMT_P=81.7500406705;
k_dis=0.0100170596;

%%%%%%%%%

cost=862.9682985811;

%%%%%%%%%

