TMZout0_Ka_XTMZ(norm)=0.11399;
MGMT_P0(norm)=0.55464;
k_MGMT(norm)=0.48409;
k_addO(norm)=0.21441;
k_addN(norm)=0.65137;
DSB_72h_fac(norm)=0.78327;
k_DSBO(norm)=0.21792;
k_DSBN(norm)=0.49452;
k_CyA(norm)=0.24593;
fVX(norm)=0.67940;
kf_ATR_MGMT_P(norm)=0.79317;
k_ATR(norm)=0.32782;
K_add(norm)=0.70555;
kd_pATR(norm)=0.48620;
k_Chk1(norm)=0.89801;
C_Chk1(norm)=0.28706;
pChk1_ref12_5_24h(norm)=0.41132;
pChk1_ref100_24h(norm)=0.83617;
pChk1_ref100_48h(norm)=0.75214;
kd_pChk1(norm)=0.20076;
k_cdc25(norm)=0.97299;
K_cdc25(norm)=0.81268;
kf_p53(norm)=0.79114;
k_p53(norm)=0.65715;
K_ATR(norm)=0.49153;
p53ser46_ref50_72h(norm)=0.57552;
kp_ser46(norm)=0.74647;
K_p53(norm)=0.64570;
upAsy(norm)=0.08259;
sness(norm)=0.31205;
k_apop(norm)=0.31627;
tED50(norm)=0.42440;
cell_pop_norm0_Jack_MGMT_P(norm)=0.27978;
k_dis(norm)=0.70354;

%%%%%%%%%

TMZout0_Ka_XTMZ=31.8219610966;
MGMT_P0=1.9617757622;
k_MGMT=38.4215878557;
k_addO=0.0079714649;
k_addN=0.1478670445;
DSB_72h_fac=1.1897122773;
k_DSBO=0.0002332813;
k_DSBN=0.0000384025;
k_CyA=1.5544341314;
fVX=0.0014881347;
kf_ATR_MGMT_P=0.0000129672;
k_ATR=0.0152925779;
K_add=0.0000803577;
kd_pATR=0.0029216328;
k_Chk1=567.5913295293;
C_Chk1=0.5788489691;
pChk1_ref12_5_24h=0.0061380925;
pChk1_ref100_24h=0.0088092068;
pChk1_ref100_48h=0.0096342268;
kd_pChk1=0.0566590309;
k_cdc25=410.9820021644;
K_cdc25=1.6242716975;
kf_p53=0.0008007566;
k_p53=31.8994695007;
K_ATR=0.0003181767;
p53ser46_ref50_72h=0.0005484235;
kp_ser46=4.8796436254;
K_p53=0.8702562299;
upAsy=0.1812211394;
sness=0.0031334197;
k_apop=0.0505697318;
tED50=357.4545058560;
cell_pop_norm0_Jack_MGMT_P=77.3456270880;
k_dis=0.0179717439;

%%%%%%%%%

cost=284.8385797251;

%%%%%%%%%

