TMZout0_Ka_XTMZ(norm)=0.35887;
MGMT_P0(norm)=0.89286;
k_MGMT(norm)=0.47957;
k_addO(norm)=0.57116;
k_addN(norm)=0.62570;
DSB_72h_fac(norm)=0.79452;
k_DSBO(norm)=0.76121;
k_DSBN(norm)=0.53075;
k_CyA(norm)=0.34938;
fVX(norm)=0.44676;
kf_ATR_MGMT_P(norm)=0.62346;
k_ATR(norm)=0.77569;
K_add(norm)=0.67323;
kd_pATR(norm)=0.49702;
k_Chk1(norm)=0.19523;
C_Chk1(norm)=0.60875;
pChk1_ref12_5_24h(norm)=0.58769;
pChk1_ref100_24h(norm)=0.58574;
pChk1_ref100_48h(norm)=0.60220;
kd_pChk1(norm)=0.46949;
k_cdc25(norm)=0.33188;
K_cdc25(norm)=0.70370;
kf_p53(norm)=0.40633;
k_p53(norm)=0.58444;
K_ATR(norm)=0.70299;
p53ser46_ref50_72h(norm)=0.49043;
kp_ser46(norm)=0.49444;
K_p53(norm)=0.91923;
upAsy(norm)=0.67997;
sness(norm)=0.61476;
k_apop(norm)=0.53359;
tED50(norm)=0.75468;
cell_pop_norm0_Jack_MGMT_P(norm)=0.15605;
k_dis(norm)=0.58779;

%%%%%%%%%

TMZout0_Ka_XTMZ=33.6622006937;
MGMT_P0=2.3389016016;
k_MGMT=42.8954968268;
k_addO=0.0109419806;
k_addN=0.1568507422;
DSB_72h_fac=1.2055698999;
k_DSBO=0.0003635570;
k_DSBN=0.0000352480;
k_CyA=1.6704105088;
fVX=0.0012542015;
kf_ATR_MGMT_P=0.0000112157;
k_ATR=0.0244283301;
K_add=0.0000755539;
kd_pATR=0.0035989856;
k_Chk1=345.1504556541;
C_Chk1=0.7590321095;
pChk1_ref12_5_24h=0.0076356582;
pChk1_ref100_24h=0.0076404546;
pChk1_ref100_48h=0.0087595494;
kd_pChk1=0.0740195170;
k_cdc25=194.5975190129;
K_cdc25=1.4912617418;
kf_p53=0.0005938573;
k_p53=37.1242580986;
K_ATR=0.0004584360;
p53ser46_ref50_72h=0.0005027718;
kp_ser46=3.5604623856;
K_p53=0.7027999037;
upAsy=0.2730294301;
sness=0.0042691395;
k_apop=0.0610738302;
tED50=430.1080365010;
cell_pop_norm0_Jack_MGMT_P=74.0065991665;
k_dis=0.0162481676;

%%%%%%%%%

cost=123.8177783808;

%%%%%%%%%

