TMZout0_Ka_XTMZ(norm)=0.28317;
MGMT_P0(norm)=0.79500;
k_MGMT(norm)=0.62961;
k_addO(norm)=0.55260;
k_addN(norm)=0.41563;
DSB_72h_fac(norm)=0.72731;
k_DSBO(norm)=0.67083;
k_DSBN(norm)=0.62961;
k_CyA(norm)=0.49077;
fVX(norm)=0.56246;
kf_ATR_MGMT_P(norm)=0.60094;
k_ATR(norm)=0.71664;
K_add(norm)=0.60623;
kd_pATR(norm)=0.67909;
k_Chk1(norm)=0.49225;
C_Chk1(norm)=0.60350;
pChk1_ref12_5_24h(norm)=0.52653;
pChk1_ref100_24h(norm)=0.52737;
pChk1_ref100_48h(norm)=0.57479;
kd_pChk1(norm)=0.63702;
k_cdc25(norm)=0.16836;
K_cdc25(norm)=0.61184;
kf_p53(norm)=0.39450;
k_p53(norm)=0.62694;
K_ATR(norm)=0.69619;
p53ser46_ref50_72h(norm)=0.40143;
kp_ser46(norm)=0.55408;
K_p53(norm)=0.05956;
upAsy(norm)=0.45280;
sness(norm)=0.68315;
k_apop(norm)=0.62079;
tED50(norm)=0.56837;
cell_pop_norm0_Jack_MGMT_P(norm)=0.13663;
k_dis(norm)=0.59884;

%%%%%%%%%

TMZout0_Ka_XTMZ=33.0822247646;
MGMT_P0=2.2008366884;
k_MGMT=48.7105310237;
k_addO=0.0107712681;
k_addN=0.1312763338;
DSB_72h_fac=1.1480358282;
k_DSBO=0.0003367546;
k_DSBN=0.0000383274;
k_CyA=1.8830112045;
fVX=0.0013833829;
kf_ATR_MGMT_P=0.0000110037;
k_ATR=0.0232362965;
K_add=0.0000713842;
kd_pATR=0.0041993137;
k_Chk1=443.9199294095;
C_Chk1=0.7556608111;
pChk1_ref12_5_24h=0.0072500748;
pChk1_ref100_24h=0.0072717739;
pChk1_ref100_48h=0.0085584319;
kd_pChk1=0.0853088736;
k_cdc25=169.4210075805;
K_cdc25=1.3795955960;
kf_p53=0.0005879349;
k_p53=38.4856880103;
K_ATR=0.0004558021;
p53ser46_ref50_72h=0.0004662506;
kp_ser46=3.7450116993;
K_p53=0.3392273984;
upAsy=0.2252252414;
sness=0.0045238579;
k_apop=0.0657570671;
tED50=367.2987746903;
cell_pop_norm0_Jack_MGMT_P=73.4956322747;
k_dis=0.0164009573;

%%%%%%%%%

cost=122.9913623801;

%%%%%%%%%

