TMZout0_Ka_XTMZ(norm)=0.56646;
MGMT_P0(norm)=0.39756;
k_MGMT(norm)=0.54514;
k_addO(norm)=0.72772;
k_addN(norm)=0.33721;
DSB_72h_fac(norm)=0.84730;
k_DSBO(norm)=0.26670;
k_DSBN(norm)=0.65435;
k_CyA(norm)=0.40287;
fVX(norm)=0.30134;
kf_ATR_MGMT_P(norm)=0.02599;
k_ATR(norm)=0.89678;
K_add(norm)=0.75350;
kd_pATR(norm)=0.65833;
k_Chk1(norm)=0.49930;
C_Chk1(norm)=0.46175;
pChk1_ref12_5_24h(norm)=0.89107;
pChk1_ref100_24h(norm)=0.48020;
pChk1_ref100_48h(norm)=0.78791;
kd_pChk1(norm)=0.67180;
k_cdc25(norm)=0.00010;
K_cdc25(norm)=0.96417;
kf_p53(norm)=1.00000;
k_p53(norm)=0.53291;
K_ATR(norm)=0.12923;
p53ser46_ref50_72h(norm)=0.47704;
kp_ser46(norm)=0.73990;
K_p53(norm)=0.36189;
upAsy(norm)=0.21853;
sness(norm)=0.44384;
k_apop(norm)=0.01605;
tED50(norm)=0.00010;
cell_pop_norm0_Jack_MGMT_P(norm)=0.00010;
k_dis(norm)=0.29088;

%%%%%%%%%

TMZout0_Ka_XTMZ=35.3052466646;
MGMT_P0=1.8009919879;
k_MGMT=40.4613556625;
k_addO=0.0123147832;
k_addN=0.1133099959;
DSB_72h_fac=1.2483178133;
k_DSBO=0.0002431256;
k_DSBN=0.0000439715;
k_CyA=1.7755039010;
fVX=0.0010802566;
kf_ATR_MGMT_P=0.0000067693;
k_ATR=0.0247653064;
K_add=0.0000836895;
kd_pATR=0.0033803785;
k_Chk1=404.8737042194;
C_Chk1=0.6711890735;
pChk1_ref12_5_24h=0.0092165823;
pChk1_ref100_24h=0.0065155114;
pChk1_ref100_48h=0.0099306816;
kd_pChk1=0.0844501418;
k_cdc25=180.2280146999;
K_cdc25=1.8467298144;
kf_p53=0.0009557765;
k_p53=28.7120811729;
K_ATR=0.0002340729;
p53ser46_ref50_72h=0.0005045205;
kp_ser46=4.8525806090;
K_p53=0.6842469638;
upAsy=0.2033444849;
sness=0.0035035958;
k_apop=0.0392118136;
tED50=249.5099207946;
cell_pop_norm0_Jack_MGMT_P=70.0024967691;
k_dis=0.0126689464;

%%%%%%%%%

cost=100000.0000000000;

%%%%%%%%%

