TMZout0_Ka_XTMZ(norm)=0.27694;
MGMT_P0(norm)=0.25121;
k_MGMT(norm)=0.37699;
k_addO(norm)=0.73309;
k_addN(norm)=1.00000;
DSB_72h_fac(norm)=0.00010;
k_DSBO(norm)=0.10632;
k_DSBN(norm)=0.43779;
k_CyA(norm)=0.51914;
fVX(norm)=0.92900;
kf_ATR_MGMT_P(norm)=0.96126;
k_ATR(norm)=0.62592;
K_add(norm)=0.20433;
kd_pATR(norm)=0.37543;
k_Chk1(norm)=1.00000;
C_Chk1(norm)=0.32366;
pChk1_ref12_5_24h(norm)=0.46741;
pChk1_ref100_24h(norm)=0.57308;
pChk1_ref100_48h(norm)=0.68384;
kd_pChk1(norm)=0.78519;
k_cdc25(norm)=0.44873;
K_cdc25(norm)=0.11879;
kf_p53(norm)=0.98773;
k_p53(norm)=0.29792;
K_ATR(norm)=0.53309;
p53ser46_ref50_72h(norm)=0.66143;
kp_ser46(norm)=0.66668;
K_p53(norm)=0.27037;
upAsy(norm)=0.48530;
sness(norm)=0.77541;
k_apop(norm)=0.15400;
tED50(norm)=0.29749;
cell_pop_norm0_Jack_MGMT_P(norm)=0.21033;
k_dis(norm)=0.47945;

%%%%%%%%%

TMZout0_Ka_XTMZ=33.0349168320;
MGMT_P0=1.5922178698;
k_MGMT=32.8960893784;
k_addO=0.0115398856;
k_addN=0.1627984655;
DSB_72h_fac=0.6550158473;
k_DSBO=0.0002159618;
k_DSBN=0.0000361144;
k_CyA=2.2152637580;
fVX=0.0017008047;
kf_ATR_MGMT_P=0.0000147104;
k_ATR=0.0254856628;
K_add=0.0000541689;
kd_pATR=0.0028314235;
k_Chk1=573.9700930324;
C_Chk1=0.6081237497;
pChk1_ref12_5_24h=0.0070196020;
pChk1_ref100_24h=0.0076896581;
pChk1_ref100_48h=0.0098466568;
kd_pChk1=0.0901967252;
k_cdc25=226.8370827217;
K_cdc25=0.8881232504;
kf_p53=0.0008308997;
k_p53=28.8606187076;
K_ATR=0.0004506684;
p53ser46_ref50_72h=0.0005001726;
kp_ser46=3.6073301775;
K_p53=0.4719868179;
upAsy=0.2287710441;
sness=0.0044765892;
k_apop=0.0458292208;
tED50=342.1642690742;
cell_pop_norm0_Jack_MGMT_P=75.4533767004;
k_dis=0.0149321561;

%%%%%%%%%

cost=254.2798901609;

%%%%%%%%%

