TMZout0_Ka_XTMZ(norm)=0.15118;
MGMT_P0(norm)=0.74005;
k_MGMT(norm)=0.80695;
k_addO(norm)=0.61503;
k_addN(norm)=0.90497;
DSB_72h_fac(norm)=0.80229;
k_DSBO(norm)=0.73525;
k_DSBN(norm)=0.76377;
k_CyA(norm)=0.46874;
fVX(norm)=0.65184;
kf_ATR_MGMT_P(norm)=0.61249;
k_ATR(norm)=0.32059;
K_add(norm)=0.61166;
kd_pATR(norm)=0.41894;
k_Chk1(norm)=0.30548;
C_Chk1(norm)=0.55609;
pChk1_ref12_5_24h(norm)=0.57396;
pChk1_ref100_24h(norm)=0.57284;
pChk1_ref100_48h(norm)=0.59448;
kd_pChk1(norm)=0.32846;
k_cdc25(norm)=0.83889;
K_cdc25(norm)=0.71229;
kf_p53(norm)=0.56786;
k_p53(norm)=0.61381;
K_ATR(norm)=0.38009;
p53ser46_ref50_72h(norm)=0.67395;
kp_ser46(norm)=0.77558;
K_p53(norm)=0.66144;
upAsy(norm)=0.66182;
sness(norm)=0.66282;
k_apop(norm)=0.69371;
tED50(norm)=0.48819;
cell_pop_norm0_Jack_MGMT_P(norm)=0.17016;
k_dis(norm)=0.61718;

%%%%%%%%%

TMZout0_Ka_XTMZ=32.0948045110;
MGMT_P0=2.1269254177;
k_MGMT=56.6084741918;
k_addO=0.0113562970;
k_addN=0.1987246766;
DSB_72h_fac=1.2124113030;
k_DSBO=0.0003556493;
k_DSBN=0.0000429416;
k_CyA=1.8481751689;
fVX=0.0014922161;
kf_ATR_MGMT_P=0.0000111120;
k_ATR=0.0166122308;
K_add=0.0000717131;
kd_pATR=0.0033685969;
k_Chk1=378.9438565198;
C_Chk1=0.7259118508;
pChk1_ref12_5_24h=0.0075473740;
pChk1_ref100_24h=0.0075574454;
pChk1_ref100_48h=0.0087024408;
kd_pChk1=0.0656826475;
k_cdc25=299.0237180659;
K_cdc25=1.5021538164;
kf_p53=0.0006809583;
k_p53=38.0598708099;
K_ATR=0.0003487034;
p53ser46_ref50_72h=0.0005873551;
kp_ser46=4.5181352272;
K_p53=0.5648986299;
upAsy=0.2688640162;
sness=0.0044465973;
k_apop=0.0699481963;
tED50=343.1752471578;
cell_pop_norm0_Jack_MGMT_P=74.3800942347;
k_dis=0.0166578266;

%%%%%%%%%

cost=124.3960303921;

%%%%%%%%%

