TMZout0_Ka_XTMZ(norm)=0.35921;
MGMT_P0(norm)=0.43611;
k_MGMT(norm)=0.40547;
k_addO(norm)=0.42936;
k_addN(norm)=0.54944;
DSB_72h_fac(norm)=0.51537;
k_DSBO(norm)=0.00010;
k_DSBN(norm)=0.50768;
k_CyA(norm)=0.46013;
fVX(norm)=0.41460;
kf_ATR_MGMT_P(norm)=0.54026;
k_ATR(norm)=0.66763;
K_add(norm)=0.54116;
kd_pATR(norm)=0.43905;
k_Chk1(norm)=0.56499;
C_Chk1(norm)=0.58135;
pChk1_ref12_5_24h(norm)=0.55142;
pChk1_ref100_24h(norm)=0.57062;
pChk1_ref100_48h(norm)=0.53682;
kd_pChk1(norm)=0.51726;
k_cdc25(norm)=0.68577;
K_cdc25(norm)=0.82857;
kf_p53(norm)=0.77464;
k_p53(norm)=0.54104;
K_ATR(norm)=0.58109;
p53ser46_ref50_72h(norm)=0.78372;
kp_ser46(norm)=0.52294;
K_p53(norm)=0.93890;
upAsy(norm)=0.02119;
sness(norm)=0.22990;
k_apop(norm)=0.76199;
tED50(norm)=0.62671;
cell_pop_norm0_Jack_MGMT_P(norm)=0.80786;
k_dis(norm)=0.45534;

%%%%%%%%%

TMZout0_Ka_XTMZ=33.6648264777;
MGMT_P0=1.7798560051;
k_MGMT=33.6995094282;
k_addO=0.0089214214;
k_addN=0.1111360772;
DSB_72h_fac=0.9688230539;
k_DSBO=0.0001973742;
k_DSBN=0.0000383177;
k_CyA=2.1072377800;
fVX=0.0010999375;
kf_ATR_MGMT_P=0.0000102970;
k_ATR=0.0264023830;
K_add=0.0000720603;
kd_pATR=0.0029882399;
k_Chk1=397.0235380858;
C_Chk1=0.7565104191;
pChk1_ref12_5_24h=0.0075374698;
pChk1_ref100_24h=0.0076737048;
pChk1_ref100_48h=0.0086934043;
kd_pChk1=0.0718780627;
k_cdc25=277.2934557796;
K_cdc25=1.6205290240;
kf_p53=0.0006936426;
k_p53=35.4622648605;
K_ATR=0.0004693730;
p53ser46_ref50_72h=0.0005547807;
kp_ser46=3.1936839611;
K_p53=0.8316392399;
upAsy=0.1543892911;
sness=0.0028197445;
k_apop=0.0767128317;
tED50=452.2517212616;
cell_pop_norm0_Jack_MGMT_P=93.3762503273;
k_dis=0.0146302878;

%%%%%%%%%

cost=259.5068722519;

%%%%%%%%%

