TMZout0_Ka_XTMZ(norm)=0.31130;
MGMT_P0(norm)=0.54237;
k_MGMT(norm)=0.98937;
k_addO(norm)=0.41415;
k_addN(norm)=0.32022;
DSB_72h_fac(norm)=0.07191;
k_DSBO(norm)=0.37569;
k_DSBN(norm)=0.67831;
k_CyA(norm)=0.95585;
fVX(norm)=0.85266;
kf_ATR_MGMT_P(norm)=0.55200;
k_ATR(norm)=0.15674;
K_add(norm)=0.59515;
kd_pATR(norm)=0.36987;
k_Chk1(norm)=0.20638;
C_Chk1(norm)=0.65332;
pChk1_ref12_5_24h(norm)=0.16930;
pChk1_ref100_24h(norm)=0.28462;
pChk1_ref100_48h(norm)=0.77058;
kd_pChk1(norm)=0.74590;
k_cdc25(norm)=0.00010;
K_cdc25(norm)=0.15539;
kf_p53(norm)=0.81045;
k_p53(norm)=0.72509;
K_ATR(norm)=0.28558;
p53ser46_ref50_72h(norm)=0.43006;
kp_ser46(norm)=0.76825;
K_p53(norm)=0.33286;
upAsy(norm)=0.43594;
sness(norm)=0.81839;
k_apop(norm)=0.56567;
tED50(norm)=0.44847;
cell_pop_norm0_Jack_MGMT_P(norm)=0.28995;
k_dis(norm)=0.53562;

%%%%%%%%%

TMZout0_Ka_XTMZ=33.2965355633;
MGMT_P0=1.9326765530;
k_MGMT=57.1637520735;
k_addO=0.0089812423;
k_addN=0.0983786732;
DSB_72h_fac=0.6944562285;
k_DSBO=0.0002710086;
k_DSBN=0.0000428531;
k_CyA=3.3539503357;
fVX=0.0017841508;
kf_ATR_MGMT_P=0.0000105690;
k_ATR=0.0183432152;
K_add=0.0000818840;
kd_pATR=0.0022679326;
k_Chk1=243.3891555863;
C_Chk1=0.7963711208;
pChk1_ref12_5_24h=0.0059900453;
pChk1_ref100_24h=0.0066196139;
pChk1_ref100_48h=0.0123335824;
kd_pChk1=0.0722780055;
k_cdc25=140.8140489158;
K_cdc25=0.9668523082;
kf_p53=0.0006976021;
k_p53=36.8020282192;
K_ATR=0.0003586343;
p53ser46_ref50_72h=0.0004208119;
kp_ser46=3.8668194655;
K_p53=0.5209111791;
upAsy=0.1733204549;
sness=0.0045810092;
k_apop=0.0571512880;
tED50=337.7237313585;
cell_pop_norm0_Jack_MGMT_P=77.6269460871;
k_dis=0.0154734736;

%%%%%%%%%

cost=208.0574261138;

%%%%%%%%%

