TMZout0_Ka_XTMZ(norm)=0.26929;
MGMT_P0(norm)=0.39392;
k_MGMT(norm)=0.85102;
k_addO(norm)=0.22161;
k_addN(norm)=0.13613;
DSB_72h_fac(norm)=0.39840;
k_DSBO(norm)=0.62427;
k_DSBN(norm)=0.80127;
k_CyA(norm)=0.73535;
fVX(norm)=0.57262;
kf_ATR_MGMT_P(norm)=0.57873;
k_ATR(norm)=0.55933;
K_add(norm)=0.51867;
kd_pATR(norm)=0.44645;
k_Chk1(norm)=0.65863;
C_Chk1(norm)=0.70521;
pChk1_ref12_5_24h(norm)=0.59689;
pChk1_ref100_24h(norm)=0.74707;
pChk1_ref100_48h(norm)=0.55378;
kd_pChk1(norm)=0.27415;
k_cdc25(norm)=0.87543;
K_cdc25(norm)=0.67730;
kf_p53(norm)=0.76108;
k_p53(norm)=0.73704;
K_ATR(norm)=0.49588;
p53ser46_ref50_72h(norm)=0.46091;
kp_ser46(norm)=0.19057;
K_p53(norm)=0.32315;
upAsy(norm)=0.49046;
sness(norm)=0.17337;
k_apop(norm)=0.89079;
tED50(norm)=0.67393;
cell_pop_norm0_Jack_MGMT_P(norm)=0.39922;
k_dis(norm)=0.32571;

%%%%%%%%%

TMZout0_Ka_XTMZ=32.9769526914;
MGMT_P0=1.7778628248;
k_MGMT=50.8406598159;
k_addO=0.0076293443;
k_addN=0.0841705244;
DSB_72h_fac=0.8887079291;
k_DSBO=0.0003345454;
k_DSBN=0.0000475585;
k_CyA=2.7823744929;
fVX=0.0014072905;
kf_ATR_MGMT_P=0.0000108111;
k_ATR=0.0257998525;
K_add=0.0000767461;
kd_pATR=0.0024199721;
k_Chk1=357.0409064394;
C_Chk1=0.8321681013;
pChk1_ref12_5_24h=0.0086054471;
pChk1_ref100_24h=0.0097949909;
pChk1_ref100_48h=0.0102638496;
kd_pChk1=0.0484631210;
k_cdc25=295.6292761775;
K_cdc25=1.5045567699;
kf_p53=0.0006690260;
k_p53=37.1766584786;
K_ATR=0.0004285858;
p53ser46_ref50_72h=0.0004319549;
kp_ser46=2.3701735307;
K_p53=0.5166445636;
upAsy=0.1815137591;
sness=0.0026522042;
k_apop=0.0752773496;
tED50=408.8130020961;
cell_pop_norm0_Jack_MGMT_P=80.7119801297;
k_dis=0.0129521825;

%%%%%%%%%

cost=216.0899847749;

%%%%%%%%%

