TMZout0_Ka_XTMZ(norm)=0.21733;
MGMT_P0(norm)=0.24134;
k_MGMT(norm)=0.26411;
k_addO(norm)=0.52015;
k_addN(norm)=0.31426;
DSB_72h_fac(norm)=0.51202;
k_DSBO(norm)=0.52115;
k_DSBN(norm)=0.62186;
k_CyA(norm)=0.00010;
fVX(norm)=0.43998;
kf_ATR_MGMT_P(norm)=0.62008;
k_ATR(norm)=0.74633;
K_add(norm)=0.81091;
kd_pATR(norm)=0.00010;
k_Chk1(norm)=0.79122;
C_Chk1(norm)=0.46373;
pChk1_ref12_5_24h(norm)=0.08476;
pChk1_ref100_24h(norm)=0.37101;
pChk1_ref100_48h(norm)=0.37394;
kd_pChk1(norm)=0.68322;
k_cdc25(norm)=0.01620;
K_cdc25(norm)=0.59761;
kf_p53(norm)=0.25690;
k_p53(norm)=0.48957;
K_ATR(norm)=0.78554;
p53ser46_ref50_72h(norm)=0.14312;
kp_ser46(norm)=0.29472;
K_p53(norm)=0.61218;
upAsy(norm)=0.77407;
sness(norm)=0.63194;
k_apop(norm)=0.83727;
tED50(norm)=1.00000;
cell_pop_norm0_Jack_MGMT_P(norm)=0.21410;
k_dis(norm)=0.27990;

%%%%%%%%%

TMZout0_Ka_XTMZ=32.5859505574;
MGMT_P0=1.6541598740;
k_MGMT=31.8879529212;
k_addO=0.0103286777;
k_addN=0.1111276306;
DSB_72h_fac=0.9704505914;
k_DSBO=0.0003016211;
k_DSBN=0.0000427777;
k_CyA=1.2621549907;
fVX=0.0012149094;
kf_ATR_MGMT_P=0.0000111983;
k_ATR=0.0218013455;
K_add=0.0000878611;
kd_pATR=0.0019353174;
k_Chk1=518.4900554323;
C_Chk1=0.6723142629;
pChk1_ref12_5_24h=0.0046544536;
pChk1_ref100_24h=0.0059397336;
pChk1_ref100_48h=0.0069927514;
kd_pChk1=0.0852715908;
k_cdc25=182.7041725998;
K_cdc25=1.3536819801;
kf_p53=0.0005092276;
k_p53=27.6769336009;
K_ATR=0.0004081855;
p53ser46_ref50_72h=0.0003801935;
kp_ser46=3.3277897706;
K_p53=0.8458871841;
upAsy=0.3255793521;
sness=0.0041089514;
k_apop=0.0786330206;
tED50=582.1404884586;
cell_pop_norm0_Jack_MGMT_P=75.5549622085;
k_dis=0.0125516205;

%%%%%%%%%

cost=234.8383673536;

%%%%%%%%%

