TMZout0_Ka_XTMZ(norm)=0.54853;
MGMT_P0(norm)=0.68204;
k_MGMT(norm)=0.03273;
k_addO(norm)=0.22866;
k_addN(norm)=0.38189;
DSB_72h_fac(norm)=0.61008;
k_DSBO(norm)=0.83695;
k_DSBN(norm)=0.58628;
k_CyA(norm)=0.58700;
fVX(norm)=0.40597;
kf_ATR_MGMT_P(norm)=0.76702;
k_ATR(norm)=0.78736;
K_add(norm)=0.40763;
kd_pATR(norm)=0.76661;
k_Chk1(norm)=0.12751;
C_Chk1(norm)=0.16047;
pChk1_ref12_5_24h(norm)=0.23730;
pChk1_ref100_24h(norm)=0.73128;
pChk1_ref100_48h(norm)=0.73058;
kd_pChk1(norm)=0.96744;
k_cdc25(norm)=0.45884;
K_cdc25(norm)=0.13484;
kf_p53(norm)=0.46833;
k_p53(norm)=0.47799;
K_ATR(norm)=0.68089;
p53ser46_ref50_72h(norm)=1.00000;
kp_ser46(norm)=0.50009;
K_p53(norm)=0.62385;
upAsy(norm)=0.39651;
sness(norm)=0.32886;
k_apop(norm)=1.00000;
tED50(norm)=0.22966;
cell_pop_norm0_Jack_MGMT_P(norm)=0.50027;
k_dis(norm)=0.96420;

%%%%%%%%%

TMZout0_Ka_XTMZ=35.1602012207;
MGMT_P0=2.0515883387;
k_MGMT=29.3756286982;
k_addO=0.0081858566;
k_addN=0.1275761321;
DSB_72h_fac=1.0541654503;
k_DSBO=0.0003876540;
k_DSBN=0.0000369461;
k_CyA=2.0429665937;
fVX=0.0012115944;
kf_ATR_MGMT_P=0.0000126665;
k_ATR=0.0246711571;
K_add=0.0000603286;
kd_pATR=0.0045225416;
k_Chk1=325.9015880919;
C_Chk1=0.5191621462;
pChk1_ref12_5_24h=0.0056743042;
pChk1_ref100_24h=0.0086432609;
pChk1_ref100_48h=0.0097661304;
kd_pChk1=0.1128709487;
k_cdc25=216.6982619935;
K_cdc25=0.9209326525;
kf_p53=0.0006258867;
k_p53=33.9225700536;
K_ATR=0.0004499286;
p53ser46_ref50_72h=0.0007742483;
kp_ser46=3.5775331878;
K_p53=0.5471903341;
upAsy=0.2147356147;
sness=0.0033507120;
k_apop=0.0906739715;
tED50=275.6650903415;
cell_pop_norm0_Jack_MGMT_P=83.6741833284;
k_dis=0.0223519496;

%%%%%%%%%

cost=293.4261129060;

%%%%%%%%%

