TMZout0_Ka_XTMZ(norm)=0.00010;
MGMT_P0(norm)=0.36563;
k_MGMT(norm)=0.71873;
k_addO(norm)=0.38478;
k_addN(norm)=0.70312;
DSB_72h_fac(norm)=0.54416;
k_DSBO(norm)=0.26456;
k_DSBN(norm)=0.37865;
k_CyA(norm)=0.65629;
fVX(norm)=0.46299;
kf_ATR_MGMT_P(norm)=0.50338;
k_ATR(norm)=0.38334;
K_add(norm)=0.40099;
kd_pATR(norm)=0.61903;
k_Chk1(norm)=0.63710;
C_Chk1(norm)=0.83882;
pChk1_ref12_5_24h(norm)=0.05607;
pChk1_ref100_24h(norm)=0.35630;
pChk1_ref100_48h(norm)=0.54907;
kd_pChk1(norm)=0.40149;
k_cdc25(norm)=0.79696;
K_cdc25(norm)=0.62254;
kf_p53(norm)=0.30357;
k_p53(norm)=0.12714;
K_ATR(norm)=0.00010;
p53ser46_ref50_72h(norm)=0.38644;
kp_ser46(norm)=0.61112;
K_p53(norm)=0.33933;
upAsy(norm)=0.09345;
sness(norm)=0.57829;
k_apop(norm)=0.77788;
tED50(norm)=0.47935;
cell_pop_norm0_Jack_MGMT_P(norm)=0.00010;
k_dis(norm)=0.50078;

%%%%%%%%%

TMZout0_Ka_XTMZ=31.0007116889;
MGMT_P0=1.7058528059;
k_MGMT=43.9434997603;
k_addO=0.0085907108;
k_addN=0.1265913057;
DSB_72h_fac=0.9902442317;
k_DSBO=0.0002469489;
k_DSBN=0.0000343492;
k_CyA=2.4882649098;
fVX=0.0011459715;
kf_ATR_MGMT_P=0.0000099802;
k_ATR=0.0207505957;
K_add=0.0000639905;
kd_pATR=0.0034805169;
k_Chk1=422.0365651673;
C_Chk1=0.9409312657;
pChk1_ref12_5_24h=0.0049539248;
pChk1_ref100_24h=0.0063994115;
pChk1_ref100_48h=0.0087840796;
kd_pChk1=0.0651624560;
k_cdc25=304.6876483488;
K_cdc25=1.3609544320;
kf_p53=0.0004653673;
k_p53=24.9724293644;
K_ATR=0.0002868983;
p53ser46_ref50_72h=0.0003962159;
kp_ser46=3.4414455327;
K_p53=0.5003856011;
upAsy=0.1641380660;
sness=0.0037879986;
k_apop=0.0777522788;
tED50=399.1682561906;
cell_pop_norm0_Jack_MGMT_P=70.0024967691;
k_dis=0.0152045594;

%%%%%%%%%

cost=178.8800207586;

%%%%%%%%%

