TMZout0_Ka_XTMZ(norm)=0.57888;
MGMT_P0(norm)=0.91505;
k_MGMT(norm)=0.63971;
k_addO(norm)=0.52650;
k_addN(norm)=0.24486;
DSB_72h_fac(norm)=0.80655;
k_DSBO(norm)=0.77825;
k_DSBN(norm)=0.97827;
k_CyA(norm)=0.33821;
fVX(norm)=0.45697;
kf_ATR_MGMT_P(norm)=0.60937;
k_ATR(norm)=0.70833;
K_add(norm)=0.64634;
kd_pATR(norm)=0.70143;
k_Chk1(norm)=0.39448;
C_Chk1(norm)=0.60000;
pChk1_ref12_5_24h(norm)=0.48848;
pChk1_ref100_24h(norm)=0.49062;
pChk1_ref100_48h(norm)=0.51634;
kd_pChk1(norm)=0.64983;
k_cdc25(norm)=0.35346;
K_cdc25(norm)=0.67311;
kf_p53(norm)=0.46188;
k_p53(norm)=0.55851;
K_ATR(norm)=0.62462;
p53ser46_ref50_72h(norm)=0.49171;
kp_ser46(norm)=0.50862;
K_p53(norm)=0.26789;
upAsy(norm)=0.19051;
sness(norm)=0.12555;
k_apop(norm)=0.55894;
tED50(norm)=0.72869;
cell_pop_norm0_Jack_MGMT_P(norm)=0.16430;
k_dis(norm)=0.61190;

%%%%%%%%%

TMZout0_Ka_XTMZ=35.4060688957;
MGMT_P0=2.3870201601;
k_MGMT=43.8369741499;
k_addO=0.0103843693;
k_addN=0.1047816521;
DSB_72h_fac=1.2106962544;
k_DSBO=0.0003750321;
k_DSBN=0.0000578585;
k_CyA=1.6808502909;
fVX=0.0012325238;
kf_ATR_MGMT_P=0.0000110972;
k_ATR=0.0211105846;
K_add=0.0000764257;
kd_pATR=0.0035061091;
k_Chk1=370.4684733605;
C_Chk1=0.7546046353;
pChk1_ref12_5_24h=0.0065528261;
pChk1_ref100_24h=0.0065732706;
pChk1_ref100_48h=0.0078894918;
kd_pChk1=0.0828926531;
k_cdc25=243.1367516240;
K_cdc25=1.4431128616;
kf_p53=0.0006058181;
k_p53=29.3416121580;
K_ATR=0.0003561563;
p53ser46_ref50_72h=0.0005108312;
kp_ser46=3.9890025648;
K_p53=0.6318605607;
upAsy=0.1985735455;
sness=0.0026754037;
k_apop=0.0621137114;
tED50=462.5864760573;
cell_pop_norm0_Jack_MGMT_P=74.2246682612;
k_dis=0.0166291122;

%%%%%%%%%

cost=124.0088634240;

%%%%%%%%%

