TMZout0_Ka_XTMZ(norm)=0.25000;
MGMT_P0(norm)=0.50000;
k_MGMT(norm)=0.25000;
k_addO(norm)=0.50000;
k_addN(norm)=0.25000;
DSB_72h_fac(norm)=0.50000;
k_DSBO(norm)=0.75000;
k_DSBN(norm)=0.75000;
k_CyA(norm)=0.50000;
fVX(norm)=0.25000;
kf_ATR_MGMT_P(norm)=0.25000;
k_ATR(norm)=0.75000;
K_add(norm)=0.25000;
kd_pATR(norm)=0.75000;
k_Chk1(norm)=0.50000;
C_Chk1(norm)=0.75000;
pChk1_ref12_5_24h(norm)=0.25000;
pChk1_ref100_24h(norm)=0.50000;
pChk1_ref100_48h(norm)=0.25000;
kd_pChk1(norm)=0.75000;
k_cdc25(norm)=0.25000;
K_cdc25(norm)=0.75000;
kf_p53(norm)=0.75000;
k_p53(norm)=0.75000;
K_ATR(norm)=0.25000;
p53ser46_ref50_72h(norm)=0.50000;
kp_ser46(norm)=0.25000;
K_p53(norm)=0.75000;
upAsy(norm)=0.50000;
sness(norm)=0.75000;
k_apop(norm)=0.25000;
tED50(norm)=0.25000;
cell_pop_norm0_Jack_MGMT_P(norm)=0.25000;
k_dis(norm)=0.25000;

%%%%%%%%%

TMZout0_Ka_XTMZ=32.8312503013;
MGMT_P0=1.9042780317;
k_MGMT=31.5090068366;
k_addO=0.0101538316;
k_addN=0.1052391577;
DSB_72h_fac=0.9617317139;
k_DSBO=0.0003661617;
k_DSBN=0.0000476837;
k_CyA=1.9278102446;
fVX=0.0010342717;
kf_ATR_MGMT_P=0.0000081841;
k_ATR=0.0218692406;
K_add=0.0000546254;
kd_pATR=0.0036534064;
k_Chk1=405.1154817465;
C_Chk1=0.8568696470;
pChk1_ref12_5_24h=0.0053539216;
pChk1_ref100_24h=0.0066257283;
pChk1_ref100_48h=0.0062956579;
kd_pChk1=0.0902352238;
k_cdc25=222.7305027739;
K_cdc25=1.5402600472;
kf_p53=0.0007733252;
k_p53=34.5103514073;
K_ATR=0.0002592930;
p53ser46_ref50_72h=0.0005144302;
kp_ser46=3.2040525514;
K_p53=0.9506658829;
upAsy=0.2581105258;
sness=0.0045412234;
k_apop=0.0478084738;
tED50=308.3508976014;
cell_pop_norm0_Jack_MGMT_P=76.5285579750;
k_dis=0.0122376685;

%%%%%%%%%

cost=124.0088634240;

%%%%%%%%%

