TMZout0_Ka_XTMZ(norm)=0.75909;
MGMT_P0(norm)=0.68602;
k_MGMT(norm)=0.32180;
k_addO(norm)=0.62284;
k_addN(norm)=0.75779;
DSB_72h_fac(norm)=0.69996;
k_DSBO(norm)=0.23083;
k_DSBN(norm)=0.30321;
k_CyA(norm)=0.45818;
fVX(norm)=0.78615;
kf_ATR_MGMT_P(norm)=0.87525;
k_ATR(norm)=0.65834;
K_add(norm)=0.71337;
kd_pATR(norm)=0.60985;
k_Chk1(norm)=0.53608;
C_Chk1(norm)=0.89418;
pChk1_ref12_5_24h(norm)=0.55523;
pChk1_ref100_24h(norm)=0.59349;
pChk1_ref100_48h(norm)=0.79907;
kd_pChk1(norm)=0.24171;
k_cdc25(norm)=0.55879;
K_cdc25(norm)=0.46359;
kf_p53(norm)=0.53753;
k_p53(norm)=0.69586;
K_ATR(norm)=0.62773;
p53ser46_ref50_72h(norm)=0.56698;
kp_ser46(norm)=0.75049;
K_p53(norm)=0.95449;
upAsy(norm)=0.23330;
sness(norm)=0.65556;
k_apop(norm)=0.17295;
tED50(norm)=0.00010;
cell_pop_norm0_Jack_MGMT_P(norm)=0.14859;
k_dis(norm)=0.55255;

%%%%%%%%%

TMZout0_Ka_XTMZ=36.9015921959;
MGMT_P0=2.0566640098;
k_MGMT=37.5281111317;
k_addO=0.0114317509;
k_addN=0.1754250192;
DSB_72h_fac=1.1254144465;
k_DSBO=0.0002319568;
k_DSBN=0.0000290673;
k_CyA=1.8317242761;
fVX=0.0016720694;
kf_ATR_MGMT_P=0.0000138828;
k_ATR=0.0221163706;
K_add=0.0000781673;
kd_pATR=0.0039600449;
k_Chk1=460.7139090929;
C_Chk1=0.9667021144;
pChk1_ref12_5_24h=0.0074285210;
pChk1_ref100_24h=0.0076908226;
pChk1_ref100_48h=0.0103496668;
kd_pChk1=0.0610279087;
k_cdc25=235.8503791578;
K_cdc25=1.2167421393;
kf_p53=0.0006636791;
k_p53=40.7999254011;
K_ATR=0.0004301126;
p53ser46_ref50_72h=0.0005364601;
kp_ser46=4.4230905680;
K_p53=0.7241122986;
upAsy=0.1870022509;
sness=0.0044193309;
k_apop=0.0449933128;
tED50=226.9392185870;
cell_pop_norm0_Jack_MGMT_P=73.8098459530;
k_dis=0.0157702130;

%%%%%%%%%

cost=222.9580500437;

%%%%%%%%%

