TMZout0_Ka_XTMZ(norm)=0.57669;
MGMT_P0(norm)=0.74426;
k_MGMT(norm)=0.66242;
k_addO(norm)=0.57776;
k_addN(norm)=0.67400;
DSB_72h_fac(norm)=0.70472;
k_DSBO(norm)=0.68818;
k_DSBN(norm)=0.56783;
k_CyA(norm)=0.64994;
fVX(norm)=0.35993;
kf_ATR_MGMT_P(norm)=0.56877;
k_ATR(norm)=0.57735;
K_add(norm)=0.69239;
kd_pATR(norm)=0.44276;
k_Chk1(norm)=0.46165;
C_Chk1(norm)=0.60515;
pChk1_ref12_5_24h(norm)=0.29089;
pChk1_ref100_24h(norm)=0.29475;
pChk1_ref100_48h(norm)=0.28111;
kd_pChk1(norm)=0.84581;
k_cdc25(norm)=0.36893;
K_cdc25(norm)=0.52344;
kf_p53(norm)=0.59896;
k_p53(norm)=0.59574;
K_ATR(norm)=0.59146;
p53ser46_ref50_72h(norm)=0.57533;
kp_ser46(norm)=0.56654;
K_p53(norm)=0.91882;
upAsy(norm)=0.62354;
sness(norm)=0.59071;
k_apop(norm)=0.73759;
tED50(norm)=0.59340;
cell_pop_norm0_Jack_MGMT_P(norm)=0.16190;
k_dis(norm)=0.61100;

%%%%%%%%%

TMZout0_Ka_XTMZ=35.3882439034;
MGMT_P0=2.1650781422;
k_MGMT=43.3321081230;
k_addO=0.0103167715;
k_addN=0.1327647530;
DSB_72h_fac=1.1200906423;
k_DSBO=0.0003531609;
k_DSBN=0.0000390235;
k_CyA=2.5881346495;
fVX=0.0011752160;
kf_ATR_MGMT_P=0.0000107202;
k_ATR=0.0261968482;
K_add=0.0000889168;
kd_pATR=0.0024124045;
k_Chk1=302.1582836923;
C_Chk1=0.7645270979;
pChk1_ref12_5_24h=0.0066400545;
pChk1_ref100_24h=0.0066766941;
pChk1_ref100_48h=0.0081465725;
kd_pChk1=0.0786629655;
k_cdc25=192.4715557840;
K_cdc25=1.3206593853;
kf_p53=0.0005831591;
k_p53=32.9816220426;
K_ATR=0.0004647406;
p53ser46_ref50_72h=0.0004759285;
kp_ser46=3.2593194979;
K_p53=0.8558260501;
upAsy=0.2031802963;
sness=0.0037772992;
k_apop=0.0661132922;
tED50=381.8488004961;
cell_pop_norm0_Jack_MGMT_P=74.1612566177;
k_dis=0.0164939552;

%%%%%%%%%

cost=124.3545464881;

%%%%%%%%%

