TMZout0_Ka_XTMZ(norm)=0.33777;
MGMT_P0(norm)=0.13528;
k_MGMT(norm)=0.24714;
k_addO(norm)=0.26749;
k_addN(norm)=0.31559;
DSB_72h_fac(norm)=0.51749;
k_DSBO(norm)=0.66633;
k_DSBN(norm)=0.62126;
k_CyA(norm)=0.04141;
fVX(norm)=0.26776;
kf_ATR_MGMT_P(norm)=1.00000;
k_ATR(norm)=0.30635;
K_add(norm)=0.30830;
kd_pATR(norm)=0.41868;
k_Chk1(norm)=0.45592;
C_Chk1(norm)=0.46483;
pChk1_ref12_5_24h(norm)=0.09091;
pChk1_ref100_24h(norm)=0.35337;
pChk1_ref100_48h(norm)=0.92086;
kd_pChk1(norm)=0.41332;
k_cdc25(norm)=0.21993;
K_cdc25(norm)=0.17088;
kf_p53(norm)=0.43993;
k_p53(norm)=1.00000;
K_ATR(norm)=0.22992;
p53ser46_ref50_72h(norm)=0.51999;
kp_ser46(norm)=0.33200;
K_p53(norm)=0.34026;
upAsy(norm)=0.62322;
sness(norm)=0.90709;
k_apop(norm)=0.06639;
tED50(norm)=0.56507;
cell_pop_norm0_Jack_MGMT_P(norm)=0.61449;
k_dis(norm)=0.55152;

%%%%%%%%%

TMZout0_Ka_XTMZ=33.4994981347;
MGMT_P0=1.4603585593;
k_MGMT=35.2277700978;
k_addO=0.0084596021;
k_addN=0.1206073494;
DSB_72h_fac=0.9854834599;
k_DSBO=0.0003354750;
k_DSBN=0.0000380575;
k_CyA=1.2867544438;
fVX=0.0010777018;
kf_ATR_MGMT_P=0.0000154307;
k_ATR=0.0164130369;
K_add=0.0000554589;
kd_pATR=0.0033678499;
k_Chk1=430.4639100141;
C_Chk1=0.6718924677;
pChk1_ref12_5_24h=0.0050123841;
pChk1_ref100_24h=0.0062750118;
pChk1_ref100_48h=0.0114746347;
kd_pChk1=0.0705794574;
k_cdc25=176.9873811479;
K_cdc25=0.9494862029;
kf_p53=0.0006110032;
k_p53=52.7929398346;
K_ATR=0.0003070420;
p53ser46_ref50_72h=0.0005155220;
kp_ser46=3.1026333921;
K_p53=0.4303100162;
upAsy=0.2602126307;
sness=0.0054690778;
k_apop=0.0411089099;
tED50=366.2748995530;
cell_pop_norm0_Jack_MGMT_P=87.1532649712;
k_dis=0.0157564237;

%%%%%%%%%

cost=279.4193293182;

%%%%%%%%%

