TMZout0_Ka_XTMZ(norm)=0.65334;
MGMT_P0(norm)=0.27145;
k_MGMT(norm)=0.78676;
k_addO(norm)=0.54348;
k_addN(norm)=0.93224;
DSB_72h_fac(norm)=0.31334;
k_DSBO(norm)=0.76995;
k_DSBN(norm)=0.00010;
k_CyA(norm)=0.16386;
fVX(norm)=0.62440;
kf_ATR_MGMT_P(norm)=0.63514;
k_ATR(norm)=1.00000;
K_add(norm)=0.15175;
kd_pATR(norm)=0.85041;
k_Chk1(norm)=0.83896;
C_Chk1(norm)=0.60771;
pChk1_ref12_5_24h(norm)=0.74369;
pChk1_ref100_24h(norm)=1.00000;
pChk1_ref100_48h(norm)=1.00000;
kd_pChk1(norm)=0.07217;
k_cdc25(norm)=0.29057;
K_cdc25(norm)=0.47948;
kf_p53(norm)=0.45288;
k_p53(norm)=0.77422;
K_ATR(norm)=0.81604;
p53ser46_ref50_72h(norm)=0.31505;
kp_ser46(norm)=0.68815;
K_p53(norm)=0.81849;
upAsy(norm)=0.53503;
sness(norm)=0.00010;
k_apop(norm)=0.65761;
tED50(norm)=0.61883;
cell_pop_norm0_Jack_MGMT_P(norm)=0.24928;
k_dis(norm)=0.52252;

%%%%%%%%%

TMZout0_Ka_XTMZ=36.0165055657;
MGMT_P0=1.6117499075;
k_MGMT=46.5511567264;
k_addO=0.0098272004;
k_addN=0.1537155949;
DSB_72h_fac=0.8309816955;
k_DSBO=0.0003789462;
k_DSBN=0.0000249241;
k_CyA=1.6394301707;
fVX=0.0013139123;
kf_ATR_MGMT_P=0.0000111590;
k_ATR=0.0349902468;
K_add=0.0000518087;
kd_pATR=0.0042343494;
k_Chk1=500.7602908061;
C_Chk1=0.7735969315;
pChk1_ref12_5_24h=0.0088711052;
pChk1_ref100_24h=0.0110409177;
pChk1_ref100_48h=0.0128714905;
kd_pChk1=0.0492964775;
k_cdc25=198.3887605370;
K_cdc25=1.2055908340;
kf_p53=0.0005281234;
k_p53=43.2087404367;
K_ATR=0.0005727622;
p53ser46_ref50_72h=0.0003729591;
kp_ser46=3.6735373107;
K_p53=0.7509753768;
upAsy=0.2386151259;
sness=0.0023208671;
k_apop=0.0702198022;
tED50=449.2416667474;
cell_pop_norm0_Jack_MGMT_P=76.5089024556;
k_dis=0.0154871249;

%%%%%%%%%

cost=470.1169694808;

%%%%%%%%%

