TMZout0_Ka_XTMZ(norm)=0.50000;
MGMT_P0(norm)=0.75000;
k_MGMT(norm)=0.75000;
k_addO(norm)=0.50000;
k_addN(norm)=0.50000;
DSB_72h_fac(norm)=0.50000;
k_DSBO(norm)=0.25000;
k_DSBN(norm)=0.25000;
k_CyA(norm)=0.50000;
fVX(norm)=0.25000;
kf_ATR_MGMT_P(norm)=0.75000;
k_ATR(norm)=0.25000;
K_add(norm)=0.25000;
kd_pATR(norm)=0.25000;
k_Chk1(norm)=0.25000;
C_Chk1(norm)=0.50000;
pChk1_ref12_5_24h(norm)=0.25000;
pChk1_ref100_24h(norm)=0.75000;
pChk1_ref100_48h(norm)=0.50000;
kd_pChk1(norm)=0.25000;
k_cdc25(norm)=0.75000;
K_cdc25(norm)=0.75000;
kf_p53(norm)=0.50000;
k_p53(norm)=0.25000;
K_ATR(norm)=0.25000;
p53ser46_ref50_72h(norm)=0.50000;
kp_ser46(norm)=0.50000;
K_p53(norm)=0.25000;
upAsy(norm)=0.50000;
sness(norm)=0.75000;
k_apop(norm)=0.25000;
tED50(norm)=0.25000;
cell_pop_norm0_Jack_MGMT_P(norm)=0.25000;
k_dis(norm)=0.25000;

%%%%%%%%%

TMZout0_Ka_XTMZ=34.7706773014;
MGMT_P0=2.1504113644;
k_MGMT=45.1235130329;
k_addO=0.0094717243;
k_addN=0.1065766130;
DSB_72h_fac=0.9575763823;
k_DSBO=0.0002439203;
k_DSBN=0.0000308019;
k_CyA=2.1796369617;
fVX=0.0009567476;
kf_ATR_MGMT_P=0.0000122995;
k_ATR=0.0185337976;
K_add=0.0000563060;
kd_pATR=0.0025459486;
k_Chk1=304.0231643250;
C_Chk1=0.7061238540;
pChk1_ref12_5_24h=0.0058386252;
pChk1_ref100_24h=0.0089332806;
pChk1_ref100_48h=0.0084263685;
kd_pChk1=0.0573128581;
k_cdc25=292.8027173784;
K_cdc25=1.5161582878;
kf_p53=0.0005496371;
k_p53=27.7122366961;
K_ATR=0.0003545564;
p53ser46_ref50_72h=0.0004362332;
kp_ser46=3.1322022461;
K_p53=0.4639109931;
upAsy=0.2316378521;
sness=0.0043812301;
k_apop=0.0497126504;
tED50=328.6700519572;
cell_pop_norm0_Jack_MGMT_P=76.5285579750;
k_dis=0.0122939369;

%%%%%%%%%

cost=123.2921472415;

%%%%%%%%%

