TMZout0_Ka_XTMZ(norm)=0.47121;
MGMT_P0(norm)=0.38517;
k_MGMT(norm)=0.87555;
k_addO(norm)=0.27738;
k_addN(norm)=0.74240;
DSB_72h_fac(norm)=0.70809;
k_DSBO(norm)=0.89428;
k_DSBN(norm)=0.62662;
k_CyA(norm)=0.27881;
fVX(norm)=0.00010;
kf_ATR_MGMT_P(norm)=0.86741;
k_ATR(norm)=0.45923;
K_add(norm)=0.26220;
kd_pATR(norm)=0.66381;
k_Chk1(norm)=0.53041;
C_Chk1(norm)=0.56095;
pChk1_ref12_5_24h(norm)=0.67696;
pChk1_ref100_24h(norm)=0.85498;
pChk1_ref100_48h(norm)=0.77766;
kd_pChk1(norm)=0.02219;
k_cdc25(norm)=0.34602;
K_cdc25(norm)=0.15908;
kf_p53(norm)=0.67857;
k_p53(norm)=0.17259;
K_ATR(norm)=0.12198;
p53ser46_ref50_72h(norm)=0.93911;
kp_ser46(norm)=0.13855;
K_p53(norm)=0.55605;
upAsy(norm)=0.42894;
sness(norm)=0.71569;
k_apop(norm)=0.60990;
tED50(norm)=0.05345;
cell_pop_norm0_Jack_MGMT_P(norm)=0.06502;
k_dis(norm)=0.56719;

%%%%%%%%%

TMZout0_Ka_XTMZ=34.5416474352;
MGMT_P0=1.7058147222;
k_MGMT=59.9963817373;
k_addO=0.0085308170;
k_addN=0.1731527020;
DSB_72h_fac=1.1320869257;
k_DSBO=0.0004069502;
k_DSBN=0.0000382305;
k_CyA=1.5734519872;
fVX=0.0008590255;
kf_ATR_MGMT_P=0.0000137909;
k_ATR=0.0186828694;
K_add=0.0000533343;
kd_pATR=0.0041452999;
k_Chk1=458.5054557067;
C_Chk1=0.7289048996;
pChk1_ref12_5_24h=0.0082355924;
pChk1_ref100_24h=0.0095982891;
pChk1_ref100_48h=0.0101635798;
kd_pChk1=0.0506703047;
k_cdc25=196.9441988784;
K_cdc25=0.9400425591;
kf_p53=0.0007479240;
k_p53=26.1882617586;
K_ATR=0.0002802065;
p53ser46_ref50_72h=0.0007353132;
kp_ser46=2.6335715455;
K_p53=0.5166403034;
upAsy=0.2207168691;
sness=0.0046503198;
k_apop=0.0651530358;
tED50=237.4329765699;
cell_pop_norm0_Jack_MGMT_P=71.6422652820;
k_dis=0.0159670855;

%%%%%%%%%

cost=245.8721049438;

%%%%%%%%%

