TMZout0_Ka_XTMZ(norm)=0.34079;
MGMT_P0(norm)=1.00000;
k_MGMT(norm)=0.70458;
k_addO(norm)=0.38122;
k_addN(norm)=0.51452;
DSB_72h_fac(norm)=0.54756;
k_DSBO(norm)=0.29233;
k_DSBN(norm)=0.37178;
k_CyA(norm)=0.70588;
fVX(norm)=0.71526;
kf_ATR_MGMT_P(norm)=1.00000;
k_ATR(norm)=0.21264;
K_add(norm)=0.25109;
kd_pATR(norm)=0.36222;
k_Chk1(norm)=0.23894;
C_Chk1(norm)=0.61072;
pChk1_ref12_5_24h(norm)=0.40119;
pChk1_ref100_24h(norm)=0.67146;
pChk1_ref100_48h(norm)=0.67442;
kd_pChk1(norm)=0.32683;
k_cdc25(norm)=0.76839;
K_cdc25(norm)=0.20547;
kf_p53(norm)=0.45339;
k_p53(norm)=1.00000;
K_ATR(norm)=0.17802;
p53ser46_ref50_72h(norm)=0.81734;
kp_ser46(norm)=0.50584;
K_p53(norm)=0.72576;
upAsy(norm)=0.43040;
sness(norm)=0.36475;
k_apop(norm)=0.64701;
tED50(norm)=0.52741;
cell_pop_norm0_Jack_MGMT_P(norm)=0.67363;
k_dis(norm)=0.48482;

%%%%%%%%%

TMZout0_Ka_XTMZ=33.5227044935;
MGMT_P0=2.5000000000;
k_MGMT=46.3136864863;
k_addO=0.0091816572;
k_addN=0.1316785198;
DSB_72h_fac=0.9967054474;
k_DSBO=0.0002484621;
k_DSBN=0.0000346095;
k_CyA=2.2952116994;
fVX=0.0015340485;
kf_ATR_MGMT_P=0.0000154510;
k_ATR=0.0138706570;
K_add=0.0000546758;
kd_pATR=0.0026303029;
k_Chk1=324.7232679557;
C_Chk1=0.7614899452;
pChk1_ref12_5_24h=0.0060856341;
pChk1_ref100_24h=0.0076617438;
pChk1_ref100_48h=0.0090202108;
kd_pChk1=0.0630462115;
k_cdc25=345.5682842749;
K_cdc25=0.9710011023;
kf_p53=0.0006014761;
k_p53=42.6524102616;
K_ATR=0.0002439519;
p53ser46_ref50_72h=0.0006731315;
kp_ser46=3.9796242581;
K_p53=0.9313400251;
upAsy=0.2433296646;
sness=0.0032765040;
k_apop=0.0669261937;
tED50=390.0556826924;
cell_pop_norm0_Jack_MGMT_P=89.0113417445;
k_dis=0.0149316786;

%%%%%%%%%

cost=297.3345243511;

%%%%%%%%%

