TMZout0_Ka_XTMZ(norm)=0.68660;
MGMT_P0(norm)=0.45489;
k_MGMT(norm)=0.28669;
k_addO(norm)=0.38868;
k_addN(norm)=0.43543;
DSB_72h_fac(norm)=0.30537;
k_DSBO(norm)=0.89176;
k_DSBN(norm)=0.37278;
k_CyA(norm)=0.90579;
fVX(norm)=0.37950;
kf_ATR_MGMT_P(norm)=1.00000;
k_ATR(norm)=0.66216;
K_add(norm)=0.53009;
kd_pATR(norm)=0.06397;
k_Chk1(norm)=0.08059;
C_Chk1(norm)=0.83739;
pChk1_ref12_5_24h(norm)=0.49353;
pChk1_ref100_24h(norm)=0.67515;
pChk1_ref100_48h(norm)=0.53253;
kd_pChk1(norm)=0.44759;
k_cdc25(norm)=0.38904;
K_cdc25(norm)=0.25920;
kf_p53(norm)=0.69622;
k_p53(norm)=0.81574;
K_ATR(norm)=0.71280;
p53ser46_ref50_72h(norm)=0.57942;
kp_ser46(norm)=0.69113;
K_p53(norm)=0.39465;
upAsy(norm)=0.55576;
sness(norm)=0.57083;
k_apop(norm)=0.72639;
tED50(norm)=0.22321;
cell_pop_norm0_Jack_MGMT_P(norm)=0.85695;
k_dis(norm)=0.23753;

%%%%%%%%%

TMZout0_Ka_XTMZ=36.2925969006;
MGMT_P0=1.7182390881;
k_MGMT=39.4595386514;
k_addO=0.0087612834;
k_addN=0.1270227788;
DSB_72h_fac=0.7969990291;
k_DSBO=0.0004746031;
k_DSBN=0.0000295823;
k_CyA=3.6400142543;
fVX=0.0012214818;
kf_ATR_MGMT_P=0.0000155004;
k_ATR=0.0300914163;
K_add=0.0000863322;
kd_pATR=0.0012760953;
k_Chk1=207.8527689518;
C_Chk1=0.9347263695;
pChk1_ref12_5_24h=0.0081776063;
pChk1_ref100_24h=0.0095940930;
pChk1_ref100_48h=0.0102758831;
kd_pChk1=0.0542334152;
k_cdc25=179.5284384123;
K_cdc25=1.0371389341;
kf_p53=0.0005178472;
k_p53=37.1552972670;
K_ATR=0.0005419121;
p53ser46_ref50_72h=0.0003838040;
kp_ser46=3.3802756490;
K_p53=0.4971479453;
upAsy=0.2744454302;
sness=0.0053070818;
k_apop=0.0695514993;
tED50=304.3135569178;
cell_pop_norm0_Jack_MGMT_P=95.0256907680;
k_dis=0.0116992742;

%%%%%%%%%

cost=444.4584048348;

%%%%%%%%%

