TMZout0_Ka_XTMZ(norm)=0.46936;
MGMT_P0(norm)=0.91343;
k_MGMT(norm)=0.42040;
k_addO(norm)=0.54334;
k_addN(norm)=0.40483;
DSB_72h_fac(norm)=0.71855;
k_DSBO(norm)=0.51333;
k_DSBN(norm)=0.63566;
k_CyA(norm)=0.66289;
fVX(norm)=0.57831;
kf_ATR_MGMT_P(norm)=0.59166;
k_ATR(norm)=0.82015;
K_add(norm)=0.59614;
kd_pATR(norm)=0.66433;
k_Chk1(norm)=0.32002;
C_Chk1(norm)=0.62374;
pChk1_ref12_5_24h(norm)=0.61115;
pChk1_ref100_24h(norm)=0.60982;
pChk1_ref100_48h(norm)=0.58307;
kd_pChk1(norm)=0.50590;
k_cdc25(norm)=0.49381;
K_cdc25(norm)=0.60740;
kf_p53(norm)=0.86273;
k_p53(norm)=0.35787;
K_ATR(norm)=0.58772;
p53ser46_ref50_72h(norm)=0.92948;
kp_ser46(norm)=0.55311;
K_p53(norm)=0.83743;
upAsy(norm)=0.89354;
sness(norm)=0.46160;
k_apop(norm)=0.62468;
tED50(norm)=0.65685;
cell_pop_norm0_Jack_MGMT_P(norm)=0.15488;
k_dis(norm)=0.60929;

%%%%%%%%%

TMZout0_Ka_XTMZ=34.5269575318;
MGMT_P0=2.3690057552;
k_MGMT=40.7979524915;
k_addO=0.0106870627;
k_addN=0.1300804324;
DSB_72h_fac=1.1407361666;
k_DSBO=0.0002946861;
k_DSBN=0.0000385244;
k_CyA=2.1786435583;
fVX=0.0014020802;
kf_ATR_MGMT_P=0.0000109175;
k_ATR=0.0253660823;
K_add=0.0000707763;
kd_pATR=0.0041471020;
k_Chk1=383.6421219877;
C_Chk1=0.7687306224;
pChk1_ref12_5_24h=0.0077889235;
pChk1_ref100_24h=0.0077979926;
pChk1_ref100_48h=0.0086187085;
kd_pChk1=0.0763390625;
k_cdc25=223.2150655758;
K_cdc25=1.3744120277;
kf_p53=0.0008742323;
k_p53=30.6398063364;
K_ATR=0.0004157756;
p53ser46_ref50_72h=0.0007293418;
kp_ser46=3.7419252987;
K_p53=0.6557371746;
upAsy=0.3271891237;
sness=0.0037495756;
k_apop=0.0659738642;
tED50=395.8931603983;
cell_pop_norm0_Jack_MGMT_P=73.9756073481;
k_dis=0.0165469575;

%%%%%%%%%

cost=123.3008082209;

%%%%%%%%%

