TMZout0_Ka_XTMZ(norm)=0.88006;
MGMT_P0(norm)=0.61164;
k_MGMT(norm)=0.58116;
k_addO(norm)=0.51817;
k_addN(norm)=0.79008;
DSB_72h_fac(norm)=0.57212;
k_DSBO(norm)=0.41304;
k_DSBN(norm)=0.34742;
k_CyA(norm)=0.89370;
fVX(norm)=0.53119;
kf_ATR_MGMT_P(norm)=0.57011;
k_ATR(norm)=0.30497;
K_add(norm)=0.65764;
kd_pATR(norm)=0.89612;
k_Chk1(norm)=0.61597;
C_Chk1(norm)=0.11533;
pChk1_ref12_5_24h(norm)=0.24701;
pChk1_ref100_24h(norm)=0.25093;
pChk1_ref100_48h(norm)=0.64466;
kd_pChk1(norm)=0.18938;
k_cdc25(norm)=0.70051;
K_cdc25(norm)=0.56887;
kf_p53(norm)=0.76005;
k_p53(norm)=0.97869;
K_ATR(norm)=0.43955;
p53ser46_ref50_72h(norm)=0.70991;
kp_ser46(norm)=0.90636;
K_p53(norm)=0.64763;
upAsy(norm)=0.51094;
sness(norm)=0.62246;
k_apop(norm)=0.70570;
tED50(norm)=0.50608;
cell_pop_norm0_Jack_MGMT_P(norm)=0.45540;
k_dis(norm)=0.20836;

%%%%%%%%%

TMZout0_Ka_XTMZ=37.9408022507;
MGMT_P0=2.0094546052;
k_MGMT=40.4491396845;
k_addO=0.0098087419;
k_addN=0.1464869268;
DSB_72h_fac=1.0133267319;
k_DSBO=0.0002797240;
k_DSBN=0.0000323760;
k_CyA=3.1818789518;
fVX=0.0013587455;
kf_ATR_MGMT_P=0.0000107324;
k_ATR=0.0207979092;
K_add=0.0000863363;
kd_pATR=0.0035422279;
k_Chk1=344.3660767130;
C_Chk1=0.5048333977;
pChk1_ref12_5_24h=0.0063977253;
pChk1_ref100_24h=0.0064333326;
pChk1_ref100_48h=0.0110854326;
kd_pChk1=0.0451044929;
k_cdc25=254.9060660671;
K_cdc25=1.3724908473;
kf_p53=0.0006684416;
k_p53=45.6236843029;
K_ATR=0.0004086114;
p53ser46_ref50_72h=0.0005334142;
kp_ser46=4.3468263648;
K_p53=0.6801311129;
upAsy=0.1846914628;
sness=0.0038802740;
k_apop=0.0643510548;
tED50=354.6180790522;
cell_pop_norm0_Jack_MGMT_P=82.3456161415;
k_dis=0.0117263737;

%%%%%%%%%

cost=246.5313084963;

%%%%%%%%%

