TMZout0_Ka_XTMZ(norm)=0.83410;
MGMT_P0(norm)=0.80799;
k_MGMT(norm)=0.60741;
k_addO(norm)=0.51482;
k_addN(norm)=0.66489;
DSB_72h_fac(norm)=0.70277;
k_DSBO(norm)=0.66027;
k_DSBN(norm)=0.61471;
k_CyA(norm)=0.90093;
fVX(norm)=0.30984;
kf_ATR_MGMT_P(norm)=0.57679;
k_ATR(norm)=0.64572;
K_add(norm)=0.75190;
kd_pATR(norm)=0.50075;
k_Chk1(norm)=0.74523;
C_Chk1(norm)=0.62129;
pChk1_ref12_5_24h(norm)=0.93612;
pChk1_ref100_24h(norm)=0.94013;
pChk1_ref100_48h(norm)=0.89044;
kd_pChk1(norm)=0.35071;
k_cdc25(norm)=0.93832;
K_cdc25(norm)=0.54508;
kf_p53(norm)=0.41482;
k_p53(norm)=0.48254;
K_ATR(norm)=0.53765;
p53ser46_ref50_72h(norm)=0.36824;
kp_ser46(norm)=0.51339;
K_p53(norm)=0.00307;
upAsy(norm)=0.32077;
sness(norm)=0.41209;
k_apop(norm)=0.62015;
tED50(norm)=0.72347;
cell_pop_norm0_Jack_MGMT_P(norm)=0.14786;
k_dis(norm)=0.60473;

%%%%%%%%%

TMZout0_Ka_XTMZ=37.5425587648;
MGMT_P0=2.2518739654;
k_MGMT=42.6532993997;
k_addO=0.0102821077;
k_addN=0.1495712641;
DSB_72h_fac=1.1199221864;
k_DSBO=0.0003393561;
k_DSBN=0.0000425193;
k_CyA=2.7076685621;
fVX=0.0010880678;
kf_ATR_MGMT_P=0.0000107950;
k_ATR=0.0200197852;
K_add=0.0000835764;
kd_pATR=0.0029578817;
k_Chk1=498.6768373873;
C_Chk1=0.7683383828;
pChk1_ref12_5_24h=0.0095752204;
pChk1_ref100_24h=0.0096203466;
pChk1_ref100_48h=0.0108319613;
kd_pChk1=0.0643348123;
k_cdc25=399.0835174851;
K_cdc25=1.2947603964;
kf_p53=0.0005821371;
k_p53=27.5126300395;
K_ATR=0.0003308555;
p53ser46_ref50_72h=0.0004600906;
kp_ser46=4.0051665054;
K_p53=0.5048639249;
upAsy=0.2217441549;
sness=0.0034106056;
k_apop=0.0654199614;
tED50=460.5459934404;
cell_pop_norm0_Jack_MGMT_P=73.7906608624;
k_dis=0.0165284184;

%%%%%%%%%

cost=123.7532345420;

%%%%%%%%%

