TMZout0_Ka_XTMZ(norm)=0.63783;
MGMT_P0(norm)=0.80462;
k_MGMT(norm)=0.53308;
k_addO(norm)=0.69937;
k_addN(norm)=0.39834;
DSB_72h_fac(norm)=0.04527;
k_DSBO(norm)=0.35283;
k_DSBN(norm)=0.17784;
k_CyA(norm)=0.61409;
fVX(norm)=0.24016;
kf_ATR_MGMT_P(norm)=0.81052;
k_ATR(norm)=0.13005;
K_add(norm)=0.37809;
kd_pATR(norm)=0.30719;
k_Chk1(norm)=0.45704;
C_Chk1(norm)=0.59803;
pChk1_ref12_5_24h(norm)=0.18838;
pChk1_ref100_24h(norm)=0.58783;
pChk1_ref100_48h(norm)=0.77781;
kd_pChk1(norm)=0.15738;
k_cdc25(norm)=0.19573;
K_cdc25(norm)=0.55646;
kf_p53(norm)=0.59225;
k_p53(norm)=0.87337;
K_ATR(norm)=0.15844;
p53ser46_ref50_72h(norm)=0.76453;
kp_ser46(norm)=0.82163;
K_p53(norm)=0.48299;
upAsy(norm)=0.15908;
sness(norm)=0.70944;
k_apop(norm)=0.23801;
tED50(norm)=0.36484;
cell_pop_norm0_Jack_MGMT_P(norm)=0.48442;
k_dis(norm)=0.68683;

%%%%%%%%%

TMZout0_Ka_XTMZ=35.8885017292;
MGMT_P0=2.2140477508;
k_MGMT=44.8852802926;
k_addO=0.0121975759;
k_addN=0.1293669788;
DSB_72h_fac=0.6989125735;
k_DSBO=0.0002572174;
k_DSBN=0.0000261379;
k_CyA=2.0903989353;
fVX=0.0010527951;
kf_ATR_MGMT_P=0.0000131420;
k_ATR=0.0141355643;
K_add=0.0000588371;
kd_pATR=0.0030642706;
k_Chk1=430.8708588396;
C_Chk1=0.7521706882;
pChk1_ref12_5_24h=0.0054439026;
pChk1_ref100_24h=0.0076540298;
pChk1_ref100_48h=0.0101648529;
kd_pChk1=0.0568197953;
k_cdc25=173.3957061752;
K_cdc25=1.3163588413;
kf_p53=0.0006951735;
k_p53=47.4220192761;
K_ATR=0.0002889995;
p53ser46_ref50_72h=0.0006342119;
kp_ser46=4.6978967972;
K_p53=0.4856262636;
upAsy=0.1756041380;
sness=0.0046257360;
k_apop=0.0475430766;
tED50=309.1176107472;
cell_pop_norm0_Jack_MGMT_P=83.2023482540;
k_dis=0.0176705452;

%%%%%%%%%

cost=209.4197272730;

%%%%%%%%%

