TMZout0_Ka_XTMZ(norm)=0.30724;
MGMT_P0(norm)=0.73918;
k_MGMT(norm)=0.78219;
k_addO(norm)=0.56724;
k_addN(norm)=0.73684;
DSB_72h_fac(norm)=0.85622;
k_DSBO(norm)=0.77910;
k_DSBN(norm)=0.64138;
k_CyA(norm)=0.30160;
fVX(norm)=0.73149;
kf_ATR_MGMT_P(norm)=0.60895;
k_ATR(norm)=0.71824;
K_add(norm)=0.67526;
kd_pATR(norm)=0.77842;
k_Chk1(norm)=0.33701;
C_Chk1(norm)=0.58250;
pChk1_ref12_5_24h(norm)=0.52035;
pChk1_ref100_24h(norm)=0.53853;
pChk1_ref100_48h(norm)=0.64943;
kd_pChk1(norm)=0.45868;
k_cdc25(norm)=0.88688;
K_cdc25(norm)=0.56539;
kf_p53(norm)=0.45581;
k_p53(norm)=0.34270;
K_ATR(norm)=0.48383;
p53ser46_ref50_72h(norm)=0.49686;
kp_ser46(norm)=0.60538;
K_p53(norm)=0.47573;
upAsy(norm)=0.43204;
sness(norm)=0.21131;
k_apop(norm)=0.53108;
tED50(norm)=0.88372;
cell_pop_norm0_Jack_MGMT_P(norm)=0.16219;
k_dis(norm)=0.60515;

%%%%%%%%%

TMZout0_Ka_XTMZ=33.2655304984;
MGMT_P0=2.1257797756;
k_MGMT=55.4332735140;
k_addO=0.0109056911;
k_addN=0.1723388446;
DSB_72h_fac=1.2609342612;
k_DSBO=0.0003691103;
k_DSBN=0.0000387117;
k_CyA=1.6041306888;
fVX=0.0015963956;
kf_ATR_MGMT_P=0.0000110786;
k_ATR=0.0232677031;
K_add=0.0000756841;
kd_pATR=0.0045680244;
k_Chk1=389.2052414223;
C_Chk1=0.7423344311;
pChk1_ref12_5_24h=0.0072121884;
pChk1_ref100_24h=0.0073409079;
pChk1_ref100_48h=0.0091171964;
kd_pChk1=0.0733451448;
k_cdc25=311.4330329603;
K_cdc25=1.3263471471;
kf_p53=0.0006192799;
k_p53=30.2486273546;
K_ATR=0.0003807411;
p53ser46_ref50_72h=0.0005055157;
kp_ser46=3.9113745798;
K_p53=0.4826509470;
upAsy=0.2212988079;
sness=0.0030330637;
k_apop=0.0609442344;
tED50=479.8003590328;
cell_pop_norm0_Jack_MGMT_P=74.1688440120;
k_dis=0.0164889517;

%%%%%%%%%

cost=123.8573646195;

%%%%%%%%%

