TMZout0_Ka_XTMZ(norm)=0.31808;
MGMT_P0(norm)=0.93516;
k_MGMT(norm)=0.52764;
k_addO(norm)=0.37938;
k_addN(norm)=0.49942;
DSB_72h_fac(norm)=0.57753;
k_DSBO(norm)=0.31989;
k_DSBN(norm)=0.75487;
k_CyA(norm)=0.37695;
fVX(norm)=0.58242;
kf_ATR_MGMT_P(norm)=1.00000;
k_ATR(norm)=0.70889;
K_add(norm)=0.37816;
kd_pATR(norm)=0.74934;
k_Chk1(norm)=0.10581;
C_Chk1(norm)=0.07535;
pChk1_ref12_5_24h(norm)=0.04619;
pChk1_ref100_24h(norm)=0.23454;
pChk1_ref100_48h(norm)=0.24328;
kd_pChk1(norm)=0.73977;
k_cdc25(norm)=0.15013;
K_cdc25(norm)=0.55270;
kf_p53(norm)=0.49499;
k_p53(norm)=0.50573;
K_ATR(norm)=0.12136;
p53ser46_ref50_72h(norm)=0.66720;
kp_ser46(norm)=0.03291;
K_p53(norm)=0.35146;
upAsy(norm)=0.46662;
sness(norm)=0.59570;
k_apop(norm)=0.37064;
tED50(norm)=0.10996;
cell_pop_norm0_Jack_MGMT_P(norm)=0.00010;
k_dis(norm)=0.88388;

%%%%%%%%%

TMZout0_Ka_XTMZ=33.3484206308;
MGMT_P0=2.4104760337;
k_MGMT=38.6559653157;
k_addO=0.0087205615;
k_addN=0.1145096015;
DSB_72h_fac=1.0174805844;
k_DSBO=0.0002584950;
k_DSBN=0.0000457249;
k_CyA=2.0536825842;
fVX=0.0014190260;
kf_ATR_MGMT_P=0.0000154484;
k_ATR=0.0292854084;
K_add=0.0000681325;
kd_pATR=0.0031279981;
k_Chk1=223.5072144922;
C_Chk1=0.4880195514;
pChk1_ref12_5_24h=0.0053966804;
pChk1_ref100_24h=0.0063446097;
pChk1_ref100_48h=0.0078895704;
kd_pChk1=0.0719033535;
k_cdc25=159.9020577546;
K_cdc25=1.3538131598;
kf_p53=0.0005339805;
k_p53=30.5599239688;
K_ATR=0.0003120501;
p53ser46_ref50_72h=0.0005144583;
kp_ser46=2.0737969577;
K_p53=0.5291876351;
upAsy=0.1778841565;
sness=0.0037932866;
k_apop=0.0484462596;
tED50=253.5105819976;
cell_pop_norm0_Jack_MGMT_P=70.0024967691;
k_dis=0.0207845111;

%%%%%%%%%

cost=301.7980800990;

%%%%%%%%%

