TMZout0_Ka_XTMZ(norm)=0.32723;
MGMT_P0(norm)=0.80604;
k_MGMT(norm)=0.90676;
k_addO(norm)=0.66969;
k_addN(norm)=0.82713;
DSB_72h_fac(norm)=0.65801;
k_DSBO(norm)=0.56549;
k_DSBN(norm)=0.50180;
k_CyA(norm)=0.63248;
fVX(norm)=0.72553;
kf_ATR_MGMT_P(norm)=0.60675;
k_ATR(norm)=0.63756;
K_add(norm)=0.68414;
kd_pATR(norm)=0.24157;
k_Chk1(norm)=0.15349;
C_Chk1(norm)=0.58178;
pChk1_ref12_5_24h(norm)=0.39048;
pChk1_ref100_24h(norm)=0.39996;
pChk1_ref100_48h(norm)=0.43048;
kd_pChk1(norm)=0.55001;
k_cdc25(norm)=0.49309;
K_cdc25(norm)=0.61703;
kf_p53(norm)=0.90127;
k_p53(norm)=0.21705;
K_ATR(norm)=0.38597;
p53ser46_ref50_72h(norm)=0.99770;
kp_ser46(norm)=0.60986;
K_p53(norm)=0.08706;
upAsy(norm)=0.44017;
sness(norm)=0.08472;
k_apop(norm)=0.57262;
tED50(norm)=0.41694;
cell_pop_norm0_Jack_MGMT_P(norm)=0.15370;
k_dis(norm)=0.62585;

%%%%%%%%%

TMZout0_Ka_XTMZ=33.4185157774;
MGMT_P0=2.2242666242;
k_MGMT=51.5332357587;
k_addO=0.0109363277;
k_addN=0.1406171236;
DSB_72h_fac=1.0796992653;
k_DSBO=0.0003186695;
k_DSBN=0.0000381271;
k_CyA=2.4385703462;
fVX=0.0014314708;
kf_ATR_MGMT_P=0.0000108937;
k_ATR=0.0257382402;
K_add=0.0000813410;
kd_pATR=0.0025278321;
k_Chk1=280.1508564457;
C_Chk1=0.7567900489;
pChk1_ref12_5_24h=0.0065766340;
pChk1_ref100_24h=0.0066405820;
pChk1_ref100_48h=0.0079443289;
kd_pChk1=0.0739004537;
k_cdc25=235.5252457443;
K_cdc25=1.3546101368;
kf_p53=0.0007722094;
k_p53=26.9493233066;
K_ATR=0.0003978504;
p53ser46_ref50_72h=0.0006650621;
kp_ser46=3.4377575523;
K_p53=0.4040900426;
upAsy=0.2201886112;
sness=0.0024933708;
k_apop=0.0653408989;
tED50=378.6088449950;
cell_pop_norm0_Jack_MGMT_P=73.9444982939;
k_dis=0.0169041728;

%%%%%%%%%

cost=124.6477717090;

%%%%%%%%%

