TMZout0_Ka_XTMZ(norm)=0.12381;
MGMT_P0(norm)=0.31641;
k_MGMT(norm)=0.17969;
k_addO(norm)=0.13716;
k_addN(norm)=0.58438;
DSB_72h_fac(norm)=0.62006;
k_DSBO(norm)=0.25961;
k_DSBN(norm)=0.61086;
k_CyA(norm)=0.98770;
fVX(norm)=0.00010;
kf_ATR_MGMT_P(norm)=0.93601;
k_ATR(norm)=0.80745;
K_add(norm)=0.33704;
kd_pATR(norm)=0.63966;
k_Chk1(norm)=0.26580;
C_Chk1(norm)=0.37435;
pChk1_ref12_5_24h(norm)=0.22583;
pChk1_ref100_24h(norm)=0.57871;
pChk1_ref100_48h(norm)=0.48908;
kd_pChk1(norm)=0.22280;
k_cdc25(norm)=0.44097;
K_cdc25(norm)=0.23781;
kf_p53(norm)=0.01856;
k_p53(norm)=0.19769;
K_ATR(norm)=0.67229;
p53ser46_ref50_72h(norm)=0.61320;
kp_ser46(norm)=0.80932;
K_p53(norm)=0.93797;
upAsy(norm)=0.97654;
sness(norm)=0.59109;
k_apop(norm)=0.66961;
tED50(norm)=0.85337;
cell_pop_norm0_Jack_MGMT_P(norm)=0.80436;
k_dis(norm)=0.82377;

%%%%%%%%%

TMZout0_Ka_XTMZ=31.8937640300;
MGMT_P0=1.6344367294;
k_MGMT=33.2708196594;
k_addO=0.0075751553;
k_addN=0.1514542877;
DSB_72h_fac=1.0618498797;
k_DSBO=0.0002376811;
k_DSBN=0.0000377234;
k_CyA=2.8688564915;
fVX=0.0008590255;
kf_ATR_MGMT_P=0.0000146163;
k_ATR=0.0250945790;
K_add=0.0000568258;
kd_pATR=0.0040613104;
k_Chk1=366.4156775054;
C_Chk1=0.6223091714;
pChk1_ref12_5_24h=0.0056194079;
pChk1_ref100_24h=0.0075951183;
pChk1_ref100_48h=0.0079589671;
kd_pChk1=0.0600580243;
k_cdc25=213.4421849697;
K_cdc25=1.0048824068;
kf_p53=0.0004275534;
k_p53=26.7512859497;
K_ATR=0.0004466636;
p53ser46_ref50_72h=0.0005578891;
kp_ser46=4.6491583501;
K_p53=0.7140458960;
upAsy=0.3510286835;
sness=0.0041843870;
k_apop=0.0685339103;
tED50=467.6191644738;
cell_pop_norm0_Jack_MGMT_P=93.2600313276;
k_dis=0.0198444424;

%%%%%%%%%

cost=369.4985056545;

%%%%%%%%%

