TMZout0_Ka_XTMZ(norm)=0.45336;
MGMT_P0(norm)=0.52465;
k_MGMT(norm)=0.12914;
k_addO(norm)=0.09661;
k_addN(norm)=0.45686;
DSB_72h_fac(norm)=0.86491;
k_DSBO(norm)=0.52095;
k_DSBN(norm)=0.90069;
k_CyA(norm)=1.00000;
fVX(norm)=0.11001;
kf_ATR_MGMT_P(norm)=0.55321;
k_ATR(norm)=0.45067;
K_add(norm)=0.71811;
kd_pATR(norm)=0.82302;
k_Chk1(norm)=0.22394;
C_Chk1(norm)=0.54729;
pChk1_ref12_5_24h(norm)=0.50635;
pChk1_ref100_24h(norm)=0.57773;
pChk1_ref100_48h(norm)=0.55258;
kd_pChk1(norm)=0.33146;
k_cdc25(norm)=0.20270;
K_cdc25(norm)=0.26093;
kf_p53(norm)=0.29984;
k_p53(norm)=0.93625;
K_ATR(norm)=0.48499;
p53ser46_ref50_72h(norm)=0.39566;
kp_ser46(norm)=0.63158;
K_p53(norm)=0.32576;
upAsy(norm)=0.16152;
sness(norm)=0.84574;
k_apop(norm)=0.38711;
tED50(norm)=0.57157;
cell_pop_norm0_Jack_MGMT_P(norm)=0.45321;
k_dis(norm)=0.78250;

%%%%%%%%%

TMZout0_Ka_XTMZ=34.4003332049;
MGMT_P0=1.8773888701;
k_MGMT=26.6650330815;
k_addO=0.0067296342;
k_addN=0.1027514448;
DSB_72h_fac=1.2634570172;
k_DSBO=0.0003068688;
k_DSBN=0.0000534586;
k_CyA=3.3294504548;
fVX=0.0008497352;
kf_ATR_MGMT_P=0.0000104105;
k_ATR=0.0219688296;
K_add=0.0000837163;
kd_pATR=0.0041372205;
k_Chk1=297.3836075385;
C_Chk1=0.7349906402;
pChk1_ref12_5_24h=0.0072550733;
pChk1_ref100_24h=0.0077200697;
pChk1_ref100_48h=0.0088102784;
kd_pChk1=0.0614081004;
k_cdc25=184.1539337351;
K_cdc25=1.0017934596;
kf_p53=0.0004638971;
k_p53=49.5671354612;
K_ATR=0.0004326700;
p53ser46_ref50_72h=0.0003993228;
kp_ser46=3.5016167277;
K_p53=0.4946677127;
upAsy=0.1738835395;
sness=0.0047514581;
k_apop=0.0558366202;
tED50=431.6091369186;
cell_pop_norm0_Jack_MGMT_P=82.2812941342;
k_dis=0.0193035343;

%%%%%%%%%

cost=259.8863254806;

%%%%%%%%%

