TMZout0_Ka_XTMZ(norm)=0.34701;
MGMT_P0(norm)=0.38691;
k_MGMT(norm)=0.39599;
k_addO(norm)=0.33629;
k_addN(norm)=0.19320;
DSB_72h_fac(norm)=0.58135;
k_DSBO(norm)=0.88425;
k_DSBN(norm)=0.80648;
k_CyA(norm)=0.21555;
fVX(norm)=0.90298;
kf_ATR_MGMT_P(norm)=0.64816;
k_ATR(norm)=0.87518;
K_add(norm)=0.69099;
kd_pATR(norm)=0.25659;
k_Chk1(norm)=0.38188;
C_Chk1(norm)=1.00000;
pChk1_ref12_5_24h(norm)=0.28476;
pChk1_ref100_24h(norm)=0.65540;
pChk1_ref100_48h(norm)=0.62998;
kd_pChk1(norm)=0.22594;
k_cdc25(norm)=0.60898;
K_cdc25(norm)=0.93137;
kf_p53(norm)=0.81768;
k_p53(norm)=0.14930;
K_ATR(norm)=0.29821;
p53ser46_ref50_72h(norm)=0.58205;
kp_ser46(norm)=0.63395;
K_p53(norm)=0.76323;
upAsy(norm)=0.45305;
sness(norm)=0.70229;
k_apop(norm)=0.08657;
tED50(norm)=0.36328;
cell_pop_norm0_Jack_MGMT_P(norm)=0.03720;
k_dis(norm)=0.37996;

%%%%%%%%%

TMZout0_Ka_XTMZ=33.5706367165;
MGMT_P0=1.7905815326;
k_MGMT=35.6577881707;
k_addO=0.0088386723;
k_addN=0.1002939605;
DSB_72h_fac=1.0223148193;
k_DSBO=0.0004102729;
k_DSBN=0.0000500209;
k_CyA=1.5149346192;
fVX=0.0017985265;
kf_ATR_MGMT_P=0.0000114680;
k_ATR=0.0243162026;
K_add=0.0000793719;
kd_pATR=0.0024051088;
k_Chk1=366.5336448187;
C_Chk1=1.0590316885;
pChk1_ref12_5_24h=0.0055139629;
pChk1_ref100_24h=0.0075581671;
pChk1_ref100_48h=0.0086868878;
kd_pChk1=0.0578805173;
k_cdc25=301.9096911308;
K_cdc25=1.7961181538;
kf_p53=0.0008189693;
k_p53=20.7446600039;
K_ATR=0.0002701029;
p53ser46_ref50_72h=0.0005514666;
kp_ser46=4.4359095206;
K_p53=0.9613821884;
upAsy=0.2480450992;
sness=0.0043613126;
k_apop=0.0416261975;
tED50=339.4135378178;
cell_pop_norm0_Jack_MGMT_P=70.9350932725;
k_dis=0.0136622386;

%%%%%%%%%

cost=336.7167255241;

%%%%%%%%%

