TMZout0_Ka_XTMZ(norm)=0.00010;
MGMT_P0(norm)=0.94184;
k_MGMT(norm)=1.00000;
k_addO(norm)=0.88837;
k_addN(norm)=0.03779;
DSB_72h_fac(norm)=0.24374;
k_DSBO(norm)=0.39640;
k_DSBN(norm)=0.93852;
k_CyA(norm)=0.98235;
fVX(norm)=0.53177;
kf_ATR_MGMT_P(norm)=0.95043;
k_ATR(norm)=1.00000;
K_add(norm)=0.07218;
kd_pATR(norm)=0.82218;
k_Chk1(norm)=0.00010;
C_Chk1(norm)=0.64572;
pChk1_ref12_5_24h(norm)=0.42189;
pChk1_ref100_24h(norm)=0.62815;
pChk1_ref100_48h(norm)=0.97989;
kd_pChk1(norm)=0.48727;
k_cdc25(norm)=0.33405;
K_cdc25(norm)=0.28672;
kf_p53(norm)=0.63099;
k_p53(norm)=0.00010;
K_ATR(norm)=0.36049;
p53ser46_ref50_72h(norm)=0.60795;
kp_ser46(norm)=0.24343;
K_p53(norm)=0.99549;
upAsy(norm)=0.53683;
sness(norm)=0.15706;
k_apop(norm)=0.89746;
tED50(norm)=0.39577;
cell_pop_norm0_Jack_MGMT_P(norm)=0.69234;
k_dis(norm)=0.33874;

%%%%%%%%%

TMZout0_Ka_XTMZ=31.0007116889;
MGMT_P0=2.4112174881;
k_MGMT=66.6683225466;
k_addO=0.0143159660;
k_addN=0.0953121715;
DSB_72h_fac=0.8074978787;
k_DSBO=0.0002668900;
k_DSBN=0.0000497947;
k_CyA=2.8558950082;
fVX=0.0013478747;
kf_ATR_MGMT_P=0.0000147960;
k_ATR=0.0295416857;
K_add=0.0000454029;
kd_pATR=0.0047405921;
k_Chk1=292.5525408855;
C_Chk1=0.7831826169;
pChk1_ref12_5_24h=0.0066349373;
pChk1_ref100_24h=0.0079200601;
pChk1_ref100_48h=0.0120632007;
kd_pChk1=0.0751434292;
k_cdc25=194.9558574174;
K_cdc25=1.0474077024;
kf_p53=0.0007183753;
k_p53=22.6274627823;
K_ATR=0.0003429605;
p53ser46_ref50_72h=0.0005554103;
kp_ser46=2.8783145233;
K_p53=0.7497088241;
upAsy=0.2418453270;
sness=0.0028968042;
k_apop=0.0831282229;
tED50=317.3267175274;
cell_pop_norm0_Jack_MGMT_P=89.6071112351;
k_dis=0.0131570862;

%%%%%%%%%

cost=566.7961176101;

%%%%%%%%%

