TMZout0_Ka_XTMZ(norm)=0.93032;
MGMT_P0(norm)=0.64734;
k_MGMT(norm)=1.00000;
k_addO(norm)=0.31585;
k_addN(norm)=0.50516;
DSB_72h_fac(norm)=0.00010;
k_DSBO(norm)=0.00010;
k_DSBN(norm)=0.00010;
k_CyA(norm)=0.35363;
fVX(norm)=0.37839;
kf_ATR_MGMT_P(norm)=0.70858;
k_ATR(norm)=0.65200;
K_add(norm)=0.25949;
kd_pATR(norm)=0.00010;
k_Chk1(norm)=0.00010;
C_Chk1(norm)=0.92114;
pChk1_ref12_5_24h(norm)=0.59121;
pChk1_ref100_24h(norm)=1.00000;
pChk1_ref100_48h(norm)=0.86297;
kd_pChk1(norm)=0.53283;
k_cdc25(norm)=0.96589;
K_cdc25(norm)=1.00000;
kf_p53(norm)=1.00000;
k_p53(norm)=1.00000;
K_ATR(norm)=0.29401;
p53ser46_ref50_72h(norm)=1.00000;
kp_ser46(norm)=0.00010;
K_p53(norm)=0.88702;
upAsy(norm)=0.43814;
sness(norm)=0.16331;
k_apop(norm)=1.00000;
tED50(norm)=0.24359;
cell_pop_norm0_Jack_MGMT_P(norm)=0.74638;
k_dis(norm)=0.17549;

%%%%%%%%%

TMZout0_Ka_XTMZ=38.3810581666;
MGMT_P0=2.0633134636;
k_MGMT=59.4863474482;
k_addO=0.0086869541;
k_addN=0.1306387270;
DSB_72h_fac=0.6607123948;
k_DSBO=0.0001939667;
k_DSBN=0.0000252594;
k_CyA=1.7029517195;
fVX=0.0011531314;
kf_ATR_MGMT_P=0.0000120703;
k_ATR=0.0201267164;
K_add=0.0000550662;
kd_pATR=0.0019353174;
k_Chk1=265.2328093531;
C_Chk1=0.9905803202;
pChk1_ref12_5_24h=0.0071487360;
pChk1_ref100_24h=0.0101209671;
pChk1_ref100_48h=0.0105828013;
kd_pChk1=0.0750696026;
k_cdc25=408.5163353132;
K_cdc25=1.9036550126;
kf_p53=0.0009557765;
k_p53=42.6524102616;
K_ATR=0.0002691438;
p53ser46_ref50_72h=0.0007858052;
kp_ser46=2.5926400881;
K_p53=1.0676995376;
upAsy=0.2449300166;
sness=0.0027623810;
k_apop=0.0902583664;
tED50=306.6797555534;
cell_pop_norm0_Jack_MGMT_P=91.3509482071;
k_dis=0.0114889751;

%%%%%%%%%

cost=415.5001646831;

%%%%%%%%%

