TMZout0_Ka_XTMZ(norm)=0.34258;
MGMT_P0(norm)=0.00010;
k_MGMT(norm)=0.25672;
k_addO(norm)=0.22138;
k_addN(norm)=0.76594;
DSB_72h_fac(norm)=0.44645;
k_DSBO(norm)=0.62756;
k_DSBN(norm)=0.24728;
k_CyA(norm)=0.30768;
fVX(norm)=0.00010;
kf_ATR_MGMT_P(norm)=0.76005;
k_ATR(norm)=0.68624;
K_add(norm)=0.48155;
kd_pATR(norm)=0.90649;
k_Chk1(norm)=0.29131;
C_Chk1(norm)=0.94360;
pChk1_ref12_5_24h(norm)=0.35659;
pChk1_ref100_24h(norm)=0.44674;
pChk1_ref100_48h(norm)=0.38199;
kd_pChk1(norm)=0.40927;
k_cdc25(norm)=0.04793;
K_cdc25(norm)=0.80707;
kf_p53(norm)=0.85733;
k_p53(norm)=0.30204;
K_ATR(norm)=0.55155;
p53ser46_ref50_72h(norm)=0.63398;
kp_ser46(norm)=0.27845;
K_p53(norm)=0.87326;
upAsy(norm)=0.57407;
sness(norm)=0.75343;
k_apop(norm)=0.96072;
tED50(norm)=0.54354;
cell_pop_norm0_Jack_MGMT_P(norm)=0.08885;
k_dis(norm)=0.85594;

%%%%%%%%%

TMZout0_Ka_XTMZ=33.5365415036;
MGMT_P0=1.3426454420;
k_MGMT=35.5147262715;
k_addO=0.0081354967;
k_addN=0.1766408193;
DSB_72h_fac=0.9358365779;
k_DSBO=0.0003246332;
k_DSBN=0.0000277218;
k_CyA=1.6124241329;
fVX=0.0008590255;
kf_ATR_MGMT_P=0.0000125918;
k_ATR=0.0226454198;
K_add=0.0000642277;
kd_pATR=0.0050916173;
k_Chk1=374.4236687740;
C_Chk1=1.0080402734;
pChk1_ref12_5_24h=0.0062778128;
pChk1_ref100_24h=0.0067915944;
pChk1_ref100_48h=0.0072685713;
kd_pChk1=0.0703377226;
k_cdc25=152.9863181074;
K_cdc25=1.6277657274;
kf_p53=0.0008702394;
k_p53=29.2241939897;
K_ATR=0.0004032268;
p53ser46_ref50_72h=0.0005677997;
kp_ser46=2.9650225685;
K_p53=0.6759495617;
upAsy=0.2495984384;
sness=0.0048014176;
k_apop=0.0877056324;
tED50=359.6526059392;
cell_pop_norm0_Jack_MGMT_P=72.2538415702;
k_dis=0.0203928028;

%%%%%%%%%

cost=330.6293648722;

%%%%%%%%%

