TMZout0_Ka_XTMZ(norm)=0.62780;
MGMT_P0(norm)=0.03709;
k_MGMT(norm)=0.94790;
k_addO(norm)=0.40824;
k_addN(norm)=0.34985;
DSB_72h_fac(norm)=0.70990;
k_DSBO(norm)=0.40318;
k_DSBN(norm)=1.00000;
k_CyA(norm)=0.72179;
fVX(norm)=0.04707;
kf_ATR_MGMT_P(norm)=0.46535;
k_ATR(norm)=0.34675;
K_add(norm)=0.58290;
kd_pATR(norm)=0.71944;
k_Chk1(norm)=0.74182;
C_Chk1(norm)=0.37496;
pChk1_ref12_5_24h(norm)=0.08239;
pChk1_ref100_24h(norm)=0.28161;
pChk1_ref100_48h(norm)=0.58187;
kd_pChk1(norm)=0.64330;
k_cdc25(norm)=0.37489;
K_cdc25(norm)=0.27670;
kf_p53(norm)=0.71279;
k_p53(norm)=0.75158;
K_ATR(norm)=0.36664;
p53ser46_ref50_72h(norm)=0.63875;
kp_ser46(norm)=0.61674;
K_p53(norm)=0.66181;
upAsy(norm)=0.85677;
sness(norm)=0.56973;
k_apop(norm)=0.73451;
tED50(norm)=1.00000;
cell_pop_norm0_Jack_MGMT_P(norm)=0.50662;
k_dis(norm)=0.53638;

%%%%%%%%%

TMZout0_Ka_XTMZ=35.8059824798;
MGMT_P0=1.3738772591;
k_MGMT=63.7891573258;
k_addO=0.0095310933;
k_addN=0.1241592140;
DSB_72h_fac=1.1335842867;
k_DSBO=0.0002684278;
k_DSBN=0.0000524573;
k_CyA=2.2901320968;
fVX=0.0008938988;
kf_ATR_MGMT_P=0.0000098095;
k_ATR=0.0169846206;
K_add=0.0000699872;
kd_pATR=0.0043453536;
k_Chk1=548.4528268382;
C_Chk1=0.6226282287;
pChk1_ref12_5_24h=0.0049763008;
pChk1_ref100_24h=0.0059048455;
pChk1_ref100_48h=0.0086099051;
kd_pChk1=0.0857639723;
k_cdc25=201.8202434752;
K_cdc25=1.0385534029;
kf_p53=0.0007699318;
k_p53=42.7722051479;
K_ATR=0.0003447525;
p53ser46_ref50_72h=0.0005700950;
kp_ser46=3.9492131147;
K_p53=0.5650742872;
upAsy=0.3171537933;
sness=0.0041093509;
k_apop=0.0724086237;
tED50=529.4799787438;
cell_pop_norm0_Jack_MGMT_P=83.8638684167;
k_dis=0.0155556366;

%%%%%%%%%

cost=218.6254243703;

%%%%%%%%%

