TMZout0_Ka_XTMZ(norm)=0.78708;
MGMT_P0(norm)=0.36797;
k_MGMT(norm)=0.90061;
k_addO(norm)=0.34354;
k_addN(norm)=0.61679;
DSB_72h_fac(norm)=0.34301;
k_DSBO(norm)=0.25988;
k_DSBN(norm)=0.36815;
k_CyA(norm)=0.79179;
fVX(norm)=0.81522;
kf_ATR_MGMT_P(norm)=0.59418;
k_ATR(norm)=0.56381;
K_add(norm)=0.42157;
kd_pATR(norm)=0.22309;
k_Chk1(norm)=0.84819;
C_Chk1(norm)=0.30101;
pChk1_ref12_5_24h(norm)=0.40522;
pChk1_ref100_24h(norm)=0.62273;
pChk1_ref100_48h(norm)=0.61628;
kd_pChk1(norm)=0.78634;
k_cdc25(norm)=0.31861;
K_cdc25(norm)=0.45710;
kf_p53(norm)=0.39194;
k_p53(norm)=0.59890;
K_ATR(norm)=0.45943;
p53ser46_ref50_72h(norm)=0.28773;
kp_ser46(norm)=0.56107;
K_p53(norm)=0.32525;
upAsy(norm)=0.31753;
sness(norm)=0.72703;
k_apop(norm)=0.72669;
tED50(norm)=0.65612;
cell_pop_norm0_Jack_MGMT_P(norm)=0.67189;
k_dis(norm)=0.50621;

%%%%%%%%%

TMZout0_Ka_XTMZ=37.1394813692;
MGMT_P0=1.6876777398;
k_MGMT=61.2840296430;
k_addO=0.0090227059;
k_addN=0.1556716653;
DSB_72h_fac=0.8679838337;
k_DSBO=0.0002377369;
k_DSBN=0.0000307115;
k_CyA=2.4300811408;
fVX=0.0017137636;
kf_ATR_MGMT_P=0.0000109409;
k_ATR=0.0204140502;
K_add=0.0000610453;
kd_pATR=0.0028535004;
k_Chk1=600.1779295926;
C_Chk1=0.5848167037;
pChk1_ref12_5_24h=0.0065418929;
pChk1_ref100_24h=0.0078837137;
pChk1_ref100_48h=0.0088646990;
kd_pChk1=0.0968148779;
k_cdc25=192.4220253222;
K_cdc25=1.2100662899;
kf_p53=0.0005866597;
k_p53=37.5820755281;
K_ATR=0.0003729534;
p53ser46_ref50_72h=0.0004234306;
kp_ser46=3.7672309181;
K_p53=0.4248730704;
upAsy=0.2008359598;
sness=0.0046952200;
k_apop=0.0719299807;
tED50=395.6499010957;
cell_pop_norm0_Jack_MGMT_P=88.9561261361;
k_dis=0.0151629881;

%%%%%%%%%

cost=264.4141533585;

%%%%%%%%%

