TMZout0_Ka_XTMZ(norm)=0.21456;
MGMT_P0(norm)=0.40228;
k_MGMT(norm)=1.00000;
k_addO(norm)=0.54113;
k_addN(norm)=0.36390;
DSB_72h_fac(norm)=0.19414;
k_DSBO(norm)=0.16542;
k_DSBN(norm)=0.32140;
k_CyA(norm)=0.72354;
fVX(norm)=0.52733;
kf_ATR_MGMT_P(norm)=0.55234;
k_ATR(norm)=0.33050;
K_add(norm)=0.74161;
kd_pATR(norm)=0.43231;
k_Chk1(norm)=0.60213;
C_Chk1(norm)=0.43311;
pChk1_ref12_5_24h(norm)=0.58915;
pChk1_ref100_24h(norm)=0.86258;
pChk1_ref100_48h(norm)=0.86246;
kd_pChk1(norm)=0.94739;
k_cdc25(norm)=0.28976;
K_cdc25(norm)=0.25475;
kf_p53(norm)=0.68932;
k_p53(norm)=0.97638;
K_ATR(norm)=0.23888;
p53ser46_ref50_72h(norm)=0.71624;
kp_ser46(norm)=0.82017;
K_p53(norm)=0.08328;
upAsy(norm)=0.42717;
sness(norm)=0.58602;
k_apop(norm)=0.37914;
tED50(norm)=0.36717;
cell_pop_norm0_Jack_MGMT_P(norm)=0.38217;
k_dis(norm)=0.55159;

%%%%%%%%%

TMZout0_Ka_XTMZ=32.5651816854;
MGMT_P0=1.7240631654;
k_MGMT=66.6683225466;
k_addO=0.0106670577;
k_addN=0.1256463898;
DSB_72h_fac=0.7788734493;
k_DSBO=0.0002194496;
k_DSBN=0.0000295187;
k_CyA=2.2935429869;
fVX=0.0013428052;
kf_ATR_MGMT_P=0.0000105598;
k_ATR=0.0167523135;
K_add=0.0000800604;
kd_pATR=0.0034069609;
k_Chk1=487.2326795755;
C_Chk1=0.6540788102;
pChk1_ref12_5_24h=0.0076451386;
pChk1_ref100_24h=0.0096603416;
pChk1_ref100_48h=0.0109207352;
kd_pChk1=0.1109697209;
k_cdc25=187.7758655637;
K_cdc25=1.0194123395;
kf_p53=0.0007547691;
k_p53=51.7468189389;
K_ATR=0.0003093822;
p53ser46_ref50_72h=0.0006087835;
kp_ser46=4.6921041969;
K_p53=0.3461152870;
upAsy=0.2203875306;
sness=0.0041664404;
k_apop=0.0535822914;
tED50=309.7301623777;
cell_pop_norm0_Jack_MGMT_P=80.2225588686;
k_dis=0.0157573231;

%%%%%%%%%

cost=296.7699528927;

%%%%%%%%%

