TMZout0_Ka_XTMZ(norm)=0.02372;
MGMT_P0(norm)=0.69737;
k_MGMT(norm)=0.64743;
k_addO(norm)=0.00010;
k_addN(norm)=0.80399;
DSB_72h_fac(norm)=0.59239;
k_DSBO(norm)=0.66987;
k_DSBN(norm)=0.13242;
k_CyA(norm)=0.55846;
fVX(norm)=0.05775;
kf_ATR_MGMT_P(norm)=0.11169;
k_ATR(norm)=0.39261;
K_add(norm)=0.00010;
kd_pATR(norm)=0.61692;
k_Chk1(norm)=0.62167;
C_Chk1(norm)=0.26805;
pChk1_ref12_5_24h(norm)=0.50873;
pChk1_ref100_24h(norm)=0.11509;
pChk1_ref100_48h(norm)=0.87272;
kd_pChk1(norm)=1.00000;
k_cdc25(norm)=0.06279;
K_cdc25(norm)=0.39863;
kf_p53(norm)=0.38773;
k_p53(norm)=0.00010;
K_ATR(norm)=0.62778;
p53ser46_ref50_72h(norm)=0.58886;
kp_ser46(norm)=0.81031;
K_p53(norm)=0.00010;
upAsy(norm)=0.93220;
sness(norm)=0.54848;
k_apop(norm)=0.00010;
tED50(norm)=0.23450;
cell_pop_norm0_Jack_MGMT_P(norm)=0.00010;
k_dis(norm)=0.95681;

%%%%%%%%%

TMZout0_Ka_XTMZ=31.1692406635;
MGMT_P0=2.0832835644;
k_MGMT=41.3673683878;
k_addO=0.0062012245;
k_addN=0.1378870301;
DSB_72h_fac=1.0271982184;
k_DSBO=0.0003481362;
k_DSBN=0.0000278811;
k_CyA=2.2903176374;
fVX=0.0008129301;
kf_ATR_MGMT_P=0.0000071615;
k_ATR=0.0209142318;
K_add=0.0000455614;
kd_pATR=0.0034743067;
k_Chk1=416.5544850677;
C_Chk1=0.5801322838;
pChk1_ref12_5_24h=0.0072697010;
pChk1_ref100_24h=0.0052165117;
pChk1_ref100_48h=0.0115555752;
kd_pChk1=0.1082018424;
k_cdc25=163.5674538404;
K_cdc25=1.1257659725;
kf_p53=0.0004997612;
k_p53=22.4240566085;
K_ATR=0.0004883146;
p53ser46_ref50_72h=0.0004703452;
kp_ser46=4.0741339379;
K_p53=0.3753853031;
upAsy=0.3340801765;
sness=0.0036935170;
k_apop=0.0402262473;
tED50=324.3829858305;
cell_pop_norm0_Jack_MGMT_P=70.0024967691;
k_dis=0.0223758942;

%%%%%%%%%

cost=100000.0000000000;

%%%%%%%%%

