TMZout0_Ka_XTMZ(norm)=0.46996;
MGMT_P0(norm)=0.74629;
k_MGMT(norm)=0.40907;
k_addO(norm)=0.57793;
k_addN(norm)=0.48890;
DSB_72h_fac(norm)=0.32031;
k_DSBO(norm)=0.34310;
k_DSBN(norm)=0.25149;
k_CyA(norm)=0.16713;
fVX(norm)=0.65097;
kf_ATR_MGMT_P(norm)=0.67604;
k_ATR(norm)=0.50691;
K_add(norm)=0.51078;
kd_pATR(norm)=0.43331;
k_Chk1(norm)=0.64424;
C_Chk1(norm)=0.09010;
pChk1_ref12_5_24h(norm)=0.36931;
pChk1_ref100_24h(norm)=0.70709;
pChk1_ref100_48h(norm)=0.60204;
kd_pChk1(norm)=0.63455;
k_cdc25(norm)=0.90023;
K_cdc25(norm)=0.44534;
kf_p53(norm)=0.26724;
k_p53(norm)=0.81981;
K_ATR(norm)=0.23081;
p53ser46_ref50_72h(norm)=0.23759;
kp_ser46(norm)=0.41055;
K_p53(norm)=0.69358;
upAsy(norm)=0.70214;
sness(norm)=0.50012;
k_apop(norm)=0.57458;
tED50(norm)=0.74173;
cell_pop_norm0_Jack_MGMT_P(norm)=0.33465;
k_dis(norm)=0.86207;

%%%%%%%%%

TMZout0_Ka_XTMZ=34.5317475461;
MGMT_P0=2.1351944301;
k_MGMT=40.4082710240;
k_addO=0.0110048625;
k_addN=0.1396839324;
DSB_72h_fac=0.8537663033;
k_DSBO=0.0002551045;
k_DSBN=0.0000278210;
k_CyA=1.4313878952;
fVX=0.0014911201;
kf_ATR_MGMT_P=0.0000117267;
k_ATR=0.0194531072;
K_add=0.0000658385;
kd_pATR=0.0034098570;
k_Chk1=504.9316383234;
C_Chk1=0.4891118097;
pChk1_ref12_5_24h=0.0063458365;
pChk1_ref100_24h=0.0084678781;
pChk1_ref100_48h=0.0087583769;
kd_pChk1=0.0851306378;
k_cdc25=314.9770690672;
K_cdc25=1.1980752344;
kf_p53=0.0005278337;
k_p53=45.3181132723;
K_ATR=0.0003072729;
p53ser46_ref50_72h=0.0004058173;
kp_ser46=3.3161628905;
K_p53=0.5804915567;
upAsy=0.2782066921;
sness=0.0038739851;
k_apop=0.0632322323;
tED50=425.4126797287;
cell_pop_norm0_Jack_MGMT_P=78.8743431520;
k_dis=0.0204990597;

%%%%%%%%%

cost=263.2781233831;

%%%%%%%%%

