TMZout0_Ka_XTMZ(norm)=0.60326;
MGMT_P0(norm)=0.83403;
k_MGMT(norm)=0.82236;
k_addO(norm)=0.61889;
k_addN(norm)=0.69609;
DSB_72h_fac(norm)=0.64379;
k_DSBO(norm)=0.62460;
k_DSBN(norm)=0.61607;
k_CyA(norm)=0.76691;
fVX(norm)=0.52540;
kf_ATR_MGMT_P(norm)=0.59308;
k_ATR(norm)=0.57024;
K_add(norm)=0.69010;
kd_pATR(norm)=0.44988;
k_Chk1(norm)=0.48912;
C_Chk1(norm)=0.59512;
pChk1_ref12_5_24h(norm)=0.60164;
pChk1_ref100_24h(norm)=0.60615;
pChk1_ref100_48h(norm)=0.70860;
kd_pChk1(norm)=0.37878;
k_cdc25(norm)=0.56732;
K_cdc25(norm)=0.51350;
kf_p53(norm)=0.70696;
k_p53(norm)=0.33917;
K_ATR(norm)=0.43994;
p53ser46_ref50_72h(norm)=0.66580;
kp_ser46(norm)=0.59323;
K_p53(norm)=0.26045;
upAsy(norm)=0.82895;
sness(norm)=0.44387;
k_apop(norm)=0.72281;
tED50(norm)=0.80849;
cell_pop_norm0_Jack_MGMT_P(norm)=0.16107;
k_dis(norm)=0.62152;

%%%%%%%%%

TMZout0_Ka_XTMZ=35.6048035075;
MGMT_P0=2.2771878945;
k_MGMT=49.6210418174;
k_addO=0.0106826490;
k_addN=0.1352732474;
DSB_72h_fac=1.0697079209;
k_DSBO=0.0003346387;
k_DSBN=0.0000406517;
k_CyA=2.8577931669;
fVX=0.0013521017;
kf_ATR_MGMT_P=0.0000109433;
k_ATR=0.0260394658;
K_add=0.0000887441;
kd_pATR=0.0024269977;
k_Chk1=309.2730881442;
C_Chk1=0.7580556852;
pChk1_ref12_5_24h=0.0086401716;
pChk1_ref100_24h=0.0086925767;
pChk1_ref100_48h=0.0117025364;
kd_pChk1=0.0529559823;
k_cdc25=227.7027416661;
K_cdc25=1.3095896657;
kf_p53=0.0006390395;
k_p53=26.5376927909;
K_ATR=0.0004087459;
p53ser46_ref50_72h=0.0005138484;
kp_ser46=3.3338717826;
K_p53=0.4899134867;
upAsy=0.2418062822;
sness=0.0033354003;
k_apop=0.0652903723;
tED50=458.1823430970;
cell_pop_norm0_Jack_MGMT_P=74.1391344265;
k_dis=0.0166416210;

%%%%%%%%%

cost=124.4981222826;

%%%%%%%%%

