TMZout0_Ka_XTMZ(norm)=0.38887;
MGMT_P0(norm)=0.01406;
k_MGMT(norm)=0.61863;
k_addO(norm)=0.40017;
k_addN(norm)=0.63449;
DSB_72h_fac(norm)=0.68563;
k_DSBO(norm)=0.41139;
k_DSBN(norm)=0.61886;
k_CyA(norm)=0.96480;
fVX(norm)=1.00000;
kf_ATR_MGMT_P(norm)=0.61316;
k_ATR(norm)=1.00000;
K_add(norm)=1.00000;
kd_pATR(norm)=0.49007;
k_Chk1(norm)=0.78128;
C_Chk1(norm)=0.29069;
pChk1_ref12_5_24h(norm)=0.33642;
pChk1_ref100_24h(norm)=0.56428;
pChk1_ref100_48h(norm)=0.78654;
kd_pChk1(norm)=0.45709;
k_cdc25(norm)=0.17798;
K_cdc25(norm)=0.60531;
kf_p53(norm)=0.53183;
k_p53(norm)=0.47650;
K_ATR(norm)=0.74860;
p53ser46_ref50_72h(norm)=0.53379;
kp_ser46(norm)=0.70551;
K_p53(norm)=0.21457;
upAsy(norm)=0.26113;
sness(norm)=0.23695;
k_apop(norm)=0.55383;
tED50(norm)=0.63621;
cell_pop_norm0_Jack_MGMT_P(norm)=0.15127;
k_dis(norm)=0.46539;

%%%%%%%%%

TMZout0_Ka_XTMZ=33.8948233247;
MGMT_P0=1.3802075552;
k_MGMT=40.3702684910;
k_addO=0.0087034773;
k_addN=0.1194404854;
DSB_72h_fac=1.1025871928;
k_DSBO=0.0002796642;
k_DSBN=0.0000421027;
k_CyA=3.2316199169;
fVX=0.0018062589;
kf_ATR_MGMT_P=0.0000109530;
k_ATR=0.0349902468;
K_add=0.0001063010;
kd_pATR=0.0031202610;
k_Chk1=476.8778005295;
C_Chk1=0.5913715222;
pChk1_ref12_5_24h=0.0062821941;
pChk1_ref100_24h=0.0076325685;
pChk1_ref100_48h=0.0107418577;
kd_pChk1=0.0683054047;
k_cdc25=180.3368526175;
K_cdc25=1.3412239269;
kf_p53=0.0005646628;
k_p53=33.5752111977;
K_ATR=0.0005409511;
p53ser46_ref50_72h=0.0004489022;
kp_ser46=3.7279829949;
K_p53=0.4501914840;
upAsy=0.1891955205;
sness=0.0028366576;
k_apop=0.0643088967;
tED50=455.9062916171;
cell_pop_norm0_Jack_MGMT_P=73.8805047901;
k_dis=0.0147552974;

%%%%%%%%%

cost=184.0767019047;

%%%%%%%%%

