TMZout0_Ka_XTMZ(norm)=0.42272;
MGMT_P0(norm)=0.09995;
k_MGMT(norm)=0.98584;
k_addO(norm)=0.52501;
k_addN(norm)=0.98592;
DSB_72h_fac(norm)=0.68146;
k_DSBO(norm)=0.25823;
k_DSBN(norm)=0.33423;
k_CyA(norm)=0.44848;
fVX(norm)=0.22059;
kf_ATR_MGMT_P(norm)=0.43890;
k_ATR(norm)=0.75157;
K_add(norm)=0.77096;
kd_pATR(norm)=0.31745;
k_Chk1(norm)=0.81499;
C_Chk1(norm)=0.56820;
pChk1_ref12_5_24h(norm)=0.70474;
pChk1_ref100_24h(norm)=0.80396;
pChk1_ref100_48h(norm)=0.89681;
kd_pChk1(norm)=0.83372;
k_cdc25(norm)=0.08853;
K_cdc25(norm)=0.00010;
kf_p53(norm)=0.22947;
k_p53(norm)=0.45182;
K_ATR(norm)=0.00010;
p53ser46_ref50_72h(norm)=0.82630;
kp_ser46(norm)=0.75880;
K_p53(norm)=0.68451;
upAsy(norm)=0.54877;
sness(norm)=0.41793;
k_apop(norm)=1.00000;
tED50(norm)=0.13940;
cell_pop_norm0_Jack_MGMT_P(norm)=0.18148;
k_dis(norm)=0.41129;

%%%%%%%%%

TMZout0_Ka_XTMZ=34.1592362625;
MGMT_P0=1.4286322144;
k_MGMT=65.8733394003;
k_addO=0.0105223273;
k_addN=0.2128330777;
DSB_72h_fac=1.1103628596;
k_DSBO=0.0002374036;
k_DSBN=0.0000298414;
k_CyA=1.8167198379;
fVX=0.0010354780;
kf_ATR_MGMT_P=0.0000095921;
k_ATR=0.0239341581;
K_add=0.0000820763;
kd_pATR=0.0030910240;
k_Chk1=583.5318567829;
C_Chk1=0.7333928772;
pChk1_ref12_5_24h=0.0084317840;
pChk1_ref100_24h=0.0091922367;
pChk1_ref100_48h=0.0112431899;
kd_pChk1=0.1007801072;
k_cdc25=158.3404836000;
K_cdc25=0.8215711239;
kf_p53=0.0005112102;
k_p53=33.1786372866;
K_ATR=0.0002527144;
p53ser46_ref50_72h=0.0006682879;
kp_ser46=4.4543291370;
K_p53=0.5760491145;
upAsy=0.2443049236;
sness=0.0036133621;
k_apop=0.0906739715;
tED50=255.3697809204;
cell_pop_norm0_Jack_MGMT_P=74.6810161099;
k_dis=0.0139912947;

%%%%%%%%%

cost=252.2134736064;

%%%%%%%%%

