TMZout0_Ka_XTMZ(norm)=0.81207;
MGMT_P0(norm)=0.75385;
k_MGMT(norm)=0.69835;
k_addO(norm)=0.56246;
k_addN(norm)=0.88908;
DSB_72h_fac(norm)=0.62597;
k_DSBO(norm)=0.75393;
k_DSBN(norm)=0.40880;
k_CyA(norm)=0.85943;
fVX(norm)=0.54416;
kf_ATR_MGMT_P(norm)=0.60135;
k_ATR(norm)=0.66780;
K_add(norm)=0.78834;
kd_pATR(norm)=0.11170;
k_Chk1(norm)=0.48586;
C_Chk1(norm)=0.61331;
pChk1_ref12_5_24h(norm)=0.78632;
pChk1_ref100_24h(norm)=0.79925;
pChk1_ref100_48h(norm)=0.81948;
kd_pChk1(norm)=0.33162;
k_cdc25(norm)=0.49065;
K_cdc25(norm)=0.58533;
kf_p53(norm)=0.64569;
k_p53(norm)=0.41241;
K_ATR(norm)=0.56075;
p53ser46_ref50_72h(norm)=0.65903;
kp_ser46(norm)=0.50417;
K_p53(norm)=0.69437;
upAsy(norm)=0.48371;
sness(norm)=0.38052;
k_apop(norm)=0.54488;
tED50(norm)=0.64563;
cell_pop_norm0_Jack_MGMT_P(norm)=0.16089;
k_dis(norm)=0.61105;

%%%%%%%%%

TMZout0_Ka_XTMZ=37.3531468689;
MGMT_P0=2.1452461251;
k_MGMT=51.6319254456;
k_addO=0.0108616285;
k_addN=0.1960667057;
DSB_72h_fac=1.0664241286;
k_DSBO=0.0003613214;
k_DSBN=0.0000317877;
k_CyA=2.5734210868;
fVX=0.0013620922;
kf_ATR_MGMT_P=0.0000110076;
k_ATR=0.0222942482;
K_add=0.0000832939;
kd_pATR=0.0025965130;
k_Chk1=441.5204132445;
C_Chk1=0.7619676191;
pChk1_ref12_5_24h=0.0090352318;
pChk1_ref100_24h=0.0091555977;
pChk1_ref100_48h=0.0105301559;
kd_pChk1=0.0658587838;
k_cdc25=222.6183829084;
K_cdc25=1.3489515310;
kf_p53=0.0007273794;
k_p53=32.0891447815;
K_ATR=0.0004063848;
p53ser46_ref50_72h=0.0005799754;
kp_ser46=3.5899287659;
K_p53=0.5808796965;
upAsy=0.2312009516;
sness=0.0035006226;
k_apop=0.0616607737;
tED50=392.1464865569;
cell_pop_norm0_Jack_MGMT_P=74.1344596410;
k_dis=0.0165715333;

%%%%%%%%%

cost=123.6460946278;

%%%%%%%%%

