TMZout0_Ka_XTMZ(norm)=0.47250;
MGMT_P0(norm)=0.60823;
k_MGMT(norm)=0.89976;
k_addO(norm)=0.56971;
k_addN(norm)=0.61202;
DSB_72h_fac(norm)=0.28847;
k_DSBO(norm)=0.61073;
k_DSBN(norm)=0.70600;
k_CyA(norm)=0.00010;
fVX(norm)=0.06693;
kf_ATR_MGMT_P(norm)=0.98811;
k_ATR(norm)=0.41884;
K_add(norm)=0.31883;
kd_pATR(norm)=0.39528;
k_Chk1(norm)=0.27381;
C_Chk1(norm)=0.80927;
pChk1_ref12_5_24h(norm)=0.38239;
pChk1_ref100_24h(norm)=0.56960;
pChk1_ref100_48h(norm)=0.64360;
kd_pChk1(norm)=0.00010;
k_cdc25(norm)=0.67770;
K_cdc25(norm)=1.00000;
kf_p53(norm)=0.56249;
k_p53(norm)=0.15183;
K_ATR(norm)=0.10274;
p53ser46_ref50_72h(norm)=0.14628;
kp_ser46(norm)=0.21049;
K_p53(norm)=0.00903;
upAsy(norm)=0.00010;
sness(norm)=0.66337;
k_apop(norm)=0.00010;
tED50(norm)=0.45529;
cell_pop_norm0_Jack_MGMT_P(norm)=0.01750;
k_dis(norm)=0.44618;

%%%%%%%%%

TMZout0_Ka_XTMZ=34.5518645735;
MGMT_P0=1.9595707071;
k_MGMT=61.2399597142;
k_addO=0.0109285589;
k_addN=0.1550434508;
DSB_72h_fac=0.8342112462;
k_DSBO=0.0003200377;
k_DSBN=0.0000408904;
k_CyA=1.2424989020;
fVX=0.0009090697;
kf_ATR_MGMT_P=0.0000152760;
k_ATR=0.0180543399;
K_add=0.0000559560;
kd_pATR=0.0033017231;
k_Chk1=368.9111793518;
C_Chk1=0.8995953072;
pChk1_ref12_5_24h=0.0064165415;
pChk1_ref100_24h=0.0075367349;
pChk1_ref100_48h=0.0090722340;
kd_pChk1=0.0497305343;
k_cdc25=260.8500380064;
K_cdc25=1.9168368689;
kf_p53=0.0006778681;
k_p53=25.7316900999;
K_ATR=0.0002756758;
p53ser46_ref50_72h=0.0003756032;
kp_ser46=2.7990997043;
K_p53=0.3250111469;
upAsy=0.1534735768;
sness=0.0044486514;
k_apop=0.0388635663;
tED50=333.7412257824;
cell_pop_norm0_Jack_MGMT_P=70.4382339813;
k_dis=0.0144110173;

%%%%%%%%%

cost=257.5376078216;

%%%%%%%%%

