TMZout0_Ka_XTMZ(norm)=0.59076;
MGMT_P0(norm)=0.78920;
k_MGMT(norm)=0.00010;
k_addO(norm)=0.45618;
k_addN(norm)=0.64265;
DSB_72h_fac(norm)=0.34041;
k_DSBO(norm)=0.56706;
k_DSBN(norm)=0.29325;
k_CyA(norm)=0.55841;
fVX(norm)=0.31087;
kf_ATR_MGMT_P(norm)=0.83995;
k_ATR(norm)=0.70838;
K_add(norm)=0.51426;
kd_pATR(norm)=0.64122;
k_Chk1(norm)=0.45645;
C_Chk1(norm)=0.71444;
pChk1_ref12_5_24h(norm)=0.66231;
pChk1_ref100_24h(norm)=0.74446;
pChk1_ref100_48h(norm)=0.68804;
kd_pChk1(norm)=0.61186;
k_cdc25(norm)=0.00010;
K_cdc25(norm)=0.86440;
kf_p53(norm)=0.18355;
k_p53(norm)=0.00010;
K_ATR(norm)=0.20461;
p53ser46_ref50_72h(norm)=0.48139;
kp_ser46(norm)=0.04393;
K_p53(norm)=0.28801;
upAsy(norm)=0.82043;
sness(norm)=0.97599;
k_apop(norm)=0.94287;
tED50(norm)=0.69089;
cell_pop_norm0_Jack_MGMT_P(norm)=0.37430;
k_dis(norm)=0.71059;

%%%%%%%%%

TMZout0_Ka_XTMZ=35.5027333451;
MGMT_P0=2.1929190886;
k_MGMT=28.5745592480;
k_addO=0.0099262812;
k_addN=0.1591195955;
DSB_72h_fac=0.8663430263;
k_DSBO=0.0003084102;
k_DSBN=0.0000288230;
k_CyA=1.9940736203;
fVX=0.0011177927;
kf_ATR_MGMT_P=0.0000134738;
k_ATR=0.0230742052;
K_add=0.0000660327;
kd_pATR=0.0040667004;
k_Chk1=430.6557792661;
C_Chk1=0.8301382528;
pChk1_ref12_5_24h=0.0081340307;
pChk1_ref100_24h=0.0087403144;
pChk1_ref100_48h=0.0094203452;
kd_pChk1=0.0835099010;
k_cdc25=146.9099469980;
K_cdc25=1.7087813993;
kf_p53=0.0004917011;
k_p53=22.6274627823;
K_ATR=0.0003005270;
p53ser46_ref50_72h=0.0004989333;
kp_ser46=2.4306868841;
K_p53=0.4116774963;
upAsy=0.3075371346;
sness=0.0057978358;
k_apop=0.0863893971;
tED50=407.4767961288;
cell_pop_norm0_Jack_MGMT_P=79.9976410488;
k_dis=0.0180299297;

%%%%%%%%%

cost=264.3562330914;

%%%%%%%%%

