TMZout0_Ka_XTMZ(norm)=0.16328;
MGMT_P0(norm)=0.68122;
k_MGMT(norm)=0.51313;
k_addO(norm)=0.34616;
k_addN(norm)=0.30372;
DSB_72h_fac(norm)=0.33607;
k_DSBO(norm)=0.55290;
k_DSBN(norm)=0.40849;
k_CyA(norm)=0.31827;
fVX(norm)=0.97792;
kf_ATR_MGMT_P(norm)=1.00000;
k_ATR(norm)=0.29627;
K_add(norm)=0.44867;
kd_pATR(norm)=0.20776;
k_Chk1(norm)=0.48538;
C_Chk1(norm)=0.12112;
pChk1_ref12_5_24h(norm)=0.27323;
pChk1_ref100_24h(norm)=0.53365;
pChk1_ref100_48h(norm)=0.99077;
kd_pChk1(norm)=0.58607;
k_cdc25(norm)=0.44863;
K_cdc25(norm)=0.64370;
kf_p53(norm)=0.72556;
k_p53(norm)=0.13337;
K_ATR(norm)=0.00010;
p53ser46_ref50_72h(norm)=0.51766;
kp_ser46(norm)=0.41850;
K_p53(norm)=0.13730;
upAsy(norm)=0.14868;
sness(norm)=0.32600;
k_apop(norm)=0.50910;
tED50(norm)=0.39157;
cell_pop_norm0_Jack_MGMT_P(norm)=0.31422;
k_dis(norm)=0.18295;

%%%%%%%%%

TMZout0_Ka_XTMZ=32.1840801510;
MGMT_P0=2.0505352851;
k_MGMT=44.1330106677;
k_addO=0.0090427650;
k_addN=0.1194007180;
DSB_72h_fac=0.8636118868;
k_DSBO=0.0003047325;
k_DSBN=0.0000317792;
k_CyA=1.6269520985;
fVX=0.0019670702;
kf_ATR_MGMT_P=0.0000154307;
k_ATR=0.0162734147;
K_add=0.0000624630;
kd_pATR=0.0028166871;
k_Chk1=441.3434246620;
C_Chk1=0.5021375639;
pChk1_ref12_5_24h=0.0058496903;
pChk1_ref100_24h=0.0073105902;
pChk1_ref100_48h=0.0121749059;
kd_pChk1=0.0817043324;
k_cdc25=214.8330934568;
K_cdc25=1.4173402076;
kf_p53=0.0007783077;
k_p53=25.3322828078;
K_ATR=0.0002527144;
p53ser46_ref50_72h=0.0005145040;
kp_ser46=3.3385797203;
K_p53=0.3623258206;
upAsy=0.1740636145;
sness=0.0033425958;
k_apop=0.0598195747;
tED50=316.2007128828;
cell_pop_norm0_Jack_MGMT_P=78.3017195458;
k_dis=0.0115301261;

%%%%%%%%%

cost=253.8750540838;

%%%%%%%%%

