TMZout0_Ka_XTMZ(norm)=0.25928;
MGMT_P0(norm)=1.00000;
k_MGMT(norm)=0.32638;
k_addO(norm)=0.58291;
k_addN(norm)=0.23753;
DSB_72h_fac(norm)=0.48789;
k_DSBO(norm)=0.88888;
k_DSBN(norm)=0.60055;
k_CyA(norm)=0.73214;
fVX(norm)=0.32166;
kf_ATR_MGMT_P(norm)=0.57204;
k_ATR(norm)=0.54054;
K_add(norm)=0.30187;
kd_pATR(norm)=0.61639;
k_Chk1(norm)=0.74988;
C_Chk1(norm)=0.26885;
pChk1_ref12_5_24h(norm)=0.62002;
pChk1_ref100_24h(norm)=0.62713;
pChk1_ref100_48h(norm)=0.55711;
kd_pChk1(norm)=1.00000;
k_cdc25(norm)=0.41195;
K_cdc25(norm)=0.61483;
kf_p53(norm)=0.34355;
k_p53(norm)=0.00010;
K_ATR(norm)=0.10805;
p53ser46_ref50_72h(norm)=0.81692;
kp_ser46(norm)=0.59315;
K_p53(norm)=0.88140;
upAsy(norm)=0.78314;
sness(norm)=0.75643;
k_apop(norm)=0.86911;
tED50(norm)=0.80121;
cell_pop_norm0_Jack_MGMT_P(norm)=0.64621;
k_dis(norm)=0.78885;

%%%%%%%%%

TMZout0_Ka_XTMZ=32.9012989836;
MGMT_P0=2.5000000000;
k_MGMT=37.6739996730;
k_addO=0.0110514746;
k_addN=0.1128881817;
DSB_72h_fac=0.9644820957;
k_DSBO=0.0004050901;
k_DSBN=0.0000373954;
k_CyA=2.3103064057;
fVX=0.0011280609;
kf_ATR_MGMT_P=0.0000107375;
k_ATR=0.0200153389;
K_add=0.0000551576;
kd_pATR=0.0039820343;
k_Chk1=552.2115050451;
C_Chk1=0.5690967528;
pChk1_ref12_5_24h=0.0078477098;
pChk1_ref100_24h=0.0079131786;
pChk1_ref100_48h=0.0084311735;
kd_pChk1=0.1160280820;
k_cdc25=208.2582692813;
K_cdc25=1.3830893837;
kf_p53=0.0005630932;
k_p53=22.6274627823;
K_ATR=0.0002769196;
p53ser46_ref50_72h=0.0006629985;
kp_ser46=3.8710615115;
K_p53=0.6806302208;
upAsy=0.2979702704;
sness=0.0048136392;
k_apop=0.0811558120;
tED50=447.4051341734;
cell_pop_norm0_Jack_MGMT_P=88.1449579043;
k_dis=0.0192659579;

%%%%%%%%%

cost=392.3598180109;

%%%%%%%%%

