TMZout0_Ka_XTMZ(norm)=0.78668;
MGMT_P0(norm)=0.94914;
k_MGMT(norm)=0.28135;
k_addO(norm)=0.48259;
k_addN(norm)=0.25892;
DSB_72h_fac(norm)=0.71787;
k_DSBO(norm)=0.69317;
k_DSBN(norm)=0.83489;
k_CyA(norm)=0.56617;
fVX(norm)=0.64878;
kf_ATR_MGMT_P(norm)=0.58522;
k_ATR(norm)=0.53040;
K_add(norm)=0.61139;
kd_pATR(norm)=0.51783;
k_Chk1(norm)=0.40151;
C_Chk1(norm)=0.59369;
pChk1_ref12_5_24h(norm)=0.17382;
pChk1_ref100_24h(norm)=0.17278;
pChk1_ref100_48h(norm)=0.24974;
kd_pChk1(norm)=0.86116;
k_cdc25(norm)=0.87482;
K_cdc25(norm)=0.57773;
kf_p53(norm)=0.49738;
k_p53(norm)=0.58264;
K_ATR(norm)=0.52183;
p53ser46_ref50_72h(norm)=0.53334;
kp_ser46(norm)=0.65327;
K_p53(norm)=0.79142;
upAsy(norm)=0.45595;
sness(norm)=0.40076;
k_apop(norm)=0.65408;
tED50(norm)=0.65500;
cell_pop_norm0_Jack_MGMT_P(norm)=0.16676;
k_dis(norm)=0.62089;

%%%%%%%%%

TMZout0_Ka_XTMZ=37.1360630467;
MGMT_P0=2.4221818011;
k_MGMT=36.2638059846;
k_addO=0.0101508342;
k_addN=0.1149527826;
DSB_72h_fac=1.1401775273;
k_DSBO=0.0003431914;
k_DSBN=0.0000456090;
k_CyA=2.0072233587;
fVX=0.0014883520;
kf_ATR_MGMT_P=0.0000108582;
k_ATR=0.0198441203;
K_add=0.0000716969;
kd_pATR=0.0036629887;
k_Chk1=411.0682065467;
C_Chk1=0.7494063011;
pChk1_ref12_5_24h=0.0053771346;
pChk1_ref100_24h=0.0053847116;
pChk1_ref100_48h=0.0064980870;
kd_pChk1=0.1031512639;
k_cdc25=308.2683751257;
K_cdc25=1.3402924440;
kf_p53=0.0006414834;
k_p53=37.0677297206;
K_ATR=0.0003931996;
p53ser46_ref50_72h=0.0005213886;
kp_ser46=4.0733616385;
K_p53=0.6306629842;
upAsy=0.2258271144;
sness=0.0035611773;
k_apop=0.0676383622;
tED50=395.2729944564;
cell_pop_norm0_Jack_MGMT_P=74.2899440675;
k_dis=0.0167102732;

%%%%%%%%%

cost=123.1647673580;

%%%%%%%%%

