TMZout0_Ka_XTMZ(norm)=0.65869;
MGMT_P0(norm)=0.71625;
k_MGMT(norm)=0.91570;
k_addO(norm)=0.45080;
k_addN(norm)=0.18396;
DSB_72h_fac(norm)=0.33877;
k_DSBO(norm)=0.57781;
k_DSBN(norm)=0.52384;
k_CyA(norm)=0.61736;
fVX(norm)=0.54882;
kf_ATR_MGMT_P(norm)=0.56061;
k_ATR(norm)=0.64225;
K_add(norm)=0.37828;
kd_pATR(norm)=0.76554;
k_Chk1(norm)=0.53654;
C_Chk1(norm)=0.50220;
pChk1_ref12_5_24h(norm)=0.32391;
pChk1_ref100_24h(norm)=0.34398;
pChk1_ref100_48h(norm)=0.22519;
kd_pChk1(norm)=0.00010;
k_cdc25(norm)=0.42848;
K_cdc25(norm)=0.15627;
kf_p53(norm)=0.74346;
k_p53(norm)=0.66492;
K_ATR(norm)=0.68642;
p53ser46_ref50_72h(norm)=0.89419;
kp_ser46(norm)=0.89452;
K_p53(norm)=0.45371;
upAsy(norm)=0.19435;
sness(norm)=0.08819;
k_apop(norm)=0.66335;
tED50(norm)=0.36631;
cell_pop_norm0_Jack_MGMT_P(norm)=0.05619;
k_dis(norm)=0.44550;

%%%%%%%%%

TMZout0_Ka_XTMZ=36.0608020450;
MGMT_P0=2.1421756385;
k_MGMT=55.3856081925;
k_addO=0.0097392713;
k_addN=0.0995124664;
DSB_72h_fac=0.8520594177;
k_DSBO=0.0003164535;
k_DSBN=0.0000393684;
k_CyA=2.1293613543;
fVX=0.0013322704;
kf_ATR_MGMT_P=0.0000106481;
k_ATR=0.0199611150;
K_add=0.0000608972;
kd_pATR=0.0037018355;
k_Chk1=417.8550487573;
C_Chk1=0.6945919629;
pChk1_ref12_5_24h=0.0056999247;
pChk1_ref100_24h=0.0058052425;
pChk1_ref100_48h=0.0061647037;
kd_pChk1=0.0478002655;
k_cdc25=259.0924934621;
K_cdc25=0.9313554116;
kf_p53=0.0007690544;
k_p53=32.1101476397;
K_ATR=0.0003753040;
p53ser46_ref50_72h=0.0007184187;
kp_ser46=5.5318212273;
K_p53=0.7396080952;
upAsy=0.1992208551;
sness=0.0025920421;
k_apop=0.0678593586;
tED50=340.2852016732;
cell_pop_norm0_Jack_MGMT_P=71.4170212894;
k_dis=0.0144423903;

%%%%%%%%%

cost=255.9902567972;

%%%%%%%%%

