TMZout0_Ka_XTMZ(norm)=0.90369;
MGMT_P0(norm)=1.00000;
k_MGMT(norm)=0.59689;
k_addO(norm)=0.65580;
k_addN(norm)=1.00000;
DSB_72h_fac(norm)=0.94283;
k_DSBO(norm)=0.66110;
k_DSBN(norm)=0.44490;
k_CyA(norm)=0.37867;
fVX(norm)=0.06556;
kf_ATR_MGMT_P(norm)=0.91316;
k_ATR(norm)=0.49060;
K_add(norm)=0.67970;
kd_pATR(norm)=0.62689;
k_Chk1(norm)=0.67195;
C_Chk1(norm)=0.53444;
pChk1_ref12_5_24h(norm)=0.33527;
pChk1_ref100_24h(norm)=0.70059;
pChk1_ref100_48h(norm)=0.61026;
kd_pChk1(norm)=0.88452;
k_cdc25(norm)=0.48540;
K_cdc25(norm)=0.59352;
kf_p53(norm)=0.27772;
k_p53(norm)=0.11153;
K_ATR(norm)=0.15809;
p53ser46_ref50_72h(norm)=0.60966;
kp_ser46(norm)=0.35197;
K_p53(norm)=0.41324;
upAsy(norm)=0.22671;
sness(norm)=0.45387;
k_apop(norm)=0.60870;
tED50(norm)=0.45878;
cell_pop_norm0_Jack_MGMT_P(norm)=0.50980;
k_dis(norm)=0.32379;

%%%%%%%%%

TMZout0_Ka_XTMZ=38.1471805955;
MGMT_P0=2.5000000000;
k_MGMT=47.3787583807;
k_addO=0.0117555274;
k_addN=0.2153875622;
DSB_72h_fac=1.3429513533;
k_DSBO=0.0003339919;
k_DSBN=0.0000327748;
k_CyA=1.7123828092;
fVX=0.0009080145;
kf_ATR_MGMT_P=0.0000143360;
k_ATR=0.0191862260;
K_add=0.0000759694;
kd_pATR=0.0040176199;
k_Chk1=516.9258029579;
C_Chk1=0.7127140295;
pChk1_ref12_5_24h=0.0061653827;
pChk1_ref100_24h=0.0084213619;
pChk1_ref100_48h=0.0088195349;
kd_pChk1=0.1052132086;
k_cdc25=221.6314723090;
K_cdc25=1.3583429242;
kf_p53=0.0005325422;
k_p53=24.8678778559;
K_ATR=0.0002889126;
p53ser46_ref50_72h=0.0005562148;
kp_ser46=3.1555737628;
K_p53=0.4577576667;
upAsy=0.1859603514;
sness=0.0037250967;
k_apop=0.0650866078;
tED50=334.7290915481;
cell_pop_norm0_Jack_MGMT_P=83.9590471577;
k_dis=0.0129915336;

%%%%%%%%%

cost=212.1363802630;

%%%%%%%%%

