TMZout0_Ka_XTMZ(norm)=0.96873;
MGMT_P0(norm)=0.49742;
k_MGMT(norm)=0.97129;
k_addO(norm)=0.05726;
k_addN(norm)=0.61575;
DSB_72h_fac(norm)=0.39171;
k_DSBO(norm)=1.00000;
k_DSBN(norm)=0.29685;
k_CyA(norm)=0.24955;
fVX(norm)=1.00000;
kf_ATR_MGMT_P(norm)=0.64657;
k_ATR(norm)=0.95761;
K_add(norm)=0.89079;
kd_pATR(norm)=0.58034;
k_Chk1(norm)=0.28387;
C_Chk1(norm)=0.00010;
pChk1_ref12_5_24h(norm)=0.09220;
pChk1_ref100_24h(norm)=0.40746;
pChk1_ref100_48h(norm)=1.00000;
kd_pChk1(norm)=0.32156;
k_cdc25(norm)=0.51933;
K_cdc25(norm)=0.32725;
kf_p53(norm)=1.00000;
k_p53(norm)=0.76513;
K_ATR(norm)=0.81595;
p53ser46_ref50_72h(norm)=0.58112;
kp_ser46(norm)=0.82447;
K_p53(norm)=0.00010;
upAsy(norm)=0.63482;
sness(norm)=0.31406;
k_apop(norm)=0.33716;
tED50(norm)=0.49185;
cell_pop_norm0_Jack_MGMT_P(norm)=0.00010;
k_dis(norm)=0.77955;

%%%%%%%%%

TMZout0_Ka_XTMZ=38.7210562873;
MGMT_P0=1.8291139388;
k_MGMT=65.0659212843;
k_addO=0.0070793218;
k_addN=0.1555340617;
DSB_72h_fac=0.8992890091;
k_DSBO=0.0004450842;
k_DSBN=0.0000289109;
k_CyA=1.5349263727;
fVX=0.0020042231;
kf_ATR_MGMT_P=0.0000114375;
k_ATR=0.0284995489;
K_add=0.0000908477;
kd_pATR=0.0038622443;
k_Chk1=372.0687616890;
C_Chk1=0.4532009724;
pChk1_ref12_5_24h=0.0050178649;
pChk1_ref100_24h=0.0065692590;
pChk1_ref100_48h=0.0122705020;
kd_pChk1=0.0653000092;
k_cdc25=228.0941374399;
K_cdc25=1.0840023134;
kf_p53=0.0009820586;
k_p53=43.2661932113;
K_ATR=0.0005044790;
p53ser46_ref50_72h=0.0005429285;
kp_ser46=4.7092258926;
K_p53=0.3225607171;
upAsy=0.2627817325;
sness=0.0033089583;
k_apop=0.0517096822;
tED50=344.2411568116;
cell_pop_norm0_Jack_MGMT_P=70.0024967691;
k_dis=0.0191147558;

%%%%%%%%%

cost=335.6672993567;

%%%%%%%%%

