TMZout0_Ka_XTMZ(norm)=0.16356;
MGMT_P0(norm)=0.45024;
k_MGMT(norm)=0.44652;
k_addO(norm)=0.67531;
k_addN(norm)=0.53728;
DSB_72h_fac(norm)=0.60714;
k_DSBO(norm)=0.32175;
k_DSBN(norm)=0.47769;
k_CyA(norm)=0.39007;
fVX(norm)=0.43781;
kf_ATR_MGMT_P(norm)=0.74796;
k_ATR(norm)=0.72449;
K_add(norm)=0.91599;
kd_pATR(norm)=0.01393;
k_Chk1(norm)=0.00010;
C_Chk1(norm)=0.31729;
pChk1_ref12_5_24h(norm)=0.35143;
pChk1_ref100_24h(norm)=0.51162;
pChk1_ref100_48h(norm)=0.62907;
kd_pChk1(norm)=0.40023;
k_cdc25(norm)=0.17625;
K_cdc25(norm)=0.42100;
kf_p53(norm)=0.58680;
k_p53(norm)=0.51674;
K_ATR(norm)=0.23977;
p53ser46_ref50_72h(norm)=0.77575;
kp_ser46(norm)=0.37915;
K_p53(norm)=0.79367;
upAsy(norm)=0.69118;
sness(norm)=0.55691;
k_apop(norm)=0.43205;
tED50(norm)=0.52777;
cell_pop_norm0_Jack_MGMT_P(norm)=0.04810;
k_dis(norm)=0.44791;

%%%%%%%%%

TMZout0_Ka_XTMZ=32.1861649650;
MGMT_P0=1.8533869537;
k_MGMT=37.2175805287;
k_addO=0.0117798153;
k_addN=0.1342420806;
DSB_72h_fac=1.0423122035;
k_DSBO=0.0002547336;
k_DSBN=0.0000378588;
k_CyA=1.7563632387;
fVX=0.0012126706;
kf_ATR_MGMT_P=0.0000124799;
k_ATR=0.0214016038;
K_add=0.0000960423;
kd_pATR=0.0019581278;
k_Chk1=265.2328093531;
C_Chk1=0.5938658186;
pChk1_ref12_5_24h=0.0058344042;
pChk1_ref100_24h=0.0066912724;
pChk1_ref100_48h=0.0086801721;
kd_pChk1=0.0670917102;
k_cdc25=209.2376936311;
K_cdc25=1.1655440703;
kf_p53=0.0006734556;
k_p53=28.3214432408;
K_ATR=0.0002570554;
p53ser46_ref50_72h=0.0006498235;
kp_ser46=3.5745778264;
K_p53=0.9865002785;
upAsy=0.3034979789;
sness=0.0038558530;
k_apop=0.0557822600;
tED50=390.1721867282;
cell_pop_norm0_Jack_MGMT_P=71.2113456521;
k_dis=0.0144718971;

%%%%%%%%%

cost=190.5913860172;

%%%%%%%%%

