TMZout0_Ka_XTMZ(norm)=0.90138;
MGMT_P0(norm)=0.07249;
k_MGMT(norm)=0.55741;
k_addO(norm)=0.52440;
k_addN(norm)=0.15158;
DSB_72h_fac(norm)=0.15157;
k_DSBO(norm)=0.91318;
k_DSBN(norm)=0.38195;
k_CyA(norm)=0.64939;
fVX(norm)=0.37733;
kf_ATR_MGMT_P(norm)=0.98014;
k_ATR(norm)=0.58643;
K_add(norm)=0.43411;
kd_pATR(norm)=0.08331;
k_Chk1(norm)=0.31829;
C_Chk1(norm)=0.23751;
pChk1_ref12_5_24h(norm)=0.19406;
pChk1_ref100_24h(norm)=0.35604;
pChk1_ref100_48h(norm)=1.00000;
kd_pChk1(norm)=0.62503;
k_cdc25(norm)=0.23034;
K_cdc25(norm)=0.02283;
kf_p53(norm)=0.37525;
k_p53(norm)=0.50421;
K_ATR(norm)=0.35484;
p53ser46_ref50_72h(norm)=0.58670;
kp_ser46(norm)=0.12274;
K_p53(norm)=0.21597;
upAsy(norm)=0.53159;
sness(norm)=0.25009;
k_apop(norm)=0.86281;
tED50(norm)=0.33455;
cell_pop_norm0_Jack_MGMT_P(norm)=0.48402;
k_dis(norm)=0.28415;

%%%%%%%%%

TMZout0_Ka_XTMZ=38.1269254442;
MGMT_P0=1.4044502066;
k_MGMT=45.8201833369;
k_addO=0.0105168918;
k_addN=0.1049597293;
DSB_72h_fac=0.7551149528;
k_DSBO=0.0004135187;
k_DSBN=0.0000310726;
k_CyA=2.1538758176;
fVX=0.0011825450;
kf_ATR_MGMT_P=0.0000151732;
k_ATR=0.0208089118;
K_add=0.0000616974;
kd_pATR=0.0025347995;
k_Chk1=383.0799717756;
C_Chk1=0.5541795122;
pChk1_ref12_5_24h=0.0054701339;
pChk1_ref100_24h=0.0062892438;
pChk1_ref100_48h=0.0122705020;
kd_pChk1=0.0844469785;
k_cdc25=178.5562630452;
K_cdc25=0.8375444786;
kf_p53=0.0005784183;
k_p53=34.6846216804;
K_ATR=0.0003413221;
p53ser46_ref50_72h=0.0005455000;
kp_ser46=2.5985410325;
K_p53=0.3873001720;
upAsy=0.2407735585;
sness=0.0031343919;
k_apop=0.0807234772;
tED50=301.2853026238;
cell_pop_norm0_Jack_MGMT_P=83.1905320376;
k_dis=0.0125623577;

%%%%%%%%%

cost=312.1706238033;

%%%%%%%%%

