TMZout0_Ka_XTMZ(norm)=0.81354;
MGMT_P0(norm)=0.54453;
k_MGMT(norm)=0.08291;
k_addO(norm)=0.37807;
k_addN(norm)=0.18081;
DSB_72h_fac(norm)=0.53827;
k_DSBO(norm)=0.17852;
k_DSBN(norm)=0.67433;
k_CyA(norm)=0.35764;
fVX(norm)=0.57669;
kf_ATR_MGMT_P(norm)=0.52955;
k_ATR(norm)=0.84668;
K_add(norm)=0.74467;
kd_pATR(norm)=0.14970;
k_Chk1(norm)=0.65248;
C_Chk1(norm)=0.44575;
pChk1_ref12_5_24h(norm)=0.20396;
pChk1_ref100_24h(norm)=0.34240;
pChk1_ref100_48h(norm)=0.20546;
kd_pChk1(norm)=0.49628;
k_cdc25(norm)=0.29775;
K_cdc25(norm)=0.61754;
kf_p53(norm)=0.45183;
k_p53(norm)=1.00000;
K_ATR(norm)=0.47299;
p53ser46_ref50_72h(norm)=0.77887;
kp_ser46(norm)=0.52990;
K_p53(norm)=0.94076;
upAsy(norm)=0.57146;
sness(norm)=0.39520;
k_apop(norm)=0.59916;
tED50(norm)=0.49471;
cell_pop_norm0_Jack_MGMT_P(norm)=0.70933;
k_dis(norm)=0.44545;

%%%%%%%%%

TMZout0_Ka_XTMZ=37.3657942123;
MGMT_P0=1.8834821664;
k_MGMT=30.6515428912;
k_addO=0.0092905670;
k_addN=0.1075910270;
DSB_72h_fac=1.0004935097;
k_DSBO=0.0002219006;
k_DSBN=0.0000398078;
k_CyA=1.6821367117;
fVX=0.0014001570;
kf_ATR_MGMT_P=0.0000103579;
k_ATR=0.0259428312;
K_add=0.0000802683;
kd_pATR=0.0026814707;
k_Chk1=508.4678143972;
C_Chk1=0.6611179370;
pChk1_ref12_5_24h=0.0055162340;
pChk1_ref100_24h=0.0062169699;
pChk1_ref100_48h=0.0062588092;
kd_pChk1=0.0757189781;
k_cdc25=189.0507483591;
K_cdc25=1.3862785050;
kf_p53=0.0006171988;
k_p53=52.7929398346;
K_ATR=0.0003772614;
p53ser46_ref50_72h=0.0006419613;
kp_ser46=3.6690498652;
K_p53=0.7157378341;
upAsy=0.2490459826;
sness=0.0035444413;
k_apop=0.0645629495;
tED50=345.0767273581;
cell_pop_norm0_Jack_MGMT_P=90.1518433405;
k_dis=0.0144021499;

%%%%%%%%%

cost=292.6963724118;

%%%%%%%%%

