TMZout0_Ka_XTMZ(norm)=0.25166;
MGMT_P0(norm)=0.91697;
k_MGMT(norm)=0.38239;
k_addO(norm)=0.57868;
k_addN(norm)=0.40689;
DSB_72h_fac(norm)=0.64322;
k_DSBO(norm)=0.48021;
k_DSBN(norm)=0.58195;
k_CyA(norm)=0.84345;
fVX(norm)=0.32905;
kf_ATR_MGMT_P(norm)=0.59231;
k_ATR(norm)=0.49474;
K_add(norm)=0.61213;
kd_pATR(norm)=0.50018;
k_Chk1(norm)=0.66220;
C_Chk1(norm)=0.61796;
pChk1_ref12_5_24h(norm)=0.49256;
pChk1_ref100_24h(norm)=0.49289;
pChk1_ref100_48h(norm)=0.49083;
kd_pChk1(norm)=0.71042;
k_cdc25(norm)=0.28650;
K_cdc25(norm)=0.58914;
kf_p53(norm)=0.55342;
k_p53(norm)=0.44482;
K_ATR(norm)=0.41221;
p53ser46_ref50_72h(norm)=0.57055;
kp_ser46(norm)=0.74572;
K_p53(norm)=0.31438;
upAsy(norm)=0.49042;
sness(norm)=0.42537;
k_apop(norm)=0.53596;
tED50(norm)=0.69285;
cell_pop_norm0_Jack_MGMT_P(norm)=0.16846;
k_dis(norm)=0.59804;

%%%%%%%%%

TMZout0_Ka_XTMZ=32.8437472901;
MGMT_P0=2.3742214281;
k_MGMT=39.5051245341;
k_addO=0.0110118664;
k_addN=0.1303076214;
DSB_72h_fac=1.0798961828;
k_DSBO=0.0002865311;
k_DSBN=0.0000368105;
k_CyA=2.5388037781;
fVX=0.0011351509;
kf_ATR_MGMT_P=0.0000109236;
k_ATR=0.0192536005;
K_add=0.0000717419;
kd_pATR=0.0036086286;
k_Chk1=512.6721816191;
C_Chk1=0.7649802587;
pChk1_ref12_5_24h=0.0070443392;
pChk1_ref100_24h=0.0070624583;
pChk1_ref100_48h=0.0079707854;
kd_pChk1=0.0907827944;
k_cdc25=187.2573372570;
K_cdc25=1.3533132236;
kf_p53=0.0006726741;
k_p53=32.9824357198;
K_ATR=0.0003583259;
p53ser46_ref50_72h=0.0005380855;
kp_ser46=4.4052509510;
K_p53=0.4209764228;
upAsy=0.2325190771;
sness=0.0036362117;
k_apop=0.0611963637;
tED50=408.1569336652;
cell_pop_norm0_Jack_MGMT_P=74.3348962926;
k_dis=0.0163899637;

%%%%%%%%%

cost=123.4270489808;

%%%%%%%%%

