TMZout0_Ka_XTMZ(norm)=0.12683;
MGMT_P0(norm)=0.77545;
k_MGMT(norm)=0.83546;
k_addO(norm)=0.54979;
k_addN(norm)=0.22366;
DSB_72h_fac(norm)=0.68671;
k_DSBO(norm)=0.67092;
k_DSBN(norm)=0.78813;
k_CyA(norm)=0.69976;
fVX(norm)=0.97401;
kf_ATR_MGMT_P(norm)=0.61223;
k_ATR(norm)=0.50578;
K_add(norm)=0.65471;
kd_pATR(norm)=0.51666;
k_Chk1(norm)=0.77190;
C_Chk1(norm)=0.62527;
pChk1_ref12_5_24h(norm)=0.48287;
pChk1_ref100_24h(norm)=0.48499;
pChk1_ref100_48h(norm)=0.46428;
kd_pChk1(norm)=0.81769;
k_cdc25(norm)=0.23148;
K_cdc25(norm)=0.61026;
kf_p53(norm)=0.43157;
k_p53(norm)=0.67892;
K_ATR(norm)=0.56209;
p53ser46_ref50_72h(norm)=0.40993;
kp_ser46(norm)=0.60169;
K_p53(norm)=0.39845;
upAsy(norm)=0.28271;
sness(norm)=0.57442;
k_apop(norm)=0.50279;
tED50(norm)=0.58699;
cell_pop_norm0_Jack_MGMT_P(norm)=0.13565;
k_dis(norm)=0.60018;

%%%%%%%%%

TMZout0_Ka_XTMZ=31.9159275364;
MGMT_P0=2.2123363063;
k_MGMT=51.7450779105;
k_addO=0.0105913835;
k_addN=0.1029165450;
DSB_72h_fac=1.1064929814;
k_DSBO=0.0003424303;
k_DSBN=0.0000492492;
k_CyA=2.2833403521;
fVX=0.0019100834;
kf_ATR_MGMT_P=0.0000111241;
k_ATR=0.0177813753;
K_add=0.0000769695;
kd_pATR=0.0029980222;
k_Chk1=510.0719872326;
C_Chk1=0.7709314466;
pChk1_ref12_5_24h=0.0065217457;
pChk1_ref100_24h=0.0065419718;
pChk1_ref100_48h=0.0075490359;
kd_pChk1=0.0955618482;
k_cdc25=219.2630255345;
K_cdc25=1.3682758578;
kf_p53=0.0005904574;
k_p53=32.4933539112;
K_ATR=0.0003377781;
p53ser46_ref50_72h=0.0004766305;
kp_ser46=4.3163185498;
K_p53=0.7057762023;
upAsy=0.2147070504;
sness=0.0039134964;
k_apop=0.0592280669;
tED50=410.2508505842;
cell_pop_norm0_Jack_MGMT_P=73.4701551890;
k_dis=0.0164647535;

%%%%%%%%%

cost=123.4279691237;

%%%%%%%%%

