TMZout0_Ka_XTMZ(norm)=0.14363;
MGMT_P0(norm)=0.17975;
k_MGMT(norm)=0.42116;
k_addO(norm)=0.28611;
k_addN(norm)=0.83187;
DSB_72h_fac(norm)=0.60441;
k_DSBO(norm)=0.57337;
k_DSBN(norm)=0.31432;
k_CyA(norm)=0.52489;
fVX(norm)=0.42825;
kf_ATR_MGMT_P(norm)=0.54461;
k_ATR(norm)=0.99296;
K_add(norm)=0.65269;
kd_pATR(norm)=0.47823;
k_Chk1(norm)=0.26345;
C_Chk1(norm)=0.28473;
pChk1_ref12_5_24h(norm)=0.51104;
pChk1_ref100_24h(norm)=0.70830;
pChk1_ref100_48h(norm)=0.67907;
kd_pChk1(norm)=0.65426;
k_cdc25(norm)=0.57444;
K_cdc25(norm)=0.28720;
kf_p53(norm)=0.64473;
k_p53(norm)=0.26303;
K_ATR(norm)=0.49581;
p53ser46_ref50_72h(norm)=0.79392;
kp_ser46(norm)=0.57249;
K_p53(norm)=0.87007;
upAsy(norm)=0.21266;
sness(norm)=0.46789;
k_apop(norm)=0.13824;
tED50(norm)=0.82728;
cell_pop_norm0_Jack_MGMT_P(norm)=0.22126;
k_dis(norm)=0.56111;

%%%%%%%%%

TMZout0_Ka_XTMZ=32.0392349502;
MGMT_P0=1.5013048744;
k_MGMT=40.8244045070;
k_addO=0.0085941555;
k_addN=0.1867892937;
DSB_72h_fac=1.0498274938;
k_DSBO=0.0003100652;
k_DSBN=0.0000293421;
k_CyA=1.9382358580;
fVX=0.0012346820;
kf_ATR_MGMT_P=0.0000104909;
k_ATR=0.0293660658;
K_add=0.0000742505;
kd_pATR=0.0035421443;
k_Chk1=365.6880947630;
C_Chk1=0.5768022476;
pChk1_ref12_5_24h=0.0071555096;
pChk1_ref100_24h=0.0084766014;
pChk1_ref100_48h=0.0093490499;
kd_pChk1=0.0865639675;
k_cdc25=238.9982815767;
K_cdc25=1.0478327526;
kf_p53=0.0007267885;
k_p53=28.2740601903;
K_ATR=0.0003846277;
p53ser46_ref50_72h=0.0006502008;
kp_ser46=3.8038630060;
K_p53=0.6741260645;
upAsy=0.1837595610;
sness=0.0037696193;
k_apop=0.0436892942;
tED50=457.3975784449;
cell_pop_norm0_Jack_MGMT_P=75.7481658199;
k_dis=0.0158850285;

%%%%%%%%%

cost=282.6910780457;

%%%%%%%%%

