TMZout0_Ka_XTMZ(norm)=0.28530;
MGMT_P0(norm)=0.51167;
k_MGMT(norm)=0.34046;
k_addO(norm)=0.78158;
k_addN(norm)=0.48431;
DSB_72h_fac(norm)=0.29751;
k_DSBO(norm)=0.37886;
k_DSBN(norm)=0.51920;
k_CyA(norm)=0.57121;
fVX(norm)=0.77201;
kf_ATR_MGMT_P(norm)=0.68319;
k_ATR(norm)=0.46694;
K_add(norm)=0.67595;
kd_pATR(norm)=0.46251;
k_Chk1(norm)=0.70553;
C_Chk1(norm)=0.65623;
pChk1_ref12_5_24h(norm)=0.00010;
pChk1_ref100_24h(norm)=0.43388;
pChk1_ref100_48h(norm)=0.20211;
kd_pChk1(norm)=0.50249;
k_cdc25(norm)=0.69122;
K_cdc25(norm)=0.67509;
kf_p53(norm)=0.51934;
k_p53(norm)=0.61226;
K_ATR(norm)=0.57120;
p53ser46_ref50_72h(norm)=0.00010;
kp_ser46(norm)=0.38765;
K_p53(norm)=0.30514;
upAsy(norm)=0.25397;
sness(norm)=0.55443;
k_apop(norm)=0.52279;
tED50(norm)=0.67587;
cell_pop_norm0_Jack_MGMT_P(norm)=0.00010;
k_dis(norm)=0.30828;

%%%%%%%%%

TMZout0_Ka_XTMZ=33.0984008953;
MGMT_P0=1.8995906212;
k_MGMT=32.9866946815;
k_addO=0.0122614993;
k_addN=0.1130531103;
DSB_72h_fac=0.8234879795;
k_DSBO=0.0002717379;
k_DSBN=0.0000374482;
k_CyA=2.4211254864;
fVX=0.0016663093;
kf_ATR_MGMT_P=0.0000118115;
k_ATR=0.0238571787;
K_add=0.0000876861;
kd_pATR=0.0024531229;
k_Chk1=371.5152543461;
C_Chk1=0.7983429834;
pChk1_ref12_5_24h=0.0051900075;
pChk1_ref100_24h=0.0075120208;
pChk1_ref100_48h=0.0076191492;
kd_pChk1=0.0588081421;
k_cdc25=252.9067194822;
K_cdc25=1.5017414884;
kf_p53=0.0005451122;
k_p53=33.4466182931;
K_ATR=0.0004568298;
p53ser46_ref50_72h=0.0002923290;
kp_ser46=2.8009221337;
K_p53=0.5088208158;
upAsy=0.1485556916;
sness=0.0036629531;
k_apop=0.0551120331;
tED50=409.4845053241;
cell_pop_norm0_Jack_MGMT_P=70.0024967691;
k_dis=0.0127623979;

%%%%%%%%%

cost=217.6510786900;

%%%%%%%%%

