TMZout0_Ka_XTMZ(norm)=0.31176;
MGMT_P0(norm)=0.73320;
k_MGMT(norm)=0.80751;
k_addO(norm)=0.58046;
k_addN(norm)=0.39678;
DSB_72h_fac(norm)=0.67272;
k_DSBO(norm)=0.41879;
k_DSBN(norm)=0.56513;
k_CyA(norm)=0.83028;
fVX(norm)=0.79175;
kf_ATR_MGMT_P(norm)=0.58058;
k_ATR(norm)=0.40473;
K_add(norm)=0.54356;
kd_pATR(norm)=0.63430;
k_Chk1(norm)=0.54115;
C_Chk1(norm)=0.57634;
pChk1_ref12_5_24h(norm)=0.47546;
pChk1_ref100_24h(norm)=0.47647;
pChk1_ref100_48h(norm)=0.52499;
kd_pChk1(norm)=0.52374;
k_cdc25(norm)=0.24986;
K_cdc25(norm)=0.54468;
kf_p53(norm)=0.56417;
k_p53(norm)=0.61559;
K_ATR(norm)=0.40947;
p53ser46_ref50_72h(norm)=0.58554;
kp_ser46(norm)=0.71121;
K_p53(norm)=0.86574;
upAsy(norm)=0.31346;
sness(norm)=0.62980;
k_apop(norm)=0.67578;
tED50(norm)=0.32051;
cell_pop_norm0_Jack_MGMT_P(norm)=0.14643;
k_dis(norm)=0.61308;

%%%%%%%%%

TMZout0_Ka_XTMZ=33.3000822443;
MGMT_P0=2.1620427100;
k_MGMT=50.5343368102;
k_addO=0.0108702035;
k_addN=0.1191761750;
DSB_72h_fac=1.0949281653;
k_DSBO=0.0002765628;
k_DSBN=0.0000407700;
k_CyA=2.5503553294;
fVX=0.0016367687;
kf_ATR_MGMT_P=0.0000108297;
k_ATR=0.0163222708;
K_add=0.0000700517;
kd_pATR=0.0033122562;
k_Chk1=419.4907056582;
C_Chk1=0.7396272713;
pChk1_ref12_5_24h=0.0064809130;
pChk1_ref100_24h=0.0064949482;
pChk1_ref100_48h=0.0079475114;
kd_pChk1=0.0744934887;
k_cdc25=222.7045825478;
K_cdc25=1.2943226848;
kf_p53=0.0006606620;
k_p53=30.7957051174;
K_ATR=0.0002968046;
p53ser46_ref50_72h=0.0005531003;
kp_ser46=4.7360193017;
K_p53=1.0486193324;
upAsy=0.2203760774;
sness=0.0041014816;
k_apop=0.0685776672;
tED50=327.3338010441;
cell_pop_norm0_Jack_MGMT_P=73.7530929492;
k_dis=0.0166457036;

%%%%%%%%%

cost=124.1707922083;

%%%%%%%%%

