TMZout0_Ka_XTMZ(norm)=0.71599;
MGMT_P0(norm)=0.08494;
k_MGMT(norm)=1.00000;
k_addO(norm)=0.53460;
k_addN(norm)=0.39427;
DSB_72h_fac(norm)=0.42007;
k_DSBO(norm)=0.31891;
k_DSBN(norm)=0.61596;
k_CyA(norm)=0.50679;
fVX(norm)=0.62748;
kf_ATR_MGMT_P(norm)=0.55740;
k_ATR(norm)=0.69742;
K_add(norm)=0.86282;
kd_pATR(norm)=0.52841;
k_Chk1(norm)=0.23598;
C_Chk1(norm)=0.34235;
pChk1_ref12_5_24h(norm)=0.00010;
pChk1_ref100_24h(norm)=0.64175;
pChk1_ref100_48h(norm)=0.78043;
kd_pChk1(norm)=0.81127;
k_cdc25(norm)=0.62077;
K_cdc25(norm)=0.65809;
kf_p53(norm)=0.69010;
k_p53(norm)=0.90231;
K_ATR(norm)=0.68282;
p53ser46_ref50_72h(norm)=0.29910;
kp_ser46(norm)=0.62671;
K_p53(norm)=0.39955;
upAsy(norm)=0.16616;
sness(norm)=0.35697;
k_apop(norm)=0.43596;
tED50(norm)=0.76406;
cell_pop_norm0_Jack_MGMT_P(norm)=0.45243;
k_dis(norm)=0.00010;

%%%%%%%%%

TMZout0_Ka_XTMZ=36.5382288403;
MGMT_P0=1.4942588991;
k_MGMT=57.6809463461;
k_addO=0.0099462550;
k_addN=0.1047490235;
DSB_72h_fac=0.9033750090;
k_DSBO=0.0002582797;
k_DSBN=0.0000406480;
k_CyA=2.2925197302;
fVX=0.0014742509;
kf_ATR_MGMT_P=0.0000106174;
k_ATR=0.0290022129;
K_add=0.0001027300;
kd_pATR=0.0025939987;
k_Chk1=249.5711205629;
C_Chk1=0.6119107452;
pChk1_ref12_5_24h=0.0051900075;
pChk1_ref100_24h=0.0089587847;
pChk1_ref100_48h=0.0124369531;
kd_pChk1=0.0763942984;
k_cdc25=238.2520532648;
K_cdc25=1.4802646243;
kf_p53=0.0006299736;
k_p53=42.7644569270;
K_ATR=0.0005021421;
p53ser46_ref50_72h=0.0003766156;
kp_ser46=3.4298065329;
K_p53=0.5511926282;
upAsy=0.1379038780;
sness=0.0030986384;
k_apop=0.0512029716;
tED50=441.2560496553;
cell_pop_norm0_Jack_MGMT_P=82.2583528973;
k_dis=0.0098294178;

%%%%%%%%%

cost=365.0147934870;

%%%%%%%%%

