TMZout0_Ka_XTMZ(norm)=0.36900;
MGMT_P0(norm)=0.62524;
k_MGMT(norm)=0.81810;
k_addO(norm)=0.18849;
k_addN(norm)=0.43881;
DSB_72h_fac(norm)=0.15982;
k_DSBO(norm)=0.81996;
k_DSBN(norm)=0.59593;
k_CyA(norm)=0.03608;
fVX(norm)=0.79925;
kf_ATR_MGMT_P(norm)=1.00000;
k_ATR(norm)=0.80595;
K_add(norm)=0.41569;
kd_pATR(norm)=0.49990;
k_Chk1(norm)=0.82293;
C_Chk1(norm)=0.48535;
pChk1_ref12_5_24h(norm)=0.30894;
pChk1_ref100_24h(norm)=0.50844;
pChk1_ref100_48h(norm)=0.59431;
kd_pChk1(norm)=0.45149;
k_cdc25(norm)=0.58423;
K_cdc25(norm)=0.75544;
kf_p53(norm)=0.79762;
k_p53(norm)=0.43287;
K_ATR(norm)=0.43563;
p53ser46_ref50_72h(norm)=0.64213;
kp_ser46(norm)=0.00010;
K_p53(norm)=0.08540;
upAsy(norm)=0.38842;
sness(norm)=0.46808;
k_apop(norm)=0.35497;
tED50(norm)=0.65498;
cell_pop_norm0_Jack_MGMT_P(norm)=0.30585;
k_dis(norm)=0.55014;

%%%%%%%%%

TMZout0_Ka_XTMZ=33.7405257179;
MGMT_P0=1.9803970902;
k_MGMT=57.1456738846;
k_addO=0.0079119114;
k_addN=0.1338797870;
DSB_72h_fac=0.7596625936;
k_DSBO=0.0003821125;
k_DSBN=0.0000372492;
k_CyA=1.2809644911;
fVX=0.0016907363;
kf_ATR_MGMT_P=0.0000154307;
k_ATR=0.0250628403;
K_add=0.0000607417;
kd_pATR=0.0036077717;
k_Chk1=587.4703581001;
C_Chk1=0.6836780690;
pChk1_ref12_5_24h=0.0060293583;
pChk1_ref100_24h=0.0071560785;
pChk1_ref100_48h=0.0087011711;
kd_pChk1=0.0728991472;
k_cdc25=240.9881548346;
K_cdc25=1.5580896549;
kf_p53=0.0008273089;
k_p53=32.6502433178;
K_ATR=0.0003655072;
p53ser46_ref50_72h=0.0005717329;
kp_ser46=2.3420713618;
K_p53=0.3467366823;
upAsy=0.2132681378;
sness=0.0037702319;
k_apop=0.0524960649;
tED50=395.2680190200;
cell_pop_norm0_Jack_MGMT_P=78.0683751830;
k_dis=0.0157380917;

%%%%%%%%%

cost=193.4733968555;

%%%%%%%%%

