TMZout0_Ka_XTMZ(norm)=0.63352;
MGMT_P0(norm)=0.19012;
k_MGMT(norm)=0.49353;
k_addO(norm)=0.63120;
k_addN(norm)=0.32566;
DSB_72h_fac(norm)=0.47973;
k_DSBO(norm)=0.31510;
k_DSBN(norm)=0.77312;
k_CyA(norm)=0.43840;
fVX(norm)=0.50562;
kf_ATR_MGMT_P(norm)=0.63154;
k_ATR(norm)=0.83241;
K_add(norm)=0.52516;
kd_pATR(norm)=0.46521;
k_Chk1(norm)=0.58414;
C_Chk1(norm)=0.88537;
pChk1_ref12_5_24h(norm)=0.43049;
pChk1_ref100_24h(norm)=0.49457;
pChk1_ref100_48h(norm)=0.72033;
kd_pChk1(norm)=0.62488;
k_cdc25(norm)=0.45022;
K_cdc25(norm)=0.42726;
kf_p53(norm)=0.61374;
k_p53(norm)=0.65548;
K_ATR(norm)=0.72967;
p53ser46_ref50_72h(norm)=0.65418;
kp_ser46(norm)=0.67211;
K_p53(norm)=0.12450;
upAsy(norm)=0.90012;
sness(norm)=0.47963;
k_apop(norm)=1.00000;
tED50(norm)=0.35234;
cell_pop_norm0_Jack_MGMT_P(norm)=0.63761;
k_dis(norm)=0.43685;

%%%%%%%%%

TMZout0_Ka_XTMZ=35.8529855370;
MGMT_P0=1.5110105921;
k_MGMT=43.4062019766;
k_addO=0.0115129595;
k_addN=0.1216404347;
DSB_72h_fac=0.9587722633;
k_DSBO=0.0002491229;
k_DSBN=0.0000432832;
k_CyA=1.8012773731;
fVX=0.0013183302;
kf_ATR_MGMT_P=0.0000112927;
k_ATR=0.0256309648;
K_add=0.0000666454;
kd_pATR=0.0035032779;
k_Chk1=479.8618547816;
C_Chk1=0.9595078046;
pChk1_ref12_5_24h=0.0066834326;
pChk1_ref100_24h=0.0070724952;
pChk1_ref100_48h=0.0096816897;
kd_pChk1=0.0844357508;
k_cdc25=215.1213524096;
K_cdc25=1.1798554259;
kf_p53=0.0007079529;
k_p53=39.4276414027;
K_ATR=0.0004689151;
p53ser46_ref50_72h=0.0005776012;
kp_ser46=4.1388828864;
K_p53=0.3584149051;
upAsy=0.3290173833;
sness=0.0038073046;
k_apop=0.0906739715;
tED50=305.8615752643;
cell_pop_norm0_Jack_MGMT_P=87.8748567785;
k_dis=0.0142976073;

%%%%%%%%%

cost=229.6695551846;

%%%%%%%%%

