TMZout0_Ka_XTMZ(norm)=0.20027;
MGMT_P0(norm)=0.88922;
k_MGMT(norm)=0.58932;
k_addO(norm)=0.63727;
k_addN(norm)=0.92498;
DSB_72h_fac(norm)=0.69445;
k_DSBO(norm)=0.84691;
k_DSBN(norm)=0.50069;
k_CyA(norm)=0.16594;
fVX(norm)=0.57482;
kf_ATR_MGMT_P(norm)=0.60681;
k_ATR(norm)=0.38994;
K_add(norm)=0.63692;
kd_pATR(norm)=0.45004;
k_Chk1(norm)=0.68665;
C_Chk1(norm)=0.60221;
pChk1_ref12_5_24h(norm)=0.82910;
pChk1_ref100_24h(norm)=0.83113;
pChk1_ref100_48h(norm)=0.86977;
kd_pChk1(norm)=0.26867;
k_cdc25(norm)=0.17773;
K_cdc25(norm)=0.64478;
kf_p53(norm)=0.49319;
k_p53(norm)=0.20871;
K_ATR(norm)=0.19330;
p53ser46_ref50_72h(norm)=0.51370;
kp_ser46(norm)=0.74412;
K_p53(norm)=0.86931;
upAsy(norm)=0.43535;
sness(norm)=0.90951;
k_apop(norm)=0.68374;
tED50(norm)=0.28804;
cell_pop_norm0_Jack_MGMT_P(norm)=0.15915;
k_dis(norm)=0.59903;

%%%%%%%%%

TMZout0_Ka_XTMZ=32.4585783499;
MGMT_P0=2.3336082468;
k_MGMT=47.0760220995;
k_addO=0.0115723152;
k_addN=0.2021231336;
DSB_72h_fac=1.1209129513;
k_DSBO=0.0003909397;
k_DSBN=0.0000343613;
k_CyA=1.4299455660;
fVX=0.0013979463;
kf_ATR_MGMT_P=0.0000110586;
k_ATR=0.0176176066;
K_add=0.0000732648;
kd_pATR=0.0034585445;
k_Chk1=523.4037533630;
C_Chk1=0.7548392809;
pChk1_ref12_5_24h=0.0093687345;
pChk1_ref100_24h=0.0094062657;
pChk1_ref100_48h=0.0109885455;
kd_pChk1=0.0624379886;
k_cdc25=170.7717895714;
K_cdc25=1.4186388182;
kf_p53=0.0006392076;
k_p53=27.0021258847;
K_ATR=0.0002976620;
p53ser46_ref50_72h=0.0005127806;
kp_ser46=4.3992944810;
K_p53=0.6736908631;
upAsy=0.2219187090;
sness=0.0054802898;
k_apop=0.0693593409;
tED50=289.6442455114;
cell_pop_norm0_Jack_MGMT_P=74.0885619822;
k_dis=0.0164036343;

%%%%%%%%%

cost=124.5322778427;

%%%%%%%%%

