TMZout0_Ka_XTMZ(norm)=0.21307;
MGMT_P0(norm)=0.92207;
k_MGMT(norm)=0.57703;
k_addO(norm)=0.63066;
k_addN(norm)=0.87425;
DSB_72h_fac(norm)=0.66486;
k_DSBO(norm)=0.50923;
k_DSBN(norm)=0.24320;
k_CyA(norm)=0.75977;
fVX(norm)=0.62365;
kf_ATR_MGMT_P(norm)=0.58655;
k_ATR(norm)=0.42844;
K_add(norm)=0.55782;
kd_pATR(norm)=0.52177;
k_Chk1(norm)=0.48532;
C_Chk1(norm)=0.57295;
pChk1_ref12_5_24h(norm)=0.56196;
pChk1_ref100_24h(norm)=0.56112;
pChk1_ref100_48h(norm)=0.57984;
kd_pChk1(norm)=0.48934;
k_cdc25(norm)=0.28847;
K_cdc25(norm)=0.64542;
kf_p53(norm)=0.32735;
k_p53(norm)=0.65908;
K_ATR(norm)=0.47774;
p53ser46_ref50_72h(norm)=0.37993;
kp_ser46(norm)=0.73099;
K_p53(norm)=0.33725;
upAsy(norm)=0.21288;
sness(norm)=0.50838;
k_apop(norm)=0.63558;
tED50(norm)=0.51360;
cell_pop_norm0_Jack_MGMT_P(norm)=0.14496;
k_dis(norm)=0.61859;

%%%%%%%%%

TMZout0_Ka_XTMZ=32.5540656078;
MGMT_P0=2.3961648442;
k_MGMT=41.5693878480;
k_addO=0.0113425243;
k_addN=0.1786019140;
DSB_72h_fac=1.0884882436;
k_DSBO=0.0002985907;
k_DSBN=0.0000310369;
k_CyA=2.4024557206;
fVX=0.0014194810;
kf_ATR_MGMT_P=0.0000108846;
k_ATR=0.0166536082;
K_add=0.0000709028;
kd_pATR=0.0030110148;
k_Chk1=400.1073607113;
C_Chk1=0.7375070774;
pChk1_ref12_5_24h=0.0069737530;
pChk1_ref100_24h=0.0069778702;
pChk1_ref100_48h=0.0083256071;
kd_pChk1=0.0723536860;
k_cdc25=230.1095215526;
K_cdc25=1.4096542495;
kf_p53=0.0005405490;
k_p53=31.9515435246;
K_ATR=0.0003144807;
p53ser46_ref50_72h=0.0004646675;
kp_ser46=4.8160750012;
K_p53=0.6701063547;
upAsy=0.2023723505;
sness=0.0037005124;
k_apop=0.0662808907;
tED50=385.5171665152;
cell_pop_norm0_Jack_MGMT_P=73.7144165154;
k_dis=0.0167236301;

%%%%%%%%%

cost=123.5247858396;

%%%%%%%%%

