TMZout0_Ka_XTMZ(norm)=0.40283;
MGMT_P0(norm)=0.66214;
k_MGMT(norm)=0.00010;
k_addO(norm)=0.70313;
k_addN(norm)=0.67806;
DSB_72h_fac(norm)=0.44055;
k_DSBO(norm)=0.60724;
k_DSBN(norm)=0.31193;
k_CyA(norm)=0.77570;
fVX(norm)=0.61334;
kf_ATR_MGMT_P(norm)=0.91713;
k_ATR(norm)=0.40221;
K_add(norm)=0.05401;
kd_pATR(norm)=0.00010;
k_Chk1(norm)=0.00010;
C_Chk1(norm)=0.54791;
pChk1_ref12_5_24h(norm)=0.00010;
pChk1_ref100_24h(norm)=0.13088;
pChk1_ref100_48h(norm)=0.00010;
kd_pChk1(norm)=0.58550;
k_cdc25(norm)=0.61610;
K_cdc25(norm)=0.12082;
kf_p53(norm)=0.35217;
k_p53(norm)=0.20195;
K_ATR(norm)=0.04733;
p53ser46_ref50_72h(norm)=1.00000;
kp_ser46(norm)=0.83954;
K_p53(norm)=0.58957;
upAsy(norm)=0.49927;
sness(norm)=0.40869;
k_apop(norm)=0.76645;
tED50(norm)=0.29882;
cell_pop_norm0_Jack_MGMT_P(norm)=0.00010;
k_dis(norm)=0.29116;

%%%%%%%%%

TMZout0_Ka_XTMZ=34.0035776310;
MGMT_P0=2.0263583746;
k_MGMT=28.5745592480;
k_addO=0.0122365279;
k_addN=0.1639661297;
DSB_72h_fac=0.9318250452;
k_DSBO=0.0003190911;
k_DSBN=0.0000292827;
k_CyA=2.3971673994;
fVX=0.0014443276;
kf_ATR_MGMT_P=0.0000143843;
k_ATR=0.0178017322;
K_add=0.0000447091;
kd_pATR=0.0023622425;
k_Chk1=292.5525408855;
C_Chk1=0.7208968513;
pChk1_ref12_5_24h=0.0046411643;
pChk1_ref100_24h=0.0051968777;
pChk1_ref100_48h=0.0052592322;
kd_pChk1=0.0816653828;
k_cdc25=247.5849665349;
K_cdc25=0.9100517943;
kf_p53=0.0005672209;
k_p53=26.8480313538;
K_ATR=0.0002630326;
p53ser46_ref50_72h=0.0007742483;
kp_ser46=4.7697233198;
K_p53=0.5315229553;
upAsy=0.2342698604;
sness=0.0035851847;
k_apop=0.0743947098;
tED50=292.3030467968;
cell_pop_norm0_Jack_MGMT_P=70.0024967691;
k_dis=0.0126372565;

%%%%%%%%%

cost=1186.5880467944;

%%%%%%%%%

