TMZout0_Ka_XTMZ(norm)=0.24973;
MGMT_P0(norm)=0.63356;
k_MGMT(norm)=0.75861;
k_addO(norm)=0.80905;
k_addN(norm)=0.42740;
DSB_72h_fac(norm)=0.06059;
k_DSBO(norm)=0.50303;
k_DSBN(norm)=0.25738;
k_CyA(norm)=0.42514;
fVX(norm)=0.17651;
kf_ATR_MGMT_P(norm)=0.83511;
k_ATR(norm)=0.67970;
K_add(norm)=0.36764;
kd_pATR(norm)=0.55561;
k_Chk1(norm)=0.07859;
C_Chk1(norm)=0.59498;
pChk1_ref12_5_24h(norm)=0.40853;
pChk1_ref100_24h(norm)=0.68191;
pChk1_ref100_48h(norm)=0.51606;
kd_pChk1(norm)=0.00010;
k_cdc25(norm)=0.20167;
K_cdc25(norm)=0.74288;
kf_p53(norm)=0.62908;
k_p53(norm)=0.45194;
K_ATR(norm)=0.45888;
p53ser46_ref50_72h(norm)=0.50430;
kp_ser46(norm)=0.29484;
K_p53(norm)=0.80934;
upAsy(norm)=0.17396;
sness(norm)=0.38976;
k_apop(norm)=0.57073;
tED50(norm)=0.39610;
cell_pop_norm0_Jack_MGMT_P(norm)=0.79222;
k_dis(norm)=0.50266;

%%%%%%%%%

TMZout0_Ka_XTMZ=32.8292325574;
MGMT_P0=2.0343828186;
k_MGMT=47.0118957865;
k_addO=0.0125501821;
k_addN=0.1077313449;
DSB_72h_fac=0.6885425841;
k_DSBO=0.0003018867;
k_DSBN=0.0000299978;
k_CyA=2.1392675521;
fVX=0.0010060622;
kf_ATR_MGMT_P=0.0000134341;
k_ATR=0.0285700663;
K_add=0.0000675274;
kd_pATR=0.0026544661;
k_Chk1=218.4115441501;
C_Chk1=0.7579639938;
pChk1_ref12_5_24h=0.0073359942;
pChk1_ref100_24h=0.0092688649;
pChk1_ref100_48h=0.0099410272;
kd_pChk1=0.0384210352;
k_cdc25=167.0394392436;
K_cdc25=1.5905339165;
kf_p53=0.0005982330;
k_p53=29.1982889531;
K_ATR=0.0004153581;
p53ser46_ref50_72h=0.0004481308;
kp_ser46=2.5891013710;
K_p53=0.7800052729;
upAsy=0.1388177665;
sness=0.0031859110;
k_apop=0.0573970727;
tED50=323.0640133522;
cell_pop_norm0_Jack_MGMT_P=92.8570220218;
k_dis=0.0150473346;

%%%%%%%%%

cost=215.5007281163;

%%%%%%%%%

