TMZout0_Ka_XTMZ(norm)=0.33190;
MGMT_P0(norm)=0.08691;
k_MGMT(norm)=0.59506;
k_addO(norm)=0.40056;
k_addN(norm)=0.45761;
DSB_72h_fac(norm)=0.42217;
k_DSBO(norm)=0.78609;
k_DSBN(norm)=0.13400;
k_CyA(norm)=0.17018;
fVX(norm)=0.48860;
kf_ATR_MGMT_P(norm)=0.67170;
k_ATR(norm)=0.55390;
K_add(norm)=0.27666;
kd_pATR(norm)=0.71567;
k_Chk1(norm)=0.45678;
C_Chk1(norm)=0.76917;
pChk1_ref12_5_24h(norm)=0.43620;
pChk1_ref100_24h(norm)=0.40656;
pChk1_ref100_48h(norm)=0.56329;
kd_pChk1(norm)=0.37404;
k_cdc25(norm)=0.20287;
K_cdc25(norm)=0.86812;
kf_p53(norm)=0.58638;
k_p53(norm)=0.85412;
K_ATR(norm)=0.24093;
p53ser46_ref50_72h(norm)=0.65927;
kp_ser46(norm)=0.03090;
K_p53(norm)=1.00000;
upAsy(norm)=0.89356;
sness(norm)=0.47448;
k_apop(norm)=0.60786;
tED50(norm)=0.00010;
cell_pop_norm0_Jack_MGMT_P(norm)=0.00010;
k_dis(norm)=0.03691;

%%%%%%%%%

TMZout0_Ka_XTMZ=33.4544256438;
MGMT_P0=1.5207860037;
k_MGMT=42.2092525779;
k_addO=0.0093333604;
k_addN=0.1254791935;
DSB_72h_fac=0.9071308889;
k_DSBO=0.0003775329;
k_DSBN=0.0000282941;
k_CyA=1.4578025591;
fVX=0.0012660039;
kf_ATR_MGMT_P=0.0000116990;
k_ATR=0.0185214505;
K_add=0.0000558733;
kd_pATR=0.0035486656;
k_Chk1=390.5482082824;
C_Chk1=0.8708990742;
pChk1_ref12_5_24h=0.0062688623;
pChk1_ref100_24h=0.0061214099;
pChk1_ref100_48h=0.0082096753;
kd_pChk1=0.0656191851;
k_cdc25=214.0107393645;
K_cdc25=1.7023889412;
kf_p53=0.0006732126;
k_p53=37.6931994747;
K_ATR=0.0002573080;
p53ser46_ref50_72h=0.0005887529;
kp_ser46=2.6611862147;
K_p53=1.1749573564;
upAsy=0.3602701316;
sness=0.0035957460;
k_apop=0.0647422791;
tED50=249.5099207946;
cell_pop_norm0_Jack_MGMT_P=70.0024967691;
k_dis=0.0102161641;

%%%%%%%%%

cost=100000.0000000000;

%%%%%%%%%

