TMZout0_Ka_XTMZ(norm)=0.52090;
MGMT_P0(norm)=1.00000;
k_MGMT(norm)=0.43758;
k_addO(norm)=0.74357;
k_addN(norm)=0.65711;
DSB_72h_fac(norm)=0.03043;
k_DSBO(norm)=0.41796;
k_DSBN(norm)=0.30639;
k_CyA(norm)=0.55115;
fVX(norm)=0.29405;
kf_ATR_MGMT_P(norm)=0.88050;
k_ATR(norm)=0.42693;
K_add(norm)=0.60175;
kd_pATR(norm)=1.00000;
k_Chk1(norm)=0.41471;
C_Chk1(norm)=0.44760;
pChk1_ref12_5_24h(norm)=0.39129;
pChk1_ref100_24h(norm)=0.51263;
pChk1_ref100_48h(norm)=0.50038;
kd_pChk1(norm)=0.59514;
k_cdc25(norm)=1.00000;
K_cdc25(norm)=0.43923;
kf_p53(norm)=1.00000;
k_p53(norm)=0.32267;
K_ATR(norm)=0.38165;
p53ser46_ref50_72h(norm)=0.77010;
kp_ser46(norm)=0.70247;
K_p53(norm)=0.81767;
upAsy(norm)=0.39990;
sness(norm)=0.27348;
k_apop(norm)=0.57258;
tED50(norm)=0.66701;
cell_pop_norm0_Jack_MGMT_P(norm)=0.56010;
k_dis(norm)=0.48798;

%%%%%%%%%

TMZout0_Ka_XTMZ=34.9379018665;
MGMT_P0=2.5000000000;
k_MGMT=35.8158644392;
k_addO=0.0118728818;
k_addN=0.1308790193;
DSB_72h_fac=0.6730300746;
k_DSBO=0.0002808925;
k_DSBN=0.0000312696;
k_CyA=2.3803088217;
fVX=0.0011114120;
kf_ATR_MGMT_P=0.0000139608;
k_ATR=0.0230621147;
K_add=0.0000823432;
kd_pATR=0.0038681418;
k_Chk1=290.3760189816;
C_Chk1=0.6689830935;
pChk1_ref12_5_24h=0.0072296543;
pChk1_ref100_24h=0.0080303759;
pChk1_ref100_48h=0.0098098602;
kd_pChk1=0.0636108381;
k_cdc25=328.5382759798;
K_cdc25=1.2297154712;
kf_p53=0.0008191420;
k_p53=26.1692400325;
K_ATR=0.0003890489;
p53ser46_ref50_72h=0.0005613239;
kp_ser46=3.6571907886;
K_p53=0.7855335504;
upAsy=0.1681072144;
sness=0.0028869896;
k_apop=0.0574869853;
tED50=406.4237588971;
cell_pop_norm0_Jack_MGMT_P=85.4787654049;
k_dis=0.0148612441;

%%%%%%%%%

cost=253.3115662616;

%%%%%%%%%

