TMZout0_Ka_XTMZ(norm)=0.27673;
MGMT_P0(norm)=0.76012;
k_MGMT(norm)=0.72351;
k_addO(norm)=0.62231;
k_addN(norm)=0.96106;
DSB_72h_fac(norm)=0.85019;
k_DSBO(norm)=0.63965;
k_DSBN(norm)=0.33693;
k_CyA(norm)=0.34335;
fVX(norm)=0.52831;
kf_ATR_MGMT_P(norm)=0.62036;
k_ATR(norm)=0.93814;
K_add(norm)=0.61495;
kd_pATR(norm)=0.96950;
k_Chk1(norm)=0.18490;
C_Chk1(norm)=0.57703;
pChk1_ref12_5_24h(norm)=0.69975;
pChk1_ref100_24h(norm)=0.70556;
pChk1_ref100_48h(norm)=0.80516;
kd_pChk1(norm)=0.26008;
k_cdc25(norm)=0.57135;
K_cdc25(norm)=0.58163;
kf_p53(norm)=0.36430;
k_p53(norm)=0.54997;
K_ATR(norm)=0.75814;
p53ser46_ref50_72h(norm)=0.39719;
kp_ser46(norm)=0.48111;
K_p53(norm)=0.89240;
upAsy(norm)=0.34325;
sness(norm)=0.42019;
k_apop(norm)=0.51633;
tED50(norm)=0.73309;
cell_pop_norm0_Jack_MGMT_P(norm)=0.15998;
k_dis(norm)=0.58955;

%%%%%%%%%

TMZout0_Ka_XTMZ=33.0333679210;
MGMT_P0=2.1536289715;
k_MGMT=52.7446052814;
k_addO=0.0114266382;
k_addN=0.2083965669;
DSB_72h_fac=1.2554083116;
k_DSBO=0.0003279747;
k_DSBN=0.0000299096;
k_CyA=1.6618928321;
fVX=0.0013439270;
kf_ATR_MGMT_P=0.0000111863;
k_ATR=0.0280330930;
K_add=0.0000719138;
kd_pATR=0.0053708339;
k_Chk1=342.1416827457;
C_Chk1=0.7389015524;
pChk1_ref12_5_24h=0.0083962115;
pChk1_ref100_24h=0.0084569475;
pChk1_ref100_48h=0.0104031438;
kd_pChk1=0.0619853743;
k_cdc25=238.3735039190;
K_cdc25=1.3447260577;
kf_p53=0.0005730780;
k_p53=36.0558975417;
K_ATR=0.0004803640;
p53ser46_ref50_72h=0.0004645777;
kp_ser46=3.5204565431;
K_p53=0.6870017838;
upAsy=0.2052596886;
sness=0.0036203141;
k_apop=0.0601873168;
tED50=422.3126952801;
cell_pop_norm0_Jack_MGMT_P=74.1104397622;
k_dis=0.0162724336;

%%%%%%%%%

cost=123.3264854034;

%%%%%%%%%

