TMZout0_Ka_XTMZ(norm)=0.69426;
MGMT_P0(norm)=0.86641;
k_MGMT(norm)=0.75444;
k_addO(norm)=0.52218;
k_addN(norm)=0.20788;
DSB_72h_fac(norm)=0.78123;
k_DSBO(norm)=0.72724;
k_DSBN(norm)=0.88740;
k_CyA(norm)=0.38845;
fVX(norm)=0.48912;
kf_ATR_MGMT_P(norm)=0.61333;
k_ATR(norm)=0.50977;
K_add(norm)=0.62825;
kd_pATR(norm)=0.62639;
k_Chk1(norm)=0.35043;
C_Chk1(norm)=0.59669;
pChk1_ref12_5_24h(norm)=0.21564;
pChk1_ref100_24h(norm)=0.21540;
pChk1_ref100_48h(norm)=0.31252;
kd_pChk1(norm)=0.74669;
k_cdc25(norm)=0.31416;
K_cdc25(norm)=0.61263;
kf_p53(norm)=0.62887;
k_p53(norm)=0.58590;
K_ATR(norm)=0.48669;
p53ser46_ref50_72h(norm)=0.67664;
kp_ser46(norm)=0.69727;
K_p53(norm)=0.70092;
upAsy(norm)=0.40452;
sness(norm)=0.34376;
k_apop(norm)=0.46028;
tED50(norm)=0.64953;
cell_pop_norm0_Jack_MGMT_P(norm)=0.15115;
k_dis(norm)=0.59563;

%%%%%%%%%

TMZout0_Ka_XTMZ=36.3564116192;
MGMT_P0=2.3246511642;
k_MGMT=48.3123338699;
k_addO=0.0103464399;
k_addN=0.1015499068;
DSB_72h_fac=1.1878900602;
k_DSBO=0.0003591666;
k_DSBN=0.0000535709;
k_CyA=1.7539413722;
fVX=0.0012665560;
kf_ATR_MGMT_P=0.0000111345;
k_ATR=0.0178416607;
K_add=0.0000752627;
kd_pATR=0.0032901166;
k_Chk1=356.8959070390;
C_Chk1=0.7524866968;
pChk1_ref12_5_24h=0.0052002829;
pChk1_ref100_24h=0.0052060522;
pChk1_ref100_48h=0.0066381694;
kd_pChk1=0.0899828071;
k_cdc25=235.1734649392;
K_cdc25=1.3710237584;
kf_p53=0.0006978908;
k_p53=30.0305908710;
K_ATR=0.0003168747;
p53ser46_ref50_72h=0.0005974817;
kp_ser46=4.6804091489;
K_p53=0.9119445912;
upAsy=0.2380518551;
sness=0.0032187382;
k_apop=0.0571323341;
tED50=432.5755122620;
cell_pop_norm0_Jack_MGMT_P=73.8774937533;
k_dis=0.0164015250;

%%%%%%%%%

cost=124.3999851019;

%%%%%%%%%

