TMZout0_Ka_XTMZ(norm)=0.26719;
MGMT_P0(norm)=0.90608;
k_MGMT(norm)=0.63458;
k_addO(norm)=0.63679;
k_addN(norm)=0.92587;
DSB_72h_fac(norm)=0.72013;
k_DSBO(norm)=0.66202;
k_DSBN(norm)=0.22039;
k_CyA(norm)=0.70972;
fVX(norm)=0.87544;
kf_ATR_MGMT_P(norm)=0.61872;
k_ATR(norm)=0.80518;
K_add(norm)=0.75222;
kd_pATR(norm)=0.28397;
k_Chk1(norm)=0.06196;
C_Chk1(norm)=0.59976;
pChk1_ref12_5_24h(norm)=0.45459;
pChk1_ref100_24h(norm)=0.45504;
pChk1_ref100_48h(norm)=0.58972;
kd_pChk1(norm)=0.46915;
k_cdc25(norm)=0.88879;
K_cdc25(norm)=0.50891;
kf_p53(norm)=0.85260;
k_p53(norm)=0.50418;
K_ATR(norm)=0.71965;
p53ser46_ref50_72h(norm)=0.90658;
kp_ser46(norm)=0.47648;
K_p53(norm)=0.79857;
upAsy(norm)=0.93239;
sness(norm)=0.85179;
k_apop(norm)=0.52577;
tED50(norm)=0.46842;
cell_pop_norm0_Jack_MGMT_P(norm)=0.13511;
k_dis(norm)=0.57753;

%%%%%%%%%

TMZout0_Ka_XTMZ=32.9610893011;
MGMT_P0=2.3582075908;
k_MGMT=48.9163795584;
k_addO=0.0115676174;
k_addN=0.2022746379;
DSB_72h_fac=1.1420487109;
k_DSBO=0.0003342528;
k_DSBN=0.0000270973;
k_CyA=2.2668384774;
fVX=0.0018034706;
kf_ATR_MGMT_P=0.0000111708;
k_ATR=0.0250463726;
K_add=0.0000807837;
kd_pATR=0.0030045643;
k_Chk1=308.2952328091;
C_Chk1=0.7532737593;
pChk1_ref12_5_24h=0.0068213133;
pChk1_ref100_24h=0.0068395169;
pChk1_ref100_48h=0.0086673751;
kd_pChk1=0.0739981625;
k_cdc25=311.9394331617;
K_cdc25=1.2643716473;
kf_p53=0.0008667594;
k_p53=34.6836622217;
K_ATR=0.0004649516;
p53ser46_ref50_72h=0.0007153271;
kp_ser46=3.5066913930;
K_p53=0.6344963666;
upAsy=0.3381395880;
sness=0.0052187146;
k_apop=0.0606705000;
tED50=337.4740670070;
cell_pop_norm0_Jack_MGMT_P=73.4558179798;
k_dis=0.0161075036;

%%%%%%%%%

cost=124.0087473577;

%%%%%%%%%

