TMZout0_Ka_XTMZ(norm)=0.16041;
MGMT_P0(norm)=0.56659;
k_MGMT(norm)=0.08191;
k_addO(norm)=0.36300;
k_addN(norm)=0.83900;
DSB_72h_fac(norm)=0.29697;
k_DSBO(norm)=0.48497;
k_DSBN(norm)=0.34088;
k_CyA(norm)=0.60741;
fVX(norm)=0.33777;
kf_ATR_MGMT_P(norm)=0.98231;
k_ATR(norm)=0.27802;
K_add(norm)=0.47355;
kd_pATR(norm)=0.76051;
k_Chk1(norm)=1.00000;
C_Chk1(norm)=0.58202;
pChk1_ref12_5_24h(norm)=0.22101;
pChk1_ref100_24h(norm)=0.39730;
pChk1_ref100_48h(norm)=0.34507;
kd_pChk1(norm)=0.28088;
k_cdc25(norm)=0.76734;
K_cdc25(norm)=0.35895;
kf_p53(norm)=0.53772;
k_p53(norm)=0.77541;
K_ATR(norm)=0.26024;
p53ser46_ref50_72h(norm)=0.35290;
kp_ser46(norm)=0.74634;
K_p53(norm)=0.37369;
upAsy(norm)=0.31636;
sness(norm)=0.91075;
k_apop(norm)=0.78610;
tED50(norm)=0.37366;
cell_pop_norm0_Jack_MGMT_P(norm)=0.61266;
k_dis(norm)=0.27475;

%%%%%%%%%

TMZout0_Ka_XTMZ=32.1628588682;
MGMT_P0=1.9254276048;
k_MGMT=25.6189682878;
k_addO=0.0084336919;
k_addN=0.1420383833;
DSB_72h_fac=0.8207141581;
k_DSBO=0.0002976531;
k_DSBN=0.0000332675;
k_CyA=2.3873080822;
fVX=0.0010306119;
kf_ATR_MGMT_P=0.0000149752;
k_ATR=0.0189790729;
K_add=0.0000680479;
kd_pATR=0.0039237900;
k_Chk1=573.9700930324;
C_Chk1=0.7569399689;
pChk1_ref12_5_24h=0.0056969506;
pChk1_ref100_24h=0.0066255867;
pChk1_ref100_48h=0.0073897736;
kd_pChk1=0.0588323237;
k_cdc25=297.1367378520;
K_cdc25=1.0885433461;
kf_p53=0.0005674859;
k_p53=43.2523041118;
K_ATR=0.0003576452;
p53ser46_ref50_72h=0.0003851139;
kp_ser46=3.8592155158;
K_p53=0.5151707344;
upAsy=0.1982590710;
sness=0.0050205222;
k_apop=0.0782961477;
tED50=364.9769963146;
cell_pop_norm0_Jack_MGMT_P=87.0963600082;
k_dis=0.0125545170;

%%%%%%%%%

cost=354.9827841695;

%%%%%%%%%

