TMZout0_Ka_XTMZ(norm)=0.39593;
MGMT_P0(norm)=0.88775;
k_MGMT(norm)=0.56102;
k_addO(norm)=0.61204;
k_addN(norm)=0.87640;
DSB_72h_fac(norm)=0.68574;
k_DSBO(norm)=0.71367;
k_DSBN(norm)=0.51882;
k_CyA(norm)=0.69194;
fVX(norm)=0.29100;
kf_ATR_MGMT_P(norm)=0.59080;
k_ATR(norm)=0.54723;
K_add(norm)=0.68947;
kd_pATR(norm)=0.29329;
k_Chk1(norm)=0.50283;
C_Chk1(norm)=0.64092;
pChk1_ref12_5_24h(norm)=0.34898;
pChk1_ref100_24h(norm)=0.35957;
pChk1_ref100_48h(norm)=0.33634;
kd_pChk1(norm)=0.86564;
k_cdc25(norm)=0.83862;
K_cdc25(norm)=0.64074;
kf_p53(norm)=0.46421;
k_p53(norm)=0.40241;
K_ATR(norm)=0.45385;
p53ser46_ref50_72h(norm)=0.51652;
kp_ser46(norm)=0.64061;
K_p53(norm)=0.26151;
upAsy(norm)=0.47740;
sness(norm)=0.47815;
k_apop(norm)=0.64420;
tED50(norm)=0.64345;
cell_pop_norm0_Jack_MGMT_P(norm)=0.16833;
k_dis(norm)=0.62257;

%%%%%%%%%

TMZout0_Ka_XTMZ=33.9497564855;
MGMT_P0=2.3314834953;
k_MGMT=45.9605494372;
k_addO=0.0113276404;
k_addN=0.1939726139;
DSB_72h_fac=1.1138268443;
k_DSBO=0.0003492030;
k_DSBN=0.0000348935;
k_CyA=2.2329429195;
fVX=0.0010991326;
kf_ATR_MGMT_P=0.0000109096;
k_ATR=0.0201292698;
K_add=0.0000766005;
kd_pATR=0.0030283917;
k_Chk1=447.9164932516;
C_Chk1=0.7800028528;
pChk1_ref12_5_24h=0.0062374304;
pChk1_ref100_24h=0.0063080425;
pChk1_ref100_48h=0.0069928142;
kd_pChk1=0.1035435475;
k_cdc25=298.9559027556;
K_cdc25=1.4137944273;
kf_p53=0.0006237064;
k_p53=31.8182921390;
K_ATR=0.0003711924;
p53ser46_ref50_72h=0.0005140078;
kp_ser46=4.0298771006;
K_p53=0.4025368715;
upAsy=0.2299678824;
sness=0.0038025365;
k_apop=0.0670742761;
tED50=391.4254496634;
cell_pop_norm0_Jack_MGMT_P=74.3315301230;
k_dis=0.0167341105;

%%%%%%%%%

cost=123.7026092339;

%%%%%%%%%

