TMZout0_Ka_XTMZ(norm)=0.86831;
MGMT_P0(norm)=0.83848;
k_MGMT(norm)=0.65530;
k_addO(norm)=0.52314;
k_addN(norm)=0.60757;
DSB_72h_fac(norm)=0.78721;
k_DSBO(norm)=0.76879;
k_DSBN(norm)=0.52045;
k_CyA(norm)=0.47719;
fVX(norm)=0.81608;
kf_ATR_MGMT_P(norm)=0.59092;
k_ATR(norm)=0.50969;
K_add(norm)=0.65853;
kd_pATR(norm)=0.53146;
k_Chk1(norm)=0.44454;
C_Chk1(norm)=0.59575;
pChk1_ref12_5_24h(norm)=0.45275;
pChk1_ref100_24h(norm)=0.45124;
pChk1_ref100_48h(norm)=0.47856;
kd_pChk1(norm)=0.61374;
k_cdc25(norm)=0.69891;
K_cdc25(norm)=0.65620;
kf_p53(norm)=0.29791;
k_p53(norm)=0.44037;
K_ATR(norm)=0.38847;
p53ser46_ref50_72h(norm)=0.36513;
kp_ser46(norm)=0.67148;
K_p53(norm)=0.68034;
upAsy(norm)=0.23019;
sness(norm)=0.25606;
k_apop(norm)=0.63109;
tED50(norm)=0.74618;
cell_pop_norm0_Jack_MGMT_P(norm)=0.15216;
k_dis(norm)=0.62233;

%%%%%%%%%

TMZout0_Ka_XTMZ=37.8385503574;
MGMT_P0=2.2895632989;
k_MGMT=44.4195617694;
k_addO=0.0103548604;
k_addN=0.1424797079;
DSB_72h_fac=1.1932418223;
k_DSBO=0.0003720377;
k_DSBN=0.0000392556;
k_CyA=1.8909173034;
fVX=0.0016708553;
kf_ATR_MGMT_P=0.0000109251;
k_ATR=0.0178404793;
K_add=0.0000772189;
kd_pATR=0.0030358600;
k_Chk1=386.5190885443;
C_Chk1=0.7518901033;
pChk1_ref12_5_24h=0.0063573791;
pChk1_ref100_24h=0.0063575468;
pChk1_ref100_48h=0.0076408958;
kd_pChk1=0.0803960979;
k_cdc25=325.8115968288;
K_cdc25=1.4225892867;
kf_p53=0.0005272351;
k_p53=26.5467915488;
K_ATR=0.0002915710;
p53ser46_ref50_72h=0.0004588794;
kp_ser46=4.5792660562;
K_p53=0.8961813489;
upAsy=0.2053636638;
sness=0.0029882402;
k_apop=0.0660292246;
tED50=469.4931448394;
cell_pop_norm0_Jack_MGMT_P=73.9039522759;
k_dis=0.0167767801;

%%%%%%%%%

cost=124.2397803254;

%%%%%%%%%

