TMZout0_Ka_XTMZ(norm)=0.52255;
MGMT_P0(norm)=0.97553;
k_MGMT(norm)=0.26763;
k_addO(norm)=0.60657;
k_addN(norm)=0.94285;
DSB_72h_fac(norm)=0.78804;
k_DSBO(norm)=0.72507;
k_DSBN(norm)=0.39755;
k_CyA(norm)=0.39830;
fVX(norm)=0.56999;
kf_ATR_MGMT_P(norm)=0.60427;
k_ATR(norm)=0.49566;
K_add(norm)=0.62242;
kd_pATR(norm)=0.67580;
k_Chk1(norm)=0.71798;
C_Chk1(norm)=0.60908;
pChk1_ref12_5_24h(norm)=0.37836;
pChk1_ref100_24h(norm)=0.38176;
pChk1_ref100_48h(norm)=0.41262;
kd_pChk1(norm)=0.84980;
k_cdc25(norm)=0.45511;
K_cdc25(norm)=0.65647;
kf_p53(norm)=0.60721;
k_p53(norm)=0.50271;
K_ATR(norm)=0.42936;
p53ser46_ref50_72h(norm)=0.62993;
kp_ser46(norm)=0.72102;
K_p53(norm)=0.19093;
upAsy(norm)=0.36828;
sness(norm)=0.55058;
k_apop(norm)=0.54775;
tED50(norm)=0.42489;
cell_pop_norm0_Jack_MGMT_P(norm)=0.16581;
k_dis(norm)=0.59797;

%%%%%%%%%

TMZout0_Ka_XTMZ=34.9511772358;
MGMT_P0=2.4622516638;
k_MGMT=35.8446416523;
k_addO=0.0112752068;
k_addN=0.2052065859;
DSB_72h_fac=1.1998988798;
k_DSBO=0.0003525943;
k_DSBN=0.0000314860;
k_CyA=1.7411063272;
fVX=0.0013922352;
kf_ATR_MGMT_P=0.0000110349;
k_ATR=0.0192686325;
K_add=0.0000723704;
kd_pATR=0.0041876292;
k_Chk1=537.4845059579;
C_Chk1=0.7592460410;
pChk1_ref12_5_24h=0.0063946457;
pChk1_ref100_24h=0.0064277691;
pChk1_ref100_48h=0.0074596711;
kd_pChk1=0.1021632610;
k_cdc25=216.0145367432;
K_cdc25=1.4327604961;
kf_p53=0.0007040413;
k_p53=34.6404782419;
K_ATR=0.0003635708;
p53ser46_ref50_72h=0.0005658514;
kp_ser46=4.3140026961;
K_p53=0.3791680963;
upAsy=0.2096594925;
sness=0.0040431970;
k_apop=0.0618109672;
tED50=325.2527742746;
cell_pop_norm0_Jack_MGMT_P=74.2647720719;
k_dis=0.0163889830;

%%%%%%%%%

cost=123.0520093020;

%%%%%%%%%

