TMZout0_Ka_XTMZ(norm)=0.75377;
MGMT_P0(norm)=0.78384;
k_MGMT(norm)=0.63278;
k_addO(norm)=0.54395;
k_addN(norm)=0.78177;
DSB_72h_fac(norm)=0.72952;
k_DSBO(norm)=0.72672;
k_DSBN(norm)=0.36855;
k_CyA(norm)=0.43716;
fVX(norm)=0.80089;
kf_ATR_MGMT_P(norm)=0.61190;
k_ATR(norm)=0.84915;
K_add(norm)=0.59567;
kd_pATR(norm)=0.85430;
k_Chk1(norm)=0.55237;
C_Chk1(norm)=0.63416;
pChk1_ref12_5_24h(norm)=0.56864;
pChk1_ref100_24h(norm)=0.56786;
pChk1_ref100_48h(norm)=0.55029;
kd_pChk1(norm)=0.68718;
k_cdc25(norm)=0.91262;
K_cdc25(norm)=0.51480;
kf_p53(norm)=0.68876;
k_p53(norm)=0.35791;
K_ATR(norm)=0.61157;
p53ser46_ref50_72h(norm)=0.69216;
kp_ser46(norm)=0.49509;
K_p53(norm)=0.56126;
upAsy(norm)=0.96339;
sness(norm)=0.61344;
k_apop(norm)=0.67867;
tED50(norm)=0.76060;
cell_pop_norm0_Jack_MGMT_P(norm)=0.15137;
k_dis(norm)=0.60567;

%%%%%%%%%

TMZout0_Ka_XTMZ=36.8565319094;
MGMT_P0=2.1856280998;
k_MGMT=48.8416720669;
k_addO=0.0106925461;
k_addN=0.1790259208;
DSB_72h_fac=1.1498844549;
k_DSBO=0.0003530855;
k_DSBN=0.0000307217;
k_CyA=1.7993782033;
fVX=0.0016930807;
kf_ATR_MGMT_P=0.0000111064;
k_ATR=0.0259971847;
K_add=0.0000707481;
kd_pATR=0.0048713522;
k_Chk1=467.1177643960;
C_Chk1=0.7755476390;
pChk1_ref12_5_24h=0.0075133728;
pChk1_ref100_24h=0.0075256022;
pChk1_ref100_48h=0.0083826317;
kd_pChk1=0.0890127280;
k_cdc25=318.2998069560;
K_cdc25=1.2706941752;
kf_p53=0.0007544104;
k_p53=30.6409010356;
K_ATR=0.0004242652;
p53ser46_ref50_72h=0.0005964873;
kp_ser46=3.5624180832;
K_p53=0.5189271565;
upAsy=0.3471383105;
sness=0.0042643842;
k_apop=0.0690623854;
tED50=432.2719684590;
cell_pop_norm0_Jack_MGMT_P=73.8833051592;
k_dis=0.0164961811;

%%%%%%%%%

cost=123.4060071299;

%%%%%%%%%

