TMZout0_Ka_XTMZ(norm)=0.77418;
MGMT_P0(norm)=0.24414;
k_MGMT(norm)=0.25197;
k_addO(norm)=0.70283;
k_addN(norm)=0.60676;
DSB_72h_fac(norm)=0.75432;
k_DSBO(norm)=0.00010;
k_DSBN(norm)=0.76757;
k_CyA(norm)=0.22259;
fVX(norm)=0.27690;
kf_ATR_MGMT_P(norm)=0.93088;
k_ATR(norm)=0.18831;
K_add(norm)=0.88848;
kd_pATR(norm)=0.41249;
k_Chk1(norm)=0.13568;
C_Chk1(norm)=0.81472;
pChk1_ref12_5_24h(norm)=0.25013;
pChk1_ref100_24h(norm)=0.49062;
pChk1_ref100_48h(norm)=0.59477;
kd_pChk1(norm)=0.93041;
k_cdc25(norm)=0.36382;
K_cdc25(norm)=0.30227;
kf_p53(norm)=0.28827;
k_p53(norm)=0.42893;
K_ATR(norm)=0.23624;
p53ser46_ref50_72h(norm)=0.49158;
kp_ser46(norm)=0.78168;
K_p53(norm)=0.73009;
upAsy(norm)=0.12568;
sness(norm)=0.61921;
k_apop(norm)=0.59414;
tED50(norm)=0.57065;
cell_pop_norm0_Jack_MGMT_P(norm)=0.69136;
k_dis(norm)=0.52522;

%%%%%%%%%

TMZout0_Ka_XTMZ=37.0296303471;
MGMT_P0=1.5626237387;
k_MGMT=35.3722680881;
k_addO=0.0122333580;
k_addN=0.1543544005;
DSB_72h_fac=1.1708227078;
k_DSBO=0.0001907665;
k_DSBN=0.0000430801;
k_CyA=1.5002604449;
fVX=0.0010860829;
kf_ATR_MGMT_P=0.0000145529;
k_ATR=0.0148508878;
K_add=0.0000906699;
kd_pATR=0.0033502399;
k_Chk1=328.1677135497;
C_Chk1=0.9037541516;
pChk1_ref12_5_24h=0.0057363151;
pChk1_ref100_24h=0.0070488554;
pChk1_ref100_48h=0.0087045861;
kd_pChk1=0.1093840650;
k_cdc25=199.9357113581;
K_cdc25=1.0612933629;
kf_p53=0.0005373246;
k_p53=32.5412107229;
K_ATR=0.0003086905;
p53ser46_ref50_72h=0.0005032606;
kp_ser46=4.5415428616;
K_p53=0.5987299856;
upAsy=0.1707043539;
sness=0.0042852799;
k_apop=0.0642885888;
tED50=368.0101501500;
cell_pop_norm0_Jack_MGMT_P=89.5759552630;
k_dis=0.0154091532;

%%%%%%%%%

cost=373.5073905029;

%%%%%%%%%

