TMZout0_Ka_XTMZ(norm)=0.85847;
MGMT_P0(norm)=0.93358;
k_MGMT(norm)=0.65701;
k_addO(norm)=0.54956;
k_addN(norm)=0.53344;
DSB_72h_fac(norm)=0.69718;
k_DSBO(norm)=0.66961;
k_DSBN(norm)=0.70992;
k_CyA(norm)=0.31872;
fVX(norm)=0.96578;
kf_ATR_MGMT_P(norm)=0.62251;
k_ATR(norm)=0.30127;
K_add(norm)=0.46901;
kd_pATR(norm)=0.72980;
k_Chk1(norm)=0.58488;
C_Chk1(norm)=0.58146;
pChk1_ref12_5_24h(norm)=0.40458;
pChk1_ref100_24h(norm)=0.40411;
pChk1_ref100_48h(norm)=0.44996;
kd_pChk1(norm)=0.64555;
k_cdc25(norm)=0.33648;
K_cdc25(norm)=0.62163;
kf_p53(norm)=0.29474;
k_p53(norm)=0.64198;
K_ATR(norm)=0.38930;
p53ser46_ref50_72h(norm)=0.33705;
kp_ser46(norm)=0.88235;
K_p53(norm)=0.05354;
upAsy(norm)=0.20246;
sness(norm)=0.46322;
k_apop(norm)=0.52726;
tED50(norm)=0.62729;
cell_pop_norm0_Jack_MGMT_P(norm)=0.16005;
k_dis(norm)=0.60540;

%%%%%%%%%

TMZout0_Ka_XTMZ=37.7531939745;
MGMT_P0=2.4019291761;
k_MGMT=41.7047892464;
k_addO=0.0098779077;
k_addN=0.1096392429;
DSB_72h_fac=1.1123114055;
k_DSBO=0.0003480599;
k_DSBN=0.0000454796;
k_CyA=1.8692874190;
fVX=0.0017546369;
kf_ATR_MGMT_P=0.0000110401;
k_ATR=0.0193565960;
K_add=0.0000677866;
kd_pATR=0.0038230140;
k_Chk1=403.7719236068;
C_Chk1=0.7565838146;
pChk1_ref12_5_24h=0.0066556696;
pChk1_ref100_24h=0.0066639631;
pChk1_ref100_48h=0.0080765891;
kd_pChk1=0.0801317275;
k_cdc25=206.2571828547;
K_cdc25=1.3599065521;
kf_p53=0.0004618970;
k_p53=38.6286323345;
K_ATR=0.0003989742;
p53ser46_ref50_72h=0.0003799751;
kp_ser46=4.3305672349;
K_p53=0.3927748803;
upAsy=0.1800209102;
sness=0.0034361132;
k_apop=0.0628768770;
tED50=452.4736617989;
cell_pop_norm0_Jack_MGMT_P=74.1123528115;
k_dis=0.0166139009;

%%%%%%%%%

cost=123.7460079187;

%%%%%%%%%

