TMZout0_Ka_XTMZ(norm)=0.41790;
MGMT_P0(norm)=0.44735;
k_MGMT(norm)=1.00000;
k_addO(norm)=0.11838;
k_addN(norm)=0.54456;
DSB_72h_fac(norm)=0.20755;
k_DSBO(norm)=0.56958;
k_DSBN(norm)=0.06807;
k_CyA(norm)=0.55417;
fVX(norm)=0.82495;
kf_ATR_MGMT_P(norm)=0.74306;
k_ATR(norm)=0.79188;
K_add(norm)=0.55620;
kd_pATR(norm)=0.16886;
k_Chk1(norm)=0.48532;
C_Chk1(norm)=0.03941;
pChk1_ref12_5_24h(norm)=0.24360;
pChk1_ref100_24h(norm)=0.34780;
pChk1_ref100_48h(norm)=0.75455;
kd_pChk1(norm)=0.59005;
k_cdc25(norm)=0.45852;
K_cdc25(norm)=0.32855;
kf_p53(norm)=0.69523;
k_p53(norm)=0.13270;
K_ATR(norm)=0.66319;
p53ser46_ref50_72h(norm)=0.59758;
kp_ser46(norm)=0.45168;
K_p53(norm)=0.00010;
upAsy(norm)=0.66764;
sness(norm)=0.73250;
k_apop(norm)=0.70379;
tED50(norm)=0.73056;
cell_pop_norm0_Jack_MGMT_P(norm)=0.34236;
k_dis(norm)=0.46041;

%%%%%%%%%

TMZout0_Ka_XTMZ=34.1214240856;
MGMT_P0=1.7730552916;
k_MGMT=66.6683225466;
k_addO=0.0074555683;
k_addN=0.1464299307;
DSB_72h_fac=0.7865073311;
k_DSBO=0.0003090709;
k_DSBN=0.0000238165;
k_CyA=1.9869177903;
fVX=0.0017279570;
kf_ATR_MGMT_P=0.0000124119;
k_ATR=0.0247657805;
K_add=0.0000684215;
kd_pATR=0.0027253526;
k_Chk1=441.3195890169;
C_Chk1=0.4685507601;
pChk1_ref12_5_24h=0.0057046687;
pChk1_ref100_24h=0.0062454670;
pChk1_ref100_48h=0.0099665338;
kd_pChk1=0.0819808432;
k_cdc25=216.6394611175;
K_cdc25=1.0851949692;
kf_p53=0.0007585601;
k_p53=25.3180266178;
K_ATR=0.0004432324;
p53ser46_ref50_72h=0.0005505537;
kp_ser46=3.4337569961;
K_p53=0.3225607171;
upAsy=0.2701918030;
sness=0.0047170290;
k_apop=0.0705478438;
tED50=421.4080129338;
cell_pop_norm0_Jack_MGMT_P=79.0916082592;
k_dis=0.0145858571;

%%%%%%%%%

cost=199.9630060074;

%%%%%%%%%

