TMZout0_Ka_XTMZ(norm)=1.00000;
MGMT_P0(norm)=0.60568;
k_MGMT(norm)=0.20066;
k_addO(norm)=0.00010;
k_addN(norm)=0.47837;
DSB_72h_fac(norm)=0.53595;
k_DSBO(norm)=0.63914;
k_DSBN(norm)=0.36851;
k_CyA(norm)=0.24330;
fVX(norm)=0.22369;
kf_ATR_MGMT_P(norm)=0.11703;
k_ATR(norm)=0.26438;
K_add(norm)=0.63951;
kd_pATR(norm)=0.53034;
k_Chk1(norm)=0.68126;
C_Chk1(norm)=0.00010;
pChk1_ref12_5_24h(norm)=0.54022;
pChk1_ref100_24h(norm)=1.00000;
pChk1_ref100_48h(norm)=0.71970;
kd_pChk1(norm)=0.40131;
k_cdc25(norm)=0.48385;
K_cdc25(norm)=0.47971;
kf_p53(norm)=0.18283;
k_p53(norm)=0.70933;
K_ATR(norm)=0.00010;
p53ser46_ref50_72h(norm)=0.12287;
kp_ser46(norm)=0.19112;
K_p53(norm)=0.32001;
upAsy(norm)=0.22299;
sness(norm)=0.47307;
k_apop(norm)=0.99037;
tED50(norm)=0.78287;
cell_pop_norm0_Jack_MGMT_P(norm)=0.00010;
k_dis(norm)=0.00010;

%%%%%%%%%

TMZout0_Ka_XTMZ=39.0000000000;
MGMT_P0=1.9564604180;
k_MGMT=33.8673158143;
k_addO=0.0067446269;
k_addN=0.1384439565;
DSB_72h_fac=0.9988066525;
k_DSBO=0.0003278349;
k_DSBN=0.0000307208;
k_CyA=1.5268199341;
fVX=0.0010382047;
kf_ATR_MGMT_P=0.0000073025;
k_ATR=0.0158395519;
K_add=0.0000734260;
kd_pATR=0.0037020380;
k_Chk1=521.0225009244;
C_Chk1=0.4532009724;
pChk1_ref12_5_24h=0.0073346320;
pChk1_ref100_24h=0.0108532287;
pChk1_ref100_48h=0.0096765396;
kd_pChk1=0.0698646824;
k_cdc25=221.3393263215;
K_cdc25=1.2334703180;
kf_p53=0.0004914014;
k_p53=41.2681436910;
K_ATR=0.0002527144;
p53ser46_ref50_72h=0.0003682291;
kp_ser46=2.7535329171;
K_p53=0.4229915810;
upAsy=0.1853754930;
sness=0.0037861940;
k_apop=0.0899367593;
tED50=440.5041939601;
cell_pop_norm0_Jack_MGMT_P=70.0024967691;
k_dis=0.0098752604;

%%%%%%%%%

cost=100000.0000000000;

%%%%%%%%%

