TMZout0_Ka_XTMZ(norm)=0.41201;
MGMT_P0(norm)=0.32652;
k_MGMT(norm)=0.45427;
k_addO(norm)=0.48642;
k_addN(norm)=0.67284;
DSB_72h_fac(norm)=0.71534;
k_DSBO(norm)=0.38530;
k_DSBN(norm)=0.59424;
k_CyA(norm)=0.64380;
fVX(norm)=1.00000;
kf_ATR_MGMT_P(norm)=0.76636;
k_ATR(norm)=0.34033;
K_add(norm)=0.64452;
kd_pATR(norm)=0.54554;
k_Chk1(norm)=0.92998;
C_Chk1(norm)=0.62451;
pChk1_ref12_5_24h(norm)=0.48799;
pChk1_ref100_24h(norm)=0.56314;
pChk1_ref100_48h(norm)=0.67265;
kd_pChk1(norm)=0.96982;
k_cdc25(norm)=0.80756;
K_cdc25(norm)=0.75348;
kf_p53(norm)=0.00010;
k_p53(norm)=0.66424;
K_ATR(norm)=0.20081;
p53ser46_ref50_72h(norm)=0.34780;
kp_ser46(norm)=0.94519;
K_p53(norm)=0.59322;
upAsy(norm)=0.46220;
sness(norm)=0.51944;
k_apop(norm)=0.45422;
tED50(norm)=1.00000;
cell_pop_norm0_Jack_MGMT_P(norm)=0.39704;
k_dis(norm)=0.48542;

%%%%%%%%%

TMZout0_Ka_XTMZ=34.0753158917;
MGMT_P0=1.7117240698;
k_MGMT=36.3258521104;
k_addO=0.0095484020;
k_addN=0.1326347742;
DSB_72h_fac=1.1291179114;
k_DSBO=0.0002732263;
k_DSBN=0.0000399068;
k_CyA=2.5747028180;
fVX=0.0020213869;
kf_ATR_MGMT_P=0.0000126739;
k_ATR=0.0214304594;
K_add=0.0000853822;
kd_pATR=0.0026319123;
k_Chk1=449.3351184929;
C_Chk1=0.7771686740;
pChk1_ref12_5_24h=0.0078469246;
pChk1_ref100_24h=0.0083815025;
pChk1_ref100_48h=0.0113515249;
kd_pChk1=0.0873783099;
k_cdc25=279.1092443726;
K_cdc25=1.6048830745;
kf_p53=0.0003510906;
k_p53=34.9527670261;
K_ATR=0.0003337782;
p53ser46_ref50_72h=0.0003924791;
kp_ser46=4.4922259391;
K_p53=0.6494895094;
upAsy=0.1772197778;
sness=0.0035559543;
k_apop=0.0520014572;
tED50=538.9024596346;
cell_pop_norm0_Jack_MGMT_P=80.6491745688;
k_dis=0.0148291070;

%%%%%%%%%

cost=180.9070152381;

%%%%%%%%%

