TMZout0_Ka_XTMZ(norm)=0.12060;
MGMT_P0(norm)=0.62215;
k_MGMT(norm)=0.81996;
k_addO(norm)=0.57659;
k_addN(norm)=0.59019;
DSB_72h_fac(norm)=0.70460;
k_DSBO(norm)=0.80863;
k_DSBN(norm)=0.43797;
k_CyA(norm)=0.38871;
fVX(norm)=0.61163;
kf_ATR_MGMT_P(norm)=0.57826;
k_ATR(norm)=0.18809;
K_add(norm)=0.69988;
kd_pATR(norm)=0.08663;
k_Chk1(norm)=0.61433;
C_Chk1(norm)=0.60085;
pChk1_ref12_5_24h(norm)=0.26402;
pChk1_ref100_24h(norm)=0.26323;
pChk1_ref100_48h(norm)=0.28916;
kd_pChk1(norm)=0.84279;
k_cdc25(norm)=0.97648;
K_cdc25(norm)=0.69930;
kf_p53(norm)=0.36985;
k_p53(norm)=0.50213;
K_ATR(norm)=0.13853;
p53ser46_ref50_72h(norm)=0.49967;
kp_ser46(norm)=0.82803;
K_p53(norm)=0.66033;
upAsy(norm)=0.16829;
sness(norm)=0.71167;
k_apop(norm)=0.68323;
tED50(norm)=0.19365;
cell_pop_norm0_Jack_MGMT_P(norm)=0.13980;
k_dis(norm)=0.61042;

%%%%%%%%%

TMZout0_Ka_XTMZ=31.8702619112;
MGMT_P0=2.0352071539;
k_MGMT=51.0699589519;
k_addO=0.0108346377;
k_addN=0.1403971684;
DSB_72h_fac=1.1214590086;
k_DSBO=0.0003848124;
k_DSBN=0.0000366057;
k_CyA=1.7543385455;
fVX=0.0014050912;
kf_ATR_MGMT_P=0.0000108085;
k_ATR=0.0135851682;
K_add=0.0000799726;
kd_pATR=0.0020825401;
k_Chk1=446.3247384315;
C_Chk1=0.7551488358;
pChk1_ref12_5_24h=0.0054178809;
pChk1_ref100_24h=0.0054213349;
pChk1_ref100_48h=0.0065080455;
kd_pChk1=0.0976157006;
k_cdc25=412.2007430288;
K_cdc25=1.4754919318;
kf_p53=0.0005603706;
k_p53=27.9730913621;
K_ATR=0.0002359232;
p53ser46_ref50_72h=0.0005142856;
kp_ser46=5.2287914501;
K_p53=0.8811153926;
upAsy=0.1948703200;
sness=0.0043961197;
k_apop=0.0690120502;
tED50=293.9738856163;
cell_pop_norm0_Jack_MGMT_P=73.5789200872;
k_dis=0.0166082660;

%%%%%%%%%

cost=125.4534775767;

%%%%%%%%%

