TMZout0_Ka_XTMZ(norm)=0.62401;
MGMT_P0(norm)=0.40523;
k_MGMT(norm)=0.73835;
k_addO(norm)=0.38038;
k_addN(norm)=0.54877;
DSB_72h_fac(norm)=0.65104;
k_DSBO(norm)=0.17402;
k_DSBN(norm)=0.54265;
k_CyA(norm)=0.54985;
fVX(norm)=0.32726;
kf_ATR_MGMT_P(norm)=0.74170;
k_ATR(norm)=0.58264;
K_add(norm)=0.72987;
kd_pATR(norm)=0.29789;
k_Chk1(norm)=0.44877;
C_Chk1(norm)=0.60393;
pChk1_ref12_5_24h(norm)=0.46651;
pChk1_ref100_24h(norm)=0.55864;
pChk1_ref100_48h(norm)=0.72187;
kd_pChk1(norm)=0.72825;
k_cdc25(norm)=0.49647;
K_cdc25(norm)=0.41383;
kf_p53(norm)=0.67615;
k_p53(norm)=0.85607;
K_ATR(norm)=0.61119;
p53ser46_ref50_72h(norm)=0.54593;
kp_ser46(norm)=0.54428;
K_p53(norm)=0.71913;
upAsy(norm)=0.09007;
sness(norm)=0.55831;
k_apop(norm)=0.57238;
tED50(norm)=0.23969;
cell_pop_norm0_Jack_MGMT_P(norm)=0.42154;
k_dis(norm)=0.55343;

%%%%%%%%%

TMZout0_Ka_XTMZ=35.7748156875;
MGMT_P0=1.7272265167;
k_MGMT=53.4121660314;
k_addO=0.0093087755;
k_addN=0.1469530231;
DSB_72h_fac=1.0860575659;
k_DSBO=0.0002210549;
k_DSBN=0.0000356050;
k_CyA=1.9796600286;
fVX=0.0011334283;
kf_ATR_MGMT_P=0.0000123976;
k_ATR=0.0207423088;
K_add=0.0000792684;
kd_pATR=0.0030402277;
k_Chk1=427.8620704011;
C_Chk1=0.7559410846;
pChk1_ref12_5_24h=0.0068905648;
pChk1_ref100_24h=0.0074670441;
pChk1_ref100_48h=0.0096943196;
kd_pChk1=0.0921649983;
k_cdc25=223.7192020074;
K_cdc25=1.1665112981;
kf_p53=0.0007463917;
k_p53=46.7316741749;
K_ATR=0.0004241263;
p53ser46_ref50_72h=0.0005269796;
kp_ser46=3.7140303522;
K_p53=0.5931973682;
upAsy=0.1656307440;
sness=0.0040697738;
k_apop=0.0631143666;
tED50=278.0172682061;
cell_pop_norm0_Jack_MGMT_P=81.3571716196;
k_dis=0.0157820338;

%%%%%%%%%

cost=179.5534109093;

%%%%%%%%%

