TMZout0_Ka_XTMZ(norm)=0.71550;
MGMT_P0(norm)=0.28667;
k_MGMT(norm)=0.60168;
k_addO(norm)=0.69713;
k_addN(norm)=0.22320;
DSB_72h_fac(norm)=0.17068;
k_DSBO(norm)=0.41179;
k_DSBN(norm)=0.37873;
k_CyA(norm)=0.65587;
fVX(norm)=0.41974;
kf_ATR_MGMT_P(norm)=0.85384;
k_ATR(norm)=0.40373;
K_add(norm)=0.29969;
kd_pATR(norm)=0.14410;
k_Chk1(norm)=0.48278;
C_Chk1(norm)=0.81848;
pChk1_ref12_5_24h(norm)=0.68495;
pChk1_ref100_24h(norm)=0.71247;
pChk1_ref100_48h(norm)=0.94653;
kd_pChk1(norm)=0.60398;
k_cdc25(norm)=0.01516;
K_cdc25(norm)=0.81119;
kf_p53(norm)=0.12807;
k_p53(norm)=0.63096;
K_ATR(norm)=0.41923;
p53ser46_ref50_72h(norm)=0.40421;
kp_ser46(norm)=0.34133;
K_p53(norm)=0.38919;
upAsy(norm)=0.70266;
sness(norm)=0.78300;
k_apop(norm)=0.42127;
tED50(norm)=0.80805;
cell_pop_norm0_Jack_MGMT_P(norm)=0.07409;
k_dis(norm)=0.57121;

%%%%%%%%%

TMZout0_Ka_XTMZ=36.5341925626;
MGMT_P0=1.6044937567;
k_MGMT=47.5716621797;
k_addO=0.0121744029;
k_addN=0.1115263597;
DSB_72h_fac=0.7656908314;
k_DSBO=0.0002703930;
k_DSBN=0.0000309879;
k_CyA=2.1657334437;
fVX=0.0012258164;
kf_ATR_MGMT_P=0.0000136333;
k_ATR=0.0178246437;
K_add=0.0000550557;
kd_pATR=0.0026687776;
k_Chk1=440.3718446653;
C_Chk1=0.9066431314;
pChk1_ref12_5_24h=0.0082915849;
pChk1_ref100_24h=0.0085065365;
pChk1_ref100_48h=0.0117270171;
kd_pChk1=0.0829538646;
k_cdc25=148.7965840639;
K_cdc25=1.6334615501;
kf_p53=0.0004691225;
k_p53=38.6167718855;
K_ATR=0.0003604636;
p53ser46_ref50_72h=0.0004673509;
kp_ser46=3.1272749733;
K_p53=0.4485249073;
upAsy=0.2783292884;
sness=0.0049232222;
k_apop=0.0555292987;
tED50=450.0057389967;
cell_pop_norm0_Jack_MGMT_P=71.8745148875;
k_dis=0.0160214773;

%%%%%%%%%

cost=203.8185133029;

%%%%%%%%%

