TMZout0_Ka_XTMZ(norm)=0.40625;
MGMT_P0(norm)=0.82805;
k_MGMT(norm)=0.79788;
k_addO(norm)=0.55416;
k_addN(norm)=0.50549;
DSB_72h_fac(norm)=0.64179;
k_DSBO(norm)=0.72517;
k_DSBN(norm)=0.73770;
k_CyA(norm)=0.82126;
fVX(norm)=0.73825;
kf_ATR_MGMT_P(norm)=0.59132;
k_ATR(norm)=0.73098;
K_add(norm)=0.77878;
kd_pATR(norm)=0.16655;
k_Chk1(norm)=0.38553;
C_Chk1(norm)=0.58658;
pChk1_ref12_5_24h(norm)=0.71690;
pChk1_ref100_24h(norm)=0.71616;
pChk1_ref100_48h(norm)=0.75400;
kd_pChk1(norm)=0.38682;
k_cdc25(norm)=0.10923;
K_cdc25(norm)=0.62193;
kf_p53(norm)=0.32411;
k_p53(norm)=0.46625;
K_ATR(norm)=0.62537;
p53ser46_ref50_72h(norm)=0.32655;
kp_ser46(norm)=0.41692;
K_p53(norm)=0.51330;
upAsy(norm)=0.56385;
sness(norm)=0.53521;
k_apop(norm)=0.66614;
tED50(norm)=0.80489;
cell_pop_norm0_Jack_MGMT_P(norm)=0.14913;
k_dis(norm)=0.60743;

%%%%%%%%%

TMZout0_Ka_XTMZ=34.0302861453;
MGMT_P0=2.2765996343;
k_MGMT=50.1233695045;
k_addO=0.0106306317;
k_addN=0.1306747682;
DSB_72h_fac=1.0697869336;
k_DSBO=0.0003585386;
k_DSBN=0.0000471894;
k_CyA=2.5309402542;
fVX=0.0015642246;
kf_ATR_MGMT_P=0.0000109288;
k_ATR=0.0215195449;
K_add=0.0000855011;
kd_pATR=0.0022284369;
k_Chk1=367.6698109959;
C_Chk1=0.7460682414;
pChk1_ref12_5_24h=0.0079520612;
pChk1_ref100_24h=0.0079574862;
pChk1_ref100_48h=0.0096494313;
kd_pChk1=0.0663339798;
k_cdc25=197.6879433276;
K_cdc25=1.3818702500;
kf_p53=0.0005390694;
k_p53=27.1354583172;
K_ATR=0.0003563849;
p53ser46_ref50_72h=0.0004441215;
kp_ser46=3.6908158938;
K_p53=0.7779039784;
upAsy=0.2724593412;
sness=0.0037855913;
k_apop=0.0680197244;
tED50=493.4365836464;
cell_pop_norm0_Jack_MGMT_P=73.8240807230;
k_dis=0.0165662545;

%%%%%%%%%

cost=124.0179781381;

%%%%%%%%%

