TMZout0_Ka_XTMZ(norm)=0.43558;
MGMT_P0(norm)=0.47071;
k_MGMT(norm)=0.40696;
k_addO(norm)=0.69884;
k_addN(norm)=0.42241;
DSB_72h_fac(norm)=0.83456;
k_DSBO(norm)=0.07379;
k_DSBN(norm)=0.74305;
k_CyA(norm)=0.15500;
fVX(norm)=0.66527;
kf_ATR_MGMT_P(norm)=0.71451;
k_ATR(norm)=1.00000;
K_add(norm)=0.66404;
kd_pATR(norm)=0.51276;
k_Chk1(norm)=0.29763;
C_Chk1(norm)=0.48026;
pChk1_ref12_5_24h(norm)=0.20730;
pChk1_ref100_24h(norm)=0.27975;
pChk1_ref100_48h(norm)=0.53100;
kd_pChk1(norm)=0.44475;
k_cdc25(norm)=0.44172;
K_cdc25(norm)=0.42296;
kf_p53(norm)=0.23998;
k_p53(norm)=0.52434;
K_ATR(norm)=0.55397;
p53ser46_ref50_72h(norm)=0.43452;
kp_ser46(norm)=0.25448;
K_p53(norm)=0.74701;
upAsy(norm)=0.69035;
sness(norm)=0.30513;
k_apop(norm)=0.35266;
tED50(norm)=1.00000;
cell_pop_norm0_Jack_MGMT_P(norm)=0.30230;
k_dis(norm)=0.45959;

%%%%%%%%%

TMZout0_Ka_XTMZ=34.2602304262;
MGMT_P0=1.7989855397;
k_MGMT=40.3360462012;
k_addO=0.0121921200;
k_addN=0.1320328777;
DSB_72h_fac=1.2412140739;
k_DSBO=0.0002030577;
k_DSBN=0.0000421942;
k_CyA=1.4167629076;
fVX=0.0015092944;
kf_ATR_MGMT_P=0.0000121152;
k_ATR=0.0295416857;
K_add=0.0000749679;
kd_pATR=0.0036473113;
k_Chk1=376.4345614143;
C_Chk1=0.6807349389;
pChk1_ref12_5_24h=0.0055318455;
pChk1_ref100_24h=0.0058955286;
pChk1_ref100_48h=0.0082466880;
kd_pChk1=0.0724844072;
k_cdc25=213.5789374522;
K_cdc25=1.1755636930;
kf_p53=0.0005157858;
k_p53=35.2813155767;
K_ATR=0.0004040571;
p53ser46_ref50_72h=0.0004795097;
kp_ser46=2.9053952206;
K_p53=0.6073736034;
upAsy=0.2754417512;
sness=0.0032840179;
k_apop=0.0523933331;
tED50=529.4799787438;
cell_pop_norm0_Jack_MGMT_P=77.9694267390;
k_dis=0.0145757279;

%%%%%%%%%

cost=199.8829645386;

%%%%%%%%%

