TMZout0_Ka_XTMZ(norm)=0.57822;
MGMT_P0(norm)=0.29217;
k_MGMT(norm)=0.49677;
k_addO(norm)=0.37474;
k_addN(norm)=0.16167;
DSB_72h_fac(norm)=0.53430;
k_DSBO(norm)=0.50729;
k_DSBN(norm)=0.67993;
k_CyA(norm)=0.48497;
fVX(norm)=0.82702;
kf_ATR_MGMT_P(norm)=0.72642;
k_ATR(norm)=0.64607;
K_add(norm)=0.63586;
kd_pATR(norm)=0.80910;
k_Chk1(norm)=0.62642;
C_Chk1(norm)=0.17636;
pChk1_ref12_5_24h(norm)=0.21123;
pChk1_ref100_24h(norm)=0.25879;
pChk1_ref100_48h(norm)=0.49852;
kd_pChk1(norm)=0.04918;
k_cdc25(norm)=0.76225;
K_cdc25(norm)=0.46395;
kf_p53(norm)=1.00000;
k_p53(norm)=0.64542;
K_ATR(norm)=0.63878;
p53ser46_ref50_72h(norm)=0.63400;
kp_ser46(norm)=0.17526;
K_p53(norm)=0.79853;
upAsy(norm)=0.24958;
sness(norm)=0.01948;
k_apop(norm)=0.59812;
tED50(norm)=0.58020;
cell_pop_norm0_Jack_MGMT_P(norm)=0.11377;
k_dis(norm)=0.56780;

%%%%%%%%%

TMZout0_Ka_XTMZ=35.4007262570;
MGMT_P0=1.7005770823;
k_MGMT=38.8364082585;
k_addO=0.0091313629;
k_addN=0.0976506043;
DSB_72h_fac=0.9868280727;
k_DSBO=0.0002981001;
k_DSBN=0.0000449350;
k_CyA=1.9034098273;
fVX=0.0016864100;
kf_ATR_MGMT_P=0.0000122542;
k_ATR=0.0200257245;
K_add=0.0000757496;
kd_pATR=0.0038410241;
k_Chk1=450.9190145334;
C_Chk1=0.5270210851;
pChk1_ref12_5_24h=0.0051809109;
pChk1_ref100_24h=0.0054009925;
pChk1_ref100_48h=0.0077712288;
kd_pChk1=0.0498301015;
k_cdc25=343.7749777250;
K_cdc25=1.2087475768;
kf_p53=0.0009557765;
k_p53=31.5839404047;
K_ATR=0.0003604567;
p53ser46_ref50_72h=0.0005762848;
kp_ser46=3.0074352645;
K_p53=0.9905746401;
upAsy=0.2087651087;
sness=0.0024454449;
k_apop=0.0642105254;
tED50=407.8987942343;
cell_pop_norm0_Jack_MGMT_P=72.8988750368;
k_dis=0.0160192532;

%%%%%%%%%

cost=202.2871005568;

%%%%%%%%%

