TMZout0_Ka_XTMZ(norm)=0.25778;
MGMT_P0(norm)=0.97871;
k_MGMT(norm)=0.21370;
k_addO(norm)=0.62954;
k_addN(norm)=0.49654;
DSB_72h_fac(norm)=0.58049;
k_DSBO(norm)=0.57896;
k_DSBN(norm)=0.48708;
k_CyA(norm)=0.47192;
fVX(norm)=0.34993;
kf_ATR_MGMT_P(norm)=0.59218;
k_ATR(norm)=0.69349;
K_add(norm)=0.60103;
kd_pATR(norm)=0.42422;
k_Chk1(norm)=0.26093;
C_Chk1(norm)=0.58420;
pChk1_ref12_5_24h(norm)=0.51357;
pChk1_ref100_24h(norm)=0.50717;
pChk1_ref100_48h(norm)=0.48865;
kd_pChk1(norm)=0.54496;
k_cdc25(norm)=0.75197;
K_cdc25(norm)=0.64240;
kf_p53(norm)=0.36532;
k_p53(norm)=0.42310;
K_ATR(norm)=0.52150;
p53ser46_ref50_72h(norm)=0.40720;
kp_ser46(norm)=0.46273;
K_p53(norm)=0.23116;
upAsy(norm)=0.43531;
sness(norm)=0.53412;
k_apop(norm)=0.73801;
tED50(norm)=0.63964;
cell_pop_norm0_Jack_MGMT_P(norm)=0.14182;
k_dis(norm)=0.61523;

%%%%%%%%%

TMZout0_Ka_XTMZ=32.8899298734;
MGMT_P0=2.4636609240;
k_MGMT=37.0932673234;
k_addO=0.0107447562;
k_addN=0.1337727108;
DSB_72h_fac=0.9962364707;
k_DSBO=0.0003641068;
k_DSBN=0.0000325905;
k_CyA=2.5202839800;
fVX=0.0011912660;
kf_ATR_MGMT_P=0.0000109717;
k_ATR=0.0309008284;
K_add=0.0000916805;
kd_pATR=0.0017315998;
k_Chk1=242.1671374716;
C_Chk1=0.7542552380;
pChk1_ref12_5_24h=0.0083176466;
pChk1_ref100_24h=0.0083212810;
pChk1_ref100_48h=0.0099008265;
kd_pChk1=0.0588973740;
k_cdc25=244.1652686258;
K_cdc25=1.4349747453;
kf_p53=0.0003912366;
k_p53=26.6401479935;
K_ATR=0.0004608207;
p53ser46_ref50_72h=0.0003316940;
kp_ser46=2.7855162724;
K_p53=0.4328344250;
upAsy=0.2478184600;
sness=0.0051445566;
k_apop=0.0702396100;
tED50=433.0724628025;
cell_pop_norm0_Jack_MGMT_P=73.6320674564;
k_dis=0.0161117661;

%%%%%%%%%

cost=125.1585119271;

%%%%%%%%%

