TMZout0_Ka_XTMZ(norm)=0.14522;
MGMT_P0(norm)=0.00010;
k_MGMT(norm)=1.00000;
k_addO(norm)=0.51557;
k_addN(norm)=0.57941;
DSB_72h_fac(norm)=0.73398;
k_DSBO(norm)=0.92972;
k_DSBN(norm)=0.59253;
k_CyA(norm)=0.00010;
fVX(norm)=0.43782;
kf_ATR_MGMT_P(norm)=0.26894;
k_ATR(norm)=0.00010;
K_add(norm)=0.46549;
kd_pATR(norm)=0.62349;
k_Chk1(norm)=0.26062;
C_Chk1(norm)=0.23201;
pChk1_ref12_5_24h(norm)=0.46188;
pChk1_ref100_24h(norm)=0.00010;
pChk1_ref100_48h(norm)=0.76778;
kd_pChk1(norm)=1.00000;
k_cdc25(norm)=0.37417;
K_cdc25(norm)=0.51182;
kf_p53(norm)=0.24361;
k_p53(norm)=0.23877;
K_ATR(norm)=0.26003;
p53ser46_ref50_72h(norm)=0.74171;
kp_ser46(norm)=0.62160;
K_p53(norm)=0.01280;
upAsy(norm)=0.98983;
sness(norm)=0.00010;
k_apop(norm)=0.07454;
tED50(norm)=0.41816;
cell_pop_norm0_Jack_MGMT_P(norm)=0.34404;
k_dis(norm)=0.55355;

%%%%%%%%%

TMZout0_Ka_XTMZ=32.0509036782;
MGMT_P0=1.3686497659;
k_MGMT=55.7695448421;
k_addO=0.0095975053;
k_addN=0.1139945506;
DSB_72h_fac=1.1438383643;
k_DSBO=0.0004338801;
k_DSBN=0.0000411738;
k_CyA=1.4270282445;
fVX=0.0011217883;
kf_ATR_MGMT_P=0.0000081822;
k_ATR=0.0149970907;
K_add=0.0000675851;
kd_pATR=0.0034937008;
k_Chk1=306.7705624956;
C_Chk1=0.5626863046;
pChk1_ref12_5_24h=0.0069867699;
pChk1_ref100_24h=0.0047322228;
pChk1_ref100_48h=0.0105725032;
kd_pChk1=0.1082018424;
k_cdc25=212.9503162106;
K_cdc25=1.2390854186;
kf_p53=0.0004423139;
k_p53=27.4498324293;
K_ATR=0.0003575826;
p53ser46_ref50_72h=0.0005353813;
kp_ser46=3.4721161029;
K_p53=0.3794477900;
upAsy=0.3507980482;
sness=0.0023208671;
k_apop=0.0428450362;
tED50=378.9995790644;
cell_pop_norm0_Jack_MGMT_P=79.1388678773;
k_dis=0.0158996860;

%%%%%%%%%

cost=100000.0000000000;

%%%%%%%%%

