TMZout0_Ka_XTMZ(norm)=0.00010;
MGMT_P0(norm)=0.87115;
k_MGMT(norm)=0.76476;
k_addO(norm)=0.34092;
k_addN(norm)=0.23682;
DSB_72h_fac(norm)=0.50902;
k_DSBO(norm)=0.69832;
k_DSBN(norm)=0.47068;
k_CyA(norm)=0.97921;
fVX(norm)=0.52072;
kf_ATR_MGMT_P(norm)=0.64801;
k_ATR(norm)=0.69491;
K_add(norm)=0.60958;
kd_pATR(norm)=0.72927;
k_Chk1(norm)=0.76348;
C_Chk1(norm)=0.38865;
pChk1_ref12_5_24h(norm)=0.58378;
pChk1_ref100_24h(norm)=0.67874;
pChk1_ref100_48h(norm)=0.41615;
kd_pChk1(norm)=0.00010;
k_cdc25(norm)=0.41132;
K_cdc25(norm)=0.69706;
kf_p53(norm)=0.20790;
k_p53(norm)=0.69034;
K_ATR(norm)=0.43953;
p53ser46_ref50_72h(norm)=0.21347;
kp_ser46(norm)=0.40451;
K_p53(norm)=0.15233;
upAsy(norm)=0.26512;
sness(norm)=0.92455;
k_apop(norm)=0.73925;
tED50(norm)=1.00000;
cell_pop_norm0_Jack_MGMT_P(norm)=0.47363;
k_dis(norm)=0.84892;

%%%%%%%%%

TMZout0_Ka_XTMZ=31.0007116889;
MGMT_P0=2.3075432117;
k_MGMT=54.6207041810;
k_addO=0.0090026928;
k_addN=0.1128205275;
DSB_72h_fac=0.9794263727;
k_DSBO=0.0003446912;
k_DSBN=0.0000334987;
k_CyA=2.8483027925;
fVX=0.0013353094;
kf_ATR_MGMT_P=0.0000114515;
k_ATR=0.0228122665;
K_add=0.0000715870;
kd_pATR=0.0043816766;
k_Chk1=558.6096879224;
C_Chk1=0.6298954260;
pChk1_ref12_5_24h=0.0076104128;
pChk1_ref100_24h=0.0082668958;
pChk1_ref100_48h=0.0074820064;
kd_pChk1=0.0497305343;
k_cdc25=208.1466259200;
K_cdc25=1.4829001902;
kf_p53=0.0005019541;
k_p53=40.6096661097;
K_ATR=0.0003667175;
p53ser46_ref50_72h=0.0003976073;
kp_ser46=3.2992256437;
K_p53=0.3669678539;
upAsy=0.1921124131;
sness=0.0055505654;
k_apop=0.0726994298;
tED50=529.4799787438;
cell_pop_norm0_Jack_MGMT_P=82.8829084599;
k_dis=0.0202719200;

%%%%%%%%%

cost=100000.0000000000;

%%%%%%%%%

