TMZout0_Ka_XTMZ(norm)=0.54510;
MGMT_P0(norm)=0.49501;
k_MGMT(norm)=0.25861;
k_addO(norm)=0.29400;
k_addN(norm)=0.26287;
DSB_72h_fac(norm)=0.29288;
k_DSBO(norm)=0.37167;
k_DSBN(norm)=0.76196;
k_CyA(norm)=0.07502;
fVX(norm)=1.00000;
kf_ATR_MGMT_P(norm)=0.37609;
k_ATR(norm)=1.00000;
K_add(norm)=0.48344;
kd_pATR(norm)=0.37407;
k_Chk1(norm)=0.10136;
C_Chk1(norm)=0.57681;
pChk1_ref12_5_24h(norm)=0.62957;
pChk1_ref100_24h(norm)=0.72437;
pChk1_ref100_48h(norm)=0.73997;
kd_pChk1(norm)=0.24137;
k_cdc25(norm)=0.68574;
K_cdc25(norm)=0.73094;
kf_p53(norm)=0.20398;
k_p53(norm)=0.93441;
K_ATR(norm)=0.50604;
p53ser46_ref50_72h(norm)=0.30436;
kp_ser46(norm)=0.11636;
K_p53(norm)=0.73588;
upAsy(norm)=0.62905;
sness(norm)=0.38288;
k_apop(norm)=0.89343;
tED50(norm)=0.83220;
cell_pop_norm0_Jack_MGMT_P(norm)=0.41583;
k_dis(norm)=0.62619;

%%%%%%%%%

TMZout0_Ka_XTMZ=35.1325237187;
MGMT_P0=1.8263700291;
k_MGMT=35.5716491802;
k_addO=0.0086517632;
k_addN=0.1153385288;
DSB_72h_fac=0.8368939560;
k_DSBO=0.0002613554;
k_DSBN=0.0000428760;
k_CyA=1.3239312547;
fVX=0.0020042231;
kf_ATR_MGMT_P=0.0000090949;
k_ATR=0.0295416857;
K_add=0.0000643308;
kd_pATR=0.0032429377;
k_Chk1=318.7604352699;
C_Chk1=0.7387627231;
pChk1_ref12_5_24h=0.0079114427;
pChk1_ref100_24h=0.0085927922;
pChk1_ref100_48h=0.0098441122;
kd_pChk1=0.0610104326;
k_cdc25=262.6343802012;
K_cdc25=1.5260777865;
kf_p53=0.0005002896;
k_p53=49.9391929182;
K_ATR=0.0003879752;
p53ser46_ref50_72h=0.0004294386;
kp_ser46=2.5845265467;
K_p53=0.6016763588;
upAsy=0.2615003898;
sness=0.0035076385;
k_apop=0.0828452249;
tED50=459.3063436463;
cell_pop_norm0_Jack_MGMT_P=81.1916718452;
k_dis=0.0167854738;

%%%%%%%%%

cost=245.7353557666;

%%%%%%%%%

