TMZout0_Ka_XTMZ(norm)=0.14786;
MGMT_P0(norm)=0.89677;
k_MGMT(norm)=0.72149;
k_addO(norm)=0.64423;
k_addN(norm)=0.61627;
DSB_72h_fac(norm)=0.61120;
k_DSBO(norm)=0.37815;
k_DSBN(norm)=0.42968;
k_CyA(norm)=0.93831;
fVX(norm)=0.50541;
kf_ATR_MGMT_P(norm)=0.59180;
k_ATR(norm)=0.95664;
K_add(norm)=0.64111;
kd_pATR(norm)=0.66535;
k_Chk1(norm)=0.53811;
C_Chk1(norm)=0.63043;
pChk1_ref12_5_24h(norm)=0.75060;
pChk1_ref100_24h(norm)=0.76191;
pChk1_ref100_48h(norm)=0.74733;
kd_pChk1(norm)=0.50562;
k_cdc25(norm)=0.97241;
K_cdc25(norm)=0.50398;
kf_p53(norm)=0.64597;
k_p53(norm)=0.58416;
K_ATR(norm)=0.83616;
p53ser46_ref50_72h(norm)=0.62866;
kp_ser46(norm)=0.38991;
K_p53(norm)=0.77500;
upAsy(norm)=0.03515;
sness(norm)=0.08273;
k_apop(norm)=0.50514;
tED50(norm)=0.40384;
cell_pop_norm0_Jack_MGMT_P(norm)=0.15910;
k_dis(norm)=0.60935;

%%%%%%%%%

TMZout0_Ka_XTMZ=32.0703265268;
MGMT_P0=2.3633866462;
k_MGMT=46.9820401623;
k_addO=0.0114736587;
k_addN=0.1435345820;
DSB_72h_fac=1.0454940572;
k_DSBO=0.0002672028;
k_DSBN=0.0000363497;
k_CyA=2.7948028901;
fVX=0.0012841665;
kf_ATR_MGMT_P=0.0000109332;
k_ATR=0.0260538247;
K_add=0.0000760873;
kd_pATR=0.0034005506;
k_Chk1=418.4086175230;
C_Chk1=0.7743103121;
pChk1_ref12_5_24h=0.0081823887;
pChk1_ref100_24h=0.0082719994;
pChk1_ref100_48h=0.0095950436;
kd_pChk1=0.0733585727;
k_cdc25=410.7802645144;
K_cdc25=1.2504425861;
kf_p53=0.0007080779;
k_p53=29.9863826361;
K_ATR=0.0004260746;
p53ser46_ref50_72h=0.0005736825;
kp_ser46=3.6073052406;
K_p53=0.9710149431;
upAsy=0.1740812070;
sness=0.0025800725;
k_apop=0.0593460813;
tED50=351.2818543708;
cell_pop_norm0_Jack_MGMT_P=74.0871144761;
k_dis=0.0165932961;

%%%%%%%%%

cost=123.7322606484;

%%%%%%%%%

