TMZout0_Ka_XTMZ(norm)=0.52929;
MGMT_P0(norm)=0.71945;
k_MGMT(norm)=0.82023;
k_addO(norm)=0.55540;
k_addN(norm)=0.87905;
DSB_72h_fac(norm)=0.70751;
k_DSBO(norm)=0.74479;
k_DSBN(norm)=0.72514;
k_CyA(norm)=0.51438;
fVX(norm)=0.53742;
kf_ATR_MGMT_P(norm)=0.61346;
k_ATR(norm)=0.45762;
K_add(norm)=0.57347;
kd_pATR(norm)=0.70975;
k_Chk1(norm)=0.68741;
C_Chk1(norm)=0.59649;
pChk1_ref12_5_24h(norm)=0.59647;
pChk1_ref100_24h(norm)=0.59413;
pChk1_ref100_48h(norm)=0.60765;
kd_pChk1(norm)=0.56885;
k_cdc25(norm)=0.26448;
K_cdc25(norm)=0.53215;
kf_p53(norm)=0.67142;
k_p53(norm)=0.55734;
K_ATR(norm)=0.47055;
p53ser46_ref50_72h(norm)=0.66252;
kp_ser46(norm)=0.74358;
K_p53(norm)=0.50731;
upAsy(norm)=0.57908;
sness(norm)=0.75574;
k_apop(norm)=0.65227;
tED50(norm)=0.38171;
cell_pop_norm0_Jack_MGMT_P(norm)=0.15534;
k_dis(norm)=0.61049;

%%%%%%%%%

TMZout0_Ka_XTMZ=35.0052649594;
MGMT_P0=2.0998551233;
k_MGMT=57.2489524926;
k_addO=0.0107968275;
k_addN=0.1944076965;
DSB_72h_fac=1.1316109400;
k_DSBO=0.0003585348;
k_DSBN=0.0000415589;
k_CyA=1.9210560385;
fVX=0.0013543391;
kf_ATR_MGMT_P=0.0000111211;
k_ATR=0.0186574254;
K_add=0.0000694300;
kd_pATR=0.0043098383;
k_Chk1=523.7448951757;
C_Chk1=0.7511901624;
pChk1_ref12_5_24h=0.0076926818;
pChk1_ref100_24h=0.0076950135;
pChk1_ref100_48h=0.0088001013;
kd_pChk1=0.0805212505;
k_cdc25=183.7969542092;
K_cdc25=1.2895215871;
kf_p53=0.0007434081;
k_p53=36.2815202071;
K_ATR=0.0003764829;
p53ser46_ref50_72h=0.0005816975;
kp_ser46=4.3972883317;
K_p53=0.4957396584;
upAsy=0.2506589571;
sness=0.0048108321;
k_apop=0.0675346195;
tED50=313.5686335748;
cell_pop_norm0_Jack_MGMT_P=73.9879170842;
k_dis=0.0165637044;

%%%%%%%%%

cost=123.2465473935;

%%%%%%%%%

