TMZout0_Ka_XTMZ(norm)=0.66812;
MGMT_P0(norm)=0.08310;
k_MGMT(norm)=0.90671;
k_addO(norm)=0.14234;
k_addN(norm)=0.72217;
DSB_72h_fac(norm)=0.55082;
k_DSBO(norm)=0.54469;
k_DSBN(norm)=0.30757;
k_CyA(norm)=0.96336;
fVX(norm)=0.58941;
kf_ATR_MGMT_P(norm)=0.57322;
k_ATR(norm)=0.65665;
K_add(norm)=0.71923;
kd_pATR(norm)=0.12982;
k_Chk1(norm)=0.11382;
C_Chk1(norm)=0.54996;
pChk1_ref12_5_24h(norm)=0.07096;
pChk1_ref100_24h(norm)=0.16697;
pChk1_ref100_48h(norm)=0.61683;
kd_pChk1(norm)=0.43967;
k_cdc25(norm)=0.18892;
K_cdc25(norm)=0.62675;
kf_p53(norm)=0.62748;
k_p53(norm)=0.51256;
K_ATR(norm)=0.47019;
p53ser46_ref50_72h(norm)=0.82399;
kp_ser46(norm)=1.00000;
K_p53(norm)=0.20052;
upAsy(norm)=0.00010;
sness(norm)=0.83863;
k_apop(norm)=0.33869;
tED50(norm)=0.48135;
cell_pop_norm0_Jack_MGMT_P(norm)=0.33338;
k_dis(norm)=0.35070;

%%%%%%%%%

TMZout0_Ka_XTMZ=36.1388916822;
MGMT_P0=1.4137470929;
k_MGMT=61.6014842364;
k_addO=0.0076084936;
k_addN=0.1702098590;
DSB_72h_fac=1.0096735814;
k_DSBO=0.0003026205;
k_DSBN=0.0000291749;
k_CyA=2.8103023105;
fVX=0.0014153356;
kf_ATR_MGMT_P=0.0000107483;
k_ATR=0.0220846153;
K_add=0.0000785570;
kd_pATR=0.0026366960;
k_Chk1=322.1428837630;
C_Chk1=0.7221482087;
pChk1_ref12_5_24h=0.0049283446;
pChk1_ref100_24h=0.0053582565;
pChk1_ref100_48h=0.0088687746;
kd_pChk1=0.0721729332;
k_cdc25=172.3977583114;
K_cdc25=1.3971355278;
kf_p53=0.0007162389;
k_p53=34.9307187091;
K_ATR=0.0003763671;
p53ser46_ref50_72h=0.0006669787;
kp_ser46=5.4643701630;
K_p53=0.3822615876;
upAsy=0.1534735768;
sness=0.0051608496;
k_apop=0.0517767238;
tED50=341.1909782700;
cell_pop_norm0_Jack_MGMT_P=78.8385334353;
k_dis=0.0132911164;

%%%%%%%%%

cost=427.2133665062;

%%%%%%%%%

