TMZout0_Ka_XTMZ(norm)=0.18058;
MGMT_P0(norm)=0.60643;
k_MGMT(norm)=0.86056;
k_addO(norm)=0.76713;
k_addN(norm)=0.13210;
DSB_72h_fac(norm)=0.37683;
k_DSBO(norm)=0.25364;
k_DSBN(norm)=0.63449;
k_CyA(norm)=0.71563;
fVX(norm)=0.65440;
kf_ATR_MGMT_P(norm)=0.87335;
k_ATR(norm)=0.86511;
K_add(norm)=0.42817;
kd_pATR(norm)=0.66506;
k_Chk1(norm)=0.27112;
C_Chk1(norm)=0.19045;
pChk1_ref12_5_24h(norm)=0.22198;
pChk1_ref100_24h(norm)=0.65517;
pChk1_ref100_48h(norm)=0.86700;
kd_pChk1(norm)=0.59059;
k_cdc25(norm)=0.45766;
K_cdc25(norm)=0.19569;
kf_p53(norm)=0.79378;
k_p53(norm)=0.41349;
K_ATR(norm)=0.93340;
p53ser46_ref50_72h(norm)=0.57873;
kp_ser46(norm)=0.98582;
K_p53(norm)=0.00390;
upAsy(norm)=0.81520;
sness(norm)=0.40918;
k_apop(norm)=0.60052;
tED50(norm)=0.58333;
cell_pop_norm0_Jack_MGMT_P(norm)=0.43436;
k_dis(norm)=0.62264;

%%%%%%%%%

TMZout0_Ka_XTMZ=32.3121895722;
MGMT_P0=1.9070334687;
k_MGMT=64.1689417796;
k_addO=0.0120733590;
k_addN=0.0982344061;
DSB_72h_fac=0.8445558320;
k_DSBO=0.0002763871;
k_DSBN=0.0000369262;
k_CyA=3.0983290399;
fVX=0.0015418545;
kf_ATR_MGMT_P=0.0000139232;
k_ATR=0.0357372431;
K_add=0.0000791898;
kd_pATR=0.0021235881;
k_Chk1=244.2674097358;
C_Chk1=0.5402915428;
pChk1_ref12_5_24h=0.0064968253;
pChk1_ref100_24h=0.0094330500;
pChk1_ref100_48h=0.0136425366;
kd_pChk1=0.0612192054;
k_cdc25=190.2765523712;
K_cdc25=0.9827970464;
kf_p53=0.0005624705;
k_p53=26.4241682402;
K_ATR=0.0006532842;
p53ser46_ref50_72h=0.0003835789;
kp_ser46=4.3390226819;
K_p53=0.3570227565;
upAsy=0.3419175439;
sness=0.0046277791;
k_apop=0.0625157009;
tED50=412.8936820994;
cell_pop_norm0_Jack_MGMT_P=81.7299205783;
k_dis=0.0162132523;

%%%%%%%%%

cost=218.1894668537;

%%%%%%%%%

