TMZout0_Ka_XTMZ(norm)=0.31857;
MGMT_P0(norm)=0.65414;
k_MGMT(norm)=0.91005;
k_addO(norm)=0.55595;
k_addN(norm)=0.73792;
DSB_72h_fac(norm)=0.70082;
k_DSBO(norm)=0.67565;
k_DSBN(norm)=0.72763;
k_CyA(norm)=0.74373;
fVX(norm)=0.70060;
kf_ATR_MGMT_P(norm)=0.56575;
k_ATR(norm)=0.35644;
K_add(norm)=0.65014;
kd_pATR(norm)=0.54080;
k_Chk1(norm)=0.50738;
C_Chk1(norm)=0.58875;
pChk1_ref12_5_24h(norm)=0.41075;
pChk1_ref100_24h(norm)=0.41234;
pChk1_ref100_48h(norm)=0.52430;
kd_pChk1(norm)=0.49781;
k_cdc25(norm)=0.76549;
K_cdc25(norm)=0.47339;
kf_p53(norm)=0.28045;
k_p53(norm)=0.42279;
K_ATR(norm)=0.30575;
p53ser46_ref50_72h(norm)=0.26411;
kp_ser46(norm)=0.77069;
K_p53(norm)=0.84958;
upAsy(norm)=0.18390;
sness(norm)=0.19665;
k_apop(norm)=0.80021;
tED50(norm)=0.76197;
cell_pop_norm0_Jack_MGMT_P(norm)=0.16345;
k_dis(norm)=0.64822;

%%%%%%%%%

TMZout0_Ka_XTMZ=33.3521475865;
MGMT_P0=2.0709616804;
k_MGMT=55.1210495733;
k_addO=0.0106467560;
k_addN=0.1591188056;
DSB_72h_fac=1.1182778305;
k_DSBO=0.0003438077;
k_DSBN=0.0000467885;
k_CyA=2.3700156627;
fVX=0.0015151189;
kf_ATR_MGMT_P=0.0000106945;
k_ATR=0.0156679555;
K_add=0.0000766721;
kd_pATR=0.0030599585;
k_Chk1=407.6568481917;
C_Chk1=0.7474434151;
pChk1_ref12_5_24h=0.0061351382;
pChk1_ref100_24h=0.0061514451;
pChk1_ref100_48h=0.0079428530;
kd_pChk1=0.0728747797;
k_cdc25=344.7212948024;
K_cdc25=1.2184457085;
kf_p53=0.0005194928;
k_p53=26.1544240578;
K_ATR=0.0002718341;
p53ser46_ref50_72h=0.0004212334;
kp_ser46=4.9808147964;
K_p53=1.0343579665;
upAsy=0.1974634056;
sness=0.0028415266;
k_apop=0.0762026531;
tED50=475.8149218830;
cell_pop_norm0_Jack_MGMT_P=74.2023163051;
k_dis=0.0171488132;

%%%%%%%%%

cost=124.7949500844;

%%%%%%%%%

