TMZout0_Ka_XTMZ(norm)=0.54544;
MGMT_P0(norm)=0.69131;
k_MGMT(norm)=0.85472;
k_addO(norm)=0.65651;
k_addN(norm)=0.97768;
DSB_72h_fac(norm)=0.68571;
k_DSBO(norm)=0.63198;
k_DSBN(norm)=0.77701;
k_CyA(norm)=0.42764;
fVX(norm)=0.56435;
kf_ATR_MGMT_P(norm)=0.60364;
k_ATR(norm)=0.37478;
K_add(norm)=0.55922;
kd_pATR(norm)=0.59086;
k_Chk1(norm)=0.70403;
C_Chk1(norm)=0.60914;
pChk1_ref12_5_24h(norm)=0.32561;
pChk1_ref100_24h(norm)=0.33004;
pChk1_ref100_48h(norm)=0.33237;
kd_pChk1(norm)=0.89341;
k_cdc25(norm)=0.42545;
K_cdc25(norm)=0.65067;
kf_p53(norm)=0.47262;
k_p53(norm)=0.35115;
K_ATR(norm)=0.27606;
p53ser46_ref50_72h(norm)=0.49886;
kp_ser46(norm)=0.78914;
K_p53(norm)=0.83717;
upAsy(norm)=0.48172;
sness(norm)=0.30639;
k_apop(norm)=0.63413;
tED50(norm)=0.80861;
cell_pop_norm0_Jack_MGMT_P(norm)=0.16910;
k_dis(norm)=0.61909;

%%%%%%%%%

TMZout0_Ka_XTMZ=35.1352908669;
MGMT_P0=2.0756963728;
k_MGMT=49.3104757125;
k_addO=0.0108149082;
k_addN=0.1597487307;
DSB_72h_fac=1.1026552136;
k_DSBO=0.0003371389;
k_DSBN=0.0000481398;
k_CyA=2.0500136734;
fVX=0.0012487405;
kf_ATR_MGMT_P=0.0000108650;
k_ATR=0.0206006160;
K_add=0.0000731713;
kd_pATR=0.0033984377;
k_Chk1=446.6632508966;
C_Chk1=0.7745345826;
pChk1_ref12_5_24h=0.0062248990;
pChk1_ref100_24h=0.0062585917;
pChk1_ref100_48h=0.0073106697;
kd_pChk1=0.0988577424;
k_cdc25=222.4075681543;
K_cdc25=1.3937786820;
kf_p53=0.0005370319;
k_p53=30.1920769793;
K_ATR=0.0003624709;
p53ser46_ref50_72h=0.0004358109;
kp_ser46=4.0017270605;
K_p53=0.7629588497;
upAsy=0.2280780564;
sness=0.0030085659;
k_apop=0.0688361937;
tED50=527.6131381661;
cell_pop_norm0_Jack_MGMT_P=74.3519759336;
k_dis=0.0168076249;

%%%%%%%%%

cost=123.7778819415;

%%%%%%%%%

