TMZout0_Ka_XTMZ(norm)=0.25000;
MGMT_P0(norm)=0.25000;
k_MGMT(norm)=0.75000;
k_addO(norm)=0.25000;
k_addN(norm)=0.75000;
DSB_72h_fac(norm)=0.25000;
k_DSBO(norm)=0.75000;
k_DSBN(norm)=0.50000;
k_CyA(norm)=0.25000;
fVX(norm)=0.25000;
kf_ATR_MGMT_P(norm)=0.50000;
k_ATR(norm)=0.50000;
K_add(norm)=0.50000;
kd_pATR(norm)=0.75000;
k_Chk1(norm)=0.50000;
C_Chk1(norm)=0.50000;
pChk1_ref12_5_24h(norm)=0.75000;
pChk1_ref100_24h(norm)=0.25000;
pChk1_ref100_48h(norm)=0.75000;
kd_pChk1(norm)=0.75000;
k_cdc25(norm)=0.50000;
K_cdc25(norm)=0.50000;
kf_p53(norm)=0.25000;
k_p53(norm)=0.25000;
K_ATR(norm)=0.50000;
p53ser46_ref50_72h(norm)=0.75000;
kp_ser46(norm)=0.75000;
K_p53(norm)=0.25000;
upAsy(norm)=0.50000;
sness(norm)=0.50000;
k_apop(norm)=0.25000;
tED50(norm)=0.50000;
cell_pop_norm0_Jack_MGMT_P(norm)=0.25000;
k_dis(norm)=0.75000;

%%%%%%%%%

TMZout0_Ka_XTMZ=32.8312503013;
MGMT_P0=1.5683238903;
k_MGMT=53.9417872216;
k_addO=0.0083351866;
k_addN=0.1742715221;
DSB_72h_fac=0.8111826310;
k_DSBO=0.0003601206;
k_DSBN=0.0000343414;
k_CyA=1.5355126981;
fVX=0.0010616062;
kf_ATR_MGMT_P=0.0000101017;
k_ATR=0.0193395730;
K_add=0.0000652397;
kd_pATR=0.0044593368;
k_Chk1=446.8435252261;
C_Chk1=0.6922172665;
pChk1_ref12_5_24h=0.0087613843;
pChk1_ref100_24h=0.0057487889;
pChk1_ref100_48h=0.0099281455;
kd_pChk1=0.0938790998;
k_cdc25=224.3896375286;
K_cdc25=1.2548642924;
kf_p53=0.0005201814;
k_p53=27.9636113752;
K_ATR=0.0003859949;
p53ser46_ref50_72h=0.0006264495;
kp_ser46=4.4212585734;
K_p53=0.3986289857;
upAsy=0.2344148982;
sness=0.0038735841;
k_apop=0.0480286135;
tED50=346.6260116510;
cell_pop_norm0_Jack_MGMT_P=76.5285579750;
k_dis=0.0186420791;

%%%%%%%%%

cost=123.0412315058;

%%%%%%%%%

