TMZout0_Ka_XTMZ(norm)=0.60481;
MGMT_P0(norm)=0.61327;
k_MGMT(norm)=1.00000;
k_addO(norm)=0.55421;
k_addN(norm)=0.86489;
DSB_72h_fac(norm)=0.63298;
k_DSBO(norm)=0.46709;
k_DSBN(norm)=0.47844;
k_CyA(norm)=0.03619;
fVX(norm)=0.93583;
kf_ATR_MGMT_P(norm)=0.78613;
k_ATR(norm)=0.33304;
K_add(norm)=0.48115;
kd_pATR(norm)=0.47736;
k_Chk1(norm)=0.40629;
C_Chk1(norm)=0.74081;
pChk1_ref12_5_24h(norm)=0.27803;
pChk1_ref100_24h(norm)=0.30803;
pChk1_ref100_48h(norm)=0.90445;
kd_pChk1(norm)=0.83203;
k_cdc25(norm)=0.21424;
K_cdc25(norm)=0.29232;
kf_p53(norm)=0.44887;
k_p53(norm)=0.54988;
K_ATR(norm)=0.04865;
p53ser46_ref50_72h(norm)=0.56165;
kp_ser46(norm)=0.74887;
K_p53(norm)=0.21288;
upAsy(norm)=0.65801;
sness(norm)=0.71953;
k_apop(norm)=0.61523;
tED50(norm)=0.27842;
cell_pop_norm0_Jack_MGMT_P(norm)=0.28985;
k_dis(norm)=0.56843;

%%%%%%%%%

TMZout0_Ka_XTMZ=35.6175055935;
MGMT_P0=2.0253929024;
k_MGMT=59.4863474482;
k_addO=0.0106310928;
k_addN=0.1771916542;
DSB_72h_fac=1.0627376034;
k_DSBO=0.0002881166;
k_DSBN=0.0000378828;
k_CyA=1.3013503075;
fVX=0.0018492864;
kf_ATR_MGMT_P=0.0000128901;
k_ATR=0.0153603322;
K_add=0.0000664434;
kd_pATR=0.0028998256;
k_Chk1=374.1928818816;
C_Chk1=0.8502207812;
pChk1_ref12_5_24h=0.0054825939;
pChk1_ref100_24h=0.0056311121;
pChk1_ref100_48h=0.0109613694;
kd_pChk1=0.0967301406;
k_cdc25=216.0822310363;
K_cdc25=1.0451527902;
kf_p53=0.0005991754;
k_p53=29.1280418187;
K_ATR=0.0002186243;
p53ser46_ref50_72h=0.0005420183;
kp_ser46=4.8895939364;
K_p53=0.6030866919;
upAsy=0.2950860872;
sness=0.0044254913;
k_apop=0.0651480546;
tED50=315.8665858653;
cell_pop_norm0_Jack_MGMT_P=77.6240244847;
k_dis=0.0160277402;

%%%%%%%%%

cost=166.0248825739;

%%%%%%%%%

