TMZout0_Ka_XTMZ(norm)=0.52262;
MGMT_P0(norm)=0.99924;
k_MGMT(norm)=0.00010;
k_addO(norm)=0.47281;
k_addN(norm)=0.52488;
DSB_72h_fac(norm)=0.21480;
k_DSBO(norm)=0.05879;
k_DSBN(norm)=0.25525;
k_CyA(norm)=1.00000;
fVX(norm)=0.79663;
kf_ATR_MGMT_P(norm)=0.50390;
k_ATR(norm)=0.62471;
K_add(norm)=0.83451;
kd_pATR(norm)=0.28748;
k_Chk1(norm)=1.00000;
C_Chk1(norm)=0.49181;
pChk1_ref12_5_24h(norm)=0.05221;
pChk1_ref100_24h(norm)=0.89022;
pChk1_ref100_48h(norm)=0.93149;
kd_pChk1(norm)=0.62561;
k_cdc25(norm)=0.80560;
K_cdc25(norm)=0.00010;
kf_p53(norm)=1.00000;
k_p53(norm)=0.71354;
K_ATR(norm)=0.60071;
p53ser46_ref50_72h(norm)=0.55023;
kp_ser46(norm)=0.44099;
K_p53(norm)=0.46231;
upAsy(norm)=0.08297;
sness(norm)=0.46585;
k_apop(norm)=0.76462;
tED50(norm)=0.08531;
cell_pop_norm0_Jack_MGMT_P(norm)=0.32910;
k_dis(norm)=0.68320;

%%%%%%%%%

TMZout0_Ka_XTMZ=34.9517012421;
MGMT_P0=2.4988559006;
k_MGMT=23.9032587359;
k_addO=0.0092559766;
k_addN=0.1088472363;
DSB_72h_fac=0.7710492972;
k_DSBO=0.0002074367;
k_DSBN=0.0000309393;
k_CyA=3.3294504548;
fVX=0.0015203526;
kf_ATR_MGMT_P=0.0000099846;
k_ATR=0.0254595469;
K_add=0.0000923936;
kd_pATR=0.0026280880;
k_Chk1=573.9700930324;
C_Chk1=0.7012408105;
pChk1_ref12_5_24h=0.0049377231;
pChk1_ref100_24h=0.0100602579;
pChk1_ref100_48h=0.0121455958;
kd_pChk1=0.0787892950;
k_cdc25=306.9273702985;
K_cdc25=0.8031538638;
kf_p53=0.0008395845;
k_p53=41.0435795717;
K_ATR=0.0004772415;
p53ser46_ref50_72h=0.0004552004;
kp_ser46=2.9794397972;
K_p53=0.5553419170;
upAsy=0.1626869781;
sness=0.0034437668;
k_apop=0.0768836422;
tED50=285.8638138389;
cell_pop_norm0_Jack_MGMT_P=78.7185262628;
k_dis=0.0177459454;

%%%%%%%%%

cost=225.8003128166;

%%%%%%%%%

