TMZout0_Ka_XTMZ(norm)=0.61053;
MGMT_P0(norm)=0.17512;
k_MGMT(norm)=0.30445;
k_addO(norm)=0.45106;
k_addN(norm)=0.51129;
DSB_72h_fac(norm)=0.19881;
k_DSBO(norm)=0.61111;
k_DSBN(norm)=0.25461;
k_CyA(norm)=0.26797;
fVX(norm)=0.13012;
kf_ATR_MGMT_P(norm)=0.76817;
k_ATR(norm)=0.85280;
K_add(norm)=0.38642;
kd_pATR(norm)=0.43220;
k_Chk1(norm)=0.74411;
C_Chk1(norm)=0.79069;
pChk1_ref12_5_24h(norm)=0.36861;
pChk1_ref100_24h(norm)=0.50689;
pChk1_ref100_48h(norm)=0.85444;
kd_pChk1(norm)=0.56119;
k_cdc25(norm)=0.64943;
K_cdc25(norm)=0.27382;
kf_p53(norm)=0.43858;
k_p53(norm)=0.64384;
K_ATR(norm)=0.81059;
p53ser46_ref50_72h(norm)=0.48727;
kp_ser46(norm)=0.80743;
K_p53(norm)=0.26606;
upAsy(norm)=1.00000;
sness(norm)=0.00010;
k_apop(norm)=0.81121;
tED50(norm)=1.00000;
cell_pop_norm0_Jack_MGMT_P(norm)=0.28092;
k_dis(norm)=0.52094;

%%%%%%%%%

TMZout0_Ka_XTMZ=35.6642586530;
MGMT_P0=1.5955904653;
k_MGMT=32.9966792338;
k_addO=0.0097413562;
k_addN=0.1313180096;
DSB_72h_fac=0.7670433296;
k_DSBO=0.0003255107;
k_DSBN=0.0000313384;
k_CyA=1.5837383866;
fVX=0.0009343772;
kf_ATR_MGMT_P=0.0000126954;
k_ATR=0.0238595096;
K_add=0.0000613190;
kd_pATR=0.0027909771;
k_Chk1=498.2038262312;
C_Chk1=0.8869269009;
pChk1_ref12_5_24h=0.0059199613;
pChk1_ref100_24h=0.0066645273;
pChk1_ref100_48h=0.0105066125;
kd_pChk1=0.0768952978;
k_cdc25=312.4363362027;
K_cdc25=1.0288949049;
kf_p53=0.0005939755;
k_p53=31.5417776735;
K_ATR=0.0004169401;
p53ser46_ref50_72h=0.0005089115;
kp_ser46=5.1383366163;
K_p53=0.6308812920;
upAsy=0.3942703407;
sness=0.0024056203;
k_apop=0.0769159315;
tED50=582.1404884586;
cell_pop_norm0_Jack_MGMT_P=77.3770882390;
k_dis=0.0153956365;

%%%%%%%%%

cost=239.6531180531;

%%%%%%%%%

