TMZout0_Ka_XTMZ(norm)=0.69553;
MGMT_P0(norm)=0.56645;
k_MGMT(norm)=0.57466;
k_addO(norm)=0.11002;
k_addN(norm)=0.41968;
DSB_72h_fac(norm)=0.29338;
k_DSBO(norm)=0.18746;
k_DSBN(norm)=0.37968;
k_CyA(norm)=0.49093;
fVX(norm)=0.32328;
kf_ATR_MGMT_P(norm)=0.68615;
k_ATR(norm)=0.76577;
K_add(norm)=0.37474;
kd_pATR(norm)=0.24527;
k_Chk1(norm)=0.13196;
C_Chk1(norm)=0.69129;
pChk1_ref12_5_24h(norm)=0.49038;
pChk1_ref100_24h(norm)=0.59152;
pChk1_ref100_48h(norm)=0.62045;
kd_pChk1(norm)=0.43174;
k_cdc25(norm)=0.39258;
K_cdc25(norm)=0.43210;
kf_p53(norm)=0.32514;
k_p53(norm)=0.85475;
K_ATR(norm)=0.55078;
p53ser46_ref50_72h(norm)=0.89290;
kp_ser46(norm)=0.55060;
K_p53(norm)=0.69367;
upAsy(norm)=0.68049;
sness(norm)=1.00000;
k_apop(norm)=0.63088;
tED50(norm)=0.00010;
cell_pop_norm0_Jack_MGMT_P(norm)=0.29018;
k_dis(norm)=0.21866;

%%%%%%%%%

TMZout0_Ka_XTMZ=36.3670096048;
MGMT_P0=1.9590288348;
k_MGMT=40.2270715427;
k_addO=0.0069410691;
k_addN=0.1070288230;
DSB_72h_fac=0.8209236056;
k_DSBO=0.0002310574;
k_DSBN=0.0000332730;
k_CyA=2.2619124188;
fVX=0.0011392797;
kf_ATR_MGMT_P=0.0000118412;
k_ATR=0.0307314892;
K_add=0.0000679353;
kd_pATR=0.0020406945;
k_Chk1=228.5152146867;
C_Chk1=0.8224103106;
pChk1_ref12_5_24h=0.0078628144;
pChk1_ref100_24h=0.0085854978;
pChk1_ref100_48h=0.0108603791;
kd_pChk1=0.0553861951;
k_cdc25=196.3671740092;
K_cdc25=1.2223082560;
kf_p53=0.0004624107;
k_p53=41.0756655552;
K_ATR=0.0004489926;
p53ser46_ref50_72h=0.0006228749;
kp_ser46=3.2155979367;
K_p53=0.7071863648;
upAsy=0.2132253965;
sness=0.0053430509;
k_apop=0.0603979405;
tED50=230.9777668539;
cell_pop_norm0_Jack_MGMT_P=77.6331018882;
k_dis=0.0118291135;

%%%%%%%%%

cost=256.2589639754;

%%%%%%%%%

