TMZout0_Ka_XTMZ(norm)=0.15063;
MGMT_P0(norm)=0.42396;
k_MGMT(norm)=0.50141;
k_addO(norm)=0.57683;
k_addN(norm)=0.62361;
DSB_72h_fac(norm)=0.29449;
k_DSBO(norm)=0.29139;
k_DSBN(norm)=0.46432;
k_CyA(norm)=0.66870;
fVX(norm)=0.65429;
kf_ATR_MGMT_P(norm)=0.58597;
k_ATR(norm)=0.68877;
K_add(norm)=0.56829;
kd_pATR(norm)=0.45095;
k_Chk1(norm)=0.42809;
C_Chk1(norm)=0.75454;
pChk1_ref12_5_24h(norm)=0.48069;
pChk1_ref100_24h(norm)=0.47898;
pChk1_ref100_48h(norm)=0.39259;
kd_pChk1(norm)=0.40957;
k_cdc25(norm)=0.48889;
K_cdc25(norm)=0.46707;
kf_p53(norm)=0.78240;
k_p53(norm)=0.18563;
K_ATR(norm)=0.41423;
p53ser46_ref50_72h(norm)=0.53193;
kp_ser46(norm)=0.80128;
K_p53(norm)=0.03807;
upAsy(norm)=0.74582;
sness(norm)=0.63722;
k_apop(norm)=0.26488;
tED50(norm)=0.79539;
cell_pop_norm0_Jack_MGMT_P(norm)=0.42932;
k_dis(norm)=0.17447;

%%%%%%%%%

TMZout0_Ka_XTMZ=32.0907852603;
MGMT_P0=1.7668695255;
k_MGMT=36.5534562465;
k_addO=0.0101088473;
k_addN=0.1183443961;
DSB_72h_fac=0.8191679267;
k_DSBO=0.0002526260;
k_DSBN=0.0000369353;
k_CyA=2.5145526635;
fVX=0.0013476198;
kf_ATR_MGMT_P=0.0000107036;
k_ATR=0.0268796201;
K_add=0.0000737360;
kd_pATR=0.0030185249;
k_Chk1=353.5420270425;
C_Chk1=0.8760819995;
pChk1_ref12_5_24h=0.0070990549;
pChk1_ref100_24h=0.0071003668;
pChk1_ref100_48h=0.0076933872;
kd_pChk1=0.0656098772;
k_cdc25=234.6892864633;
K_cdc25=1.1929741943;
kf_p53=0.0006982190;
k_p53=26.2412209983;
K_ATR=0.0004074909;
p53ser46_ref50_72h=0.0004481956;
kp_ser46=4.0430908854;
K_p53=0.3876599275;
upAsy=0.2852764093;
sness=0.0039819612;
k_apop=0.0503435734;
tED50=521.7382839361;
cell_pop_norm0_Jack_MGMT_P=81.5832243966;
k_dis=0.0115318216;

%%%%%%%%%

cost=234.3425059041;

%%%%%%%%%

