TMZout0_Ka_XTMZ(norm)=0.84887;
MGMT_P0(norm)=0.28771;
k_MGMT(norm)=0.42950;
k_addO(norm)=0.48151;
k_addN(norm)=0.65556;
DSB_72h_fac(norm)=0.41224;
k_DSBO(norm)=1.00000;
k_DSBN(norm)=0.44460;
k_CyA(norm)=0.53452;
fVX(norm)=0.13469;
kf_ATR_MGMT_P(norm)=0.63942;
k_ATR(norm)=0.57910;
K_add(norm)=0.37651;
kd_pATR(norm)=0.49990;
k_Chk1(norm)=0.29898;
C_Chk1(norm)=0.91079;
pChk1_ref12_5_24h(norm)=0.63431;
pChk1_ref100_24h(norm)=0.80466;
pChk1_ref100_48h(norm)=0.86970;
kd_pChk1(norm)=0.60563;
k_cdc25(norm)=0.63463;
K_cdc25(norm)=0.87840;
kf_p53(norm)=0.27657;
k_p53(norm)=0.67380;
K_ATR(norm)=0.66475;
p53ser46_ref50_72h(norm)=0.34820;
kp_ser46(norm)=0.70594;
K_p53(norm)=0.54927;
upAsy(norm)=0.25280;
sness(norm)=0.50428;
k_apop(norm)=0.78679;
tED50(norm)=0.41964;
cell_pop_norm0_Jack_MGMT_P(norm)=0.20920;
k_dis(norm)=0.92721;

%%%%%%%%%

TMZout0_Ka_XTMZ=37.6700430002;
MGMT_P0=1.6747691536;
k_MGMT=35.5713960145;
k_addO=0.0095088051;
k_addN=0.1307070953;
DSB_72h_fac=0.8980438191;
k_DSBO=0.0004599560;
k_DSBN=0.0000351547;
k_CyA=2.3470129966;
fVX=0.0009710368;
kf_ATR_MGMT_P=0.0000113815;
k_ATR=0.0262356841;
K_add=0.0000680368;
kd_pATR=0.0025320680;
k_Chk1=263.2548380218;
C_Chk1=0.9905154223;
pChk1_ref12_5_24h=0.0088826872;
pChk1_ref100_24h=0.0102847836;
pChk1_ref100_48h=0.0134141167;
kd_pChk1=0.0641787739;
k_cdc25=241.0669565158;
K_cdc25=1.7840567962;
kf_p53=0.0004437675;
k_p53=35.2369388218;
K_ATR=0.0004945125;
p53ser46_ref50_72h=0.0003926121;
kp_ser46=3.6679637356;
K_p53=0.6257438752;
upAsy=0.1484083015;
sness=0.0035105580;
k_apop=0.0689278871;
tED50=329.5718021179;
cell_pop_norm0_Jack_MGMT_P=75.4229817112;
k_dis=0.0215616023;

%%%%%%%%%

cost=233.8068867549;

%%%%%%%%%

