TMZout0_Ka_XTMZ(norm)=0.33710;
MGMT_P0(norm)=0.76225;
k_MGMT(norm)=0.59836;
k_addO(norm)=0.58301;
k_addN(norm)=0.68021;
DSB_72h_fac(norm)=0.73595;
k_DSBO(norm)=0.62962;
k_DSBN(norm)=0.43313;
k_CyA(norm)=0.58108;
fVX(norm)=0.64022;
kf_ATR_MGMT_P(norm)=0.59645;
k_ATR(norm)=0.50002;
K_add(norm)=0.59098;
kd_pATR(norm)=0.69412;
k_Chk1(norm)=0.61142;
C_Chk1(norm)=0.62622;
pChk1_ref12_5_24h(norm)=0.48269;
pChk1_ref100_24h(norm)=0.48167;
pChk1_ref100_48h(norm)=0.50312;
kd_pChk1(norm)=0.64519;
k_cdc25(norm)=0.35928;
K_cdc25(norm)=0.57165;
kf_p53(norm)=0.47835;
k_p53(norm)=0.60657;
K_ATR(norm)=0.51455;
p53ser46_ref50_72h(norm)=0.48976;
kp_ser46(norm)=0.73657;
K_p53(norm)=0.91572;
upAsy(norm)=0.40084;
sness(norm)=0.11473;
k_apop(norm)=0.57946;
tED50(norm)=0.90018;
cell_pop_norm0_Jack_MGMT_P(norm)=0.16398;
k_dis(norm)=0.62641;

%%%%%%%%%

TMZout0_Ka_XTMZ=33.4943295996;
MGMT_P0=2.1564811002;
k_MGMT=47.4377774846;
k_addO=0.0110523997;
k_addN=0.1642653145;
DSB_72h_fac=1.1552700575;
k_DSBO=0.0003252005;
k_DSBN=0.0000324497;
k_CyA=2.0327438488;
fVX=0.0014775891;
kf_ATR_MGMT_P=0.0000109619;
k_ATR=0.0193398698;
K_add=0.0000704679;
kd_pATR=0.0042531049;
k_Chk1=491.0818711779;
C_Chk1=0.7703522954;
pChk1_ref12_5_24h=0.0069856751;
pChk1_ref100_24h=0.0069955894;
pChk1_ref100_48h=0.0080541653;
kd_pChk1=0.0859017692;
k_cdc25=199.1689518025;
K_cdc25=1.3334041521;
kf_p53=0.0006312215;
k_p53=37.8271210764;
K_ATR=0.0003907822;
p53ser46_ref50_72h=0.0005024877;
kp_ser46=4.3712445344;
K_p53=0.7007105655;
upAsy=0.2155239631;
sness=0.0027947586;
k_apop=0.0634940437;
tED50=486.5380947454;
cell_pop_norm0_Jack_MGMT_P=74.2162346326;
k_dis=0.0167886295;

%%%%%%%%%

cost=122.9174074305;

%%%%%%%%%

