TMZout0_Ka_XTMZ(norm)=1.00000;
MGMT_P0(norm)=0.35239;
k_MGMT(norm)=0.00010;
k_addO(norm)=0.30945;
k_addN(norm)=0.38934;
DSB_72h_fac(norm)=0.38689;
k_DSBO(norm)=0.39637;
k_DSBN(norm)=0.45731;
k_CyA(norm)=0.59508;
fVX(norm)=0.70388;
kf_ATR_MGMT_P(norm)=1.00000;
k_ATR(norm)=0.73754;
K_add(norm)=0.92978;
kd_pATR(norm)=0.28968;
k_Chk1(norm)=0.40713;
C_Chk1(norm)=0.42559;
pChk1_ref12_5_24h(norm)=0.27148;
pChk1_ref100_24h(norm)=0.31759;
pChk1_ref100_48h(norm)=0.37987;
kd_pChk1(norm)=0.15290;
k_cdc25(norm)=0.39636;
K_cdc25(norm)=0.63584;
kf_p53(norm)=0.43859;
k_p53(norm)=0.75985;
K_ATR(norm)=0.16989;
p53ser46_ref50_72h(norm)=0.56902;
kp_ser46(norm)=0.73411;
K_p53(norm)=0.70651;
upAsy(norm)=0.56339;
sness(norm)=0.65761;
k_apop(norm)=0.22231;
tED50(norm)=0.28857;
cell_pop_norm0_Jack_MGMT_P(norm)=0.15489;
k_dis(norm)=0.41489;

%%%%%%%%%

TMZout0_Ka_XTMZ=39.0000000000;
MGMT_P0=1.7572490202;
k_MGMT=25.4963091117;
k_addO=0.0086399888;
k_addN=0.1184267438;
DSB_72h_fac=0.8834125240;
k_DSBO=0.0002713595;
k_DSBN=0.0000372107;
k_CyA=2.0895423787;
fVX=0.0015193351;
kf_ATR_MGMT_P=0.0000154510;
k_ATR=0.0216395635;
K_add=0.0000971712;
kd_pATR=0.0024734964;
k_Chk1=374.4595806295;
C_Chk1=0.6509352166;
pChk1_ref12_5_24h=0.0054522342;
pChk1_ref100_24h=0.0056768965;
pChk1_ref100_48h=0.0070279725;
kd_pChk1=0.0544073269;
k_cdc25=252.1362528677;
K_cdc25=1.3982554563;
kf_p53=0.0005939801;
k_p53=34.7994918830;
K_ATR=0.0002422773;
p53ser46_ref50_72h=0.0005454101;
kp_ser46=4.8288350923;
K_p53=0.9162687840;
upAsy=0.2723533001;
sness=0.0041992794;
k_apop=0.0467000424;
tED50=318.5943191068;
cell_pop_norm0_Jack_MGMT_P=73.9760733436;
k_dis=0.0140725516;

%%%%%%%%%

cost=329.1304116059;

%%%%%%%%%

