TMZout0_Ka_XTMZ(norm)=0.78970;
MGMT_P0(norm)=0.39126;
k_MGMT(norm)=1.00000;
k_addO(norm)=0.99882;
k_addN(norm)=0.57976;
DSB_72h_fac(norm)=0.80797;
k_DSBO(norm)=0.72426;
k_DSBN(norm)=0.56565;
k_CyA(norm)=0.96302;
fVX(norm)=1.00000;
kf_ATR_MGMT_P(norm)=0.58944;
k_ATR(norm)=1.00000;
K_add(norm)=0.62271;
kd_pATR(norm)=0.16882;
k_Chk1(norm)=0.00010;
C_Chk1(norm)=1.00000;
pChk1_ref12_5_24h(norm)=0.53280;
pChk1_ref100_24h(norm)=0.81580;
pChk1_ref100_48h(norm)=0.83378;
kd_pChk1(norm)=1.00000;
k_cdc25(norm)=0.38365;
K_cdc25(norm)=0.73280;
kf_p53(norm)=0.23619;
k_p53(norm)=0.11763;
K_ATR(norm)=0.07803;
p53ser46_ref50_72h(norm)=0.41373;
kp_ser46(norm)=0.60955;
K_p53(norm)=0.53189;
upAsy(norm)=0.80737;
sness(norm)=0.71335;
k_apop(norm)=0.76390;
tED50(norm)=0.63303;
cell_pop_norm0_Jack_MGMT_P(norm)=0.21455;
k_dis(norm)=0.24568;

%%%%%%%%%

TMZout0_Ka_XTMZ=37.1617966285;
MGMT_P0=1.7122888916;
k_MGMT=66.6683225466;
k_addO=0.0157204058;
k_addN=0.1508624001;
DSB_72h_fac=1.2174321125;
k_DSBO=0.0003523510;
k_DSBN=0.0000363056;
k_CyA=2.8094957086;
fVX=0.0020042231;
kf_ATR_MGMT_P=0.0000108970;
k_ATR=0.0295416857;
K_add=0.0000723877;
kd_pATR=0.0027252595;
k_Chk1=292.5525408855;
C_Chk1=1.0573793404;
pChk1_ref12_5_24h=0.0072886645;
pChk1_ref100_24h=0.0092849089;
pChk1_ref100_48h=0.0106585153;
kd_pChk1=0.1160280820;
k_cdc25=203.3248599829;
K_cdc25=1.5284817536;
kf_p53=0.0005141293;
k_p53=24.9967871551;
K_ATR=0.0002699646;
p53ser46_ref50_72h=0.0004711377;
kp_ser46=3.9252245385;
K_p53=0.5061722903;
upAsy=0.3041512816;
sness=0.0046410808;
k_apop=0.0742342261;
tED50=387.9834342877;
cell_pop_norm0_Jack_MGMT_P=75.5669769977;
k_dis=0.0121594894;

%%%%%%%%%

cost=1997.1977036570;

%%%%%%%%%

