TMZout0_Ka_XTMZ(norm)=0.16352;
MGMT_P0(norm)=0.92316;
k_MGMT(norm)=0.40818;
k_addO(norm)=0.48298;
k_addN(norm)=0.49337;
DSB_72h_fac(norm)=0.51725;
k_DSBO(norm)=0.44380;
k_DSBN(norm)=1.00000;
k_CyA(norm)=0.40472;
fVX(norm)=0.23584;
kf_ATR_MGMT_P(norm)=0.49439;
k_ATR(norm)=0.35974;
K_add(norm)=0.57068;
kd_pATR(norm)=0.64649;
k_Chk1(norm)=0.46617;
C_Chk1(norm)=0.89211;
pChk1_ref12_5_24h(norm)=0.14531;
pChk1_ref100_24h(norm)=0.26888;
pChk1_ref100_48h(norm)=0.29094;
kd_pChk1(norm)=0.36071;
k_cdc25(norm)=0.74071;
K_cdc25(norm)=0.67193;
kf_p53(norm)=0.79875;
k_p53(norm)=0.84256;
K_ATR(norm)=0.18337;
p53ser46_ref50_72h(norm)=0.49266;
kp_ser46(norm)=0.56941;
K_p53(norm)=0.62945;
upAsy(norm)=0.43080;
sness(norm)=0.65445;
k_apop(norm)=0.55281;
tED50(norm)=0.55595;
cell_pop_norm0_Jack_MGMT_P(norm)=0.29357;
k_dis(norm)=0.63029;

%%%%%%%%%

TMZout0_Ka_XTMZ=32.1858417750;
MGMT_P0=2.3833716384;
k_MGMT=40.3779367637;
k_addO=0.0101542554;
k_addN=0.1402145276;
DSB_72h_fac=0.9853110922;
k_DSBO=0.0002778262;
k_DSBN=0.0000524573;
k_CyA=1.7505945368;
fVX=0.0010489430;
kf_ATR_MGMT_P=0.0000100538;
k_ATR=0.0171725484;
K_add=0.0000692662;
kd_pATR=0.0040849121;
k_Chk1=434.2174581293;
C_Chk1=0.9650052718;
pChk1_ref12_5_24h=0.0052488278;
pChk1_ref100_24h=0.0058414904;
pChk1_ref100_48h=0.0067288933;
kd_pChk1=0.0675024482;
k_cdc25=275.1566417783;
K_cdc25=1.4516581506;
kf_p53=0.0008280969;
k_p53=46.2000681125;
K_ATR=0.0002951690;
p53ser46_ref50_72h=0.0005037224;
kp_ser46=3.7939533328;
K_p53=0.5497929088;
upAsy=0.2210663516;
sness=0.0044151759;
k_apop=0.0620765696;
tED50=363.4544804101;
cell_pop_norm0_Jack_MGMT_P=77.7270587518;
k_dis=0.0168439097;

%%%%%%%%%

cost=259.3614564666;

%%%%%%%%%

