TMZout0_Ka_XTMZ(norm)=0.22247;
MGMT_P0(norm)=0.89149;
k_MGMT(norm)=0.61628;
k_addO(norm)=0.58628;
k_addN(norm)=0.68208;
DSB_72h_fac(norm)=0.81192;
k_DSBO(norm)=0.63931;
k_DSBN(norm)=0.56876;
k_CyA(norm)=0.56181;
fVX(norm)=0.72299;
kf_ATR_MGMT_P(norm)=0.59477;
k_ATR(norm)=0.43318;
K_add(norm)=0.53641;
kd_pATR(norm)=0.98894;
k_Chk1(norm)=0.36281;
C_Chk1(norm)=0.54451;
pChk1_ref12_5_24h(norm)=0.47279;
pChk1_ref100_24h(norm)=0.47149;
pChk1_ref100_48h(norm)=0.66936;
kd_pChk1(norm)=0.28290;
k_cdc25(norm)=0.08553;
K_cdc25(norm)=0.52302;
kf_p53(norm)=0.60023;
k_p53(norm)=0.85345;
K_ATR(norm)=0.59054;
p53ser46_ref50_72h(norm)=0.58022;
kp_ser46(norm)=0.73409;
K_p53(norm)=0.12732;
upAsy(norm)=0.45166;
sness(norm)=0.92738;
k_apop(norm)=0.78377;
tED50(norm)=0.18127;
cell_pop_norm0_Jack_MGMT_P(norm)=0.16663;
k_dis(norm)=0.61906;

%%%%%%%%%

TMZout0_Ka_XTMZ=32.6243702709;
MGMT_P0=2.3566002253;
k_MGMT=42.9750916543;
k_addO=0.0109239460;
k_addN=0.1517647830;
DSB_72h_fac=1.2155859437;
k_DSBO=0.0003333807;
k_DSBN=0.0000408957;
k_CyA=2.0314683976;
fVX=0.0015441337;
kf_ATR_MGMT_P=0.0000109608;
k_ATR=0.0167205729;
K_add=0.0000696282;
kd_pATR=0.0044732415;
k_Chk1=360.6595479717;
C_Chk1=0.7199451077;
pChk1_ref12_5_24h=0.0064662663;
pChk1_ref100_24h=0.0064675739;
pChk1_ref100_48h=0.0089816582;
kd_pChk1=0.0607428939;
k_cdc25=193.7570410844;
K_cdc25=1.2707779234;
kf_p53=0.0006811618;
k_p53=37.6717535716;
K_ATR=0.0003460200;
p53ser46_ref50_72h=0.0005506116;
kp_ser46=4.8287246378;
K_p53=0.5609159233;
upAsy=0.2477515545;
sness=0.0052776933;
k_apop=0.0751484403;
tED50=290.9071210080;
cell_pop_norm0_Jack_MGMT_P=74.2864854151;
k_dis=0.0167303751;

%%%%%%%%%

cost=123.9592002416;

%%%%%%%%%

