TMZout0_Ka_XTMZ(norm)=0.41507;
MGMT_P0(norm)=0.02636;
k_MGMT(norm)=0.28611;
k_addO(norm)=0.39660;
k_addN(norm)=0.47724;
DSB_72h_fac(norm)=0.64230;
k_DSBO(norm)=0.32264;
k_DSBN(norm)=0.71967;
k_CyA(norm)=0.27658;
fVX(norm)=0.31184;
kf_ATR_MGMT_P(norm)=0.49968;
k_ATR(norm)=0.83524;
K_add(norm)=0.55353;
kd_pATR(norm)=0.48093;
k_Chk1(norm)=0.70000;
C_Chk1(norm)=0.17819;
pChk1_ref12_5_24h(norm)=0.00010;
pChk1_ref100_24h(norm)=0.50142;
pChk1_ref100_48h(norm)=0.57365;
kd_pChk1(norm)=0.27039;
k_cdc25(norm)=0.84629;
K_cdc25(norm)=0.72055;
kf_p53(norm)=0.69654;
k_p53(norm)=0.69019;
K_ATR(norm)=0.67736;
p53ser46_ref50_72h(norm)=0.40631;
kp_ser46(norm)=0.15434;
K_p53(norm)=0.38372;
upAsy(norm)=0.00010;
sness(norm)=0.17204;
k_apop(norm)=0.80995;
tED50(norm)=0.27780;
cell_pop_norm0_Jack_MGMT_P(norm)=0.00010;
k_dis(norm)=0.28533;

%%%%%%%%%

TMZout0_Ka_XTMZ=34.0992762233;
MGMT_P0=1.3904755081;
k_MGMT=30.4580342558;
k_addO=0.0086772492;
k_addN=0.1045414125;
DSB_72h_fac=1.0668861502;
k_DSBO=0.0002594036;
k_DSBN=0.0000458569;
k_CyA=1.8037208589;
fVX=0.0010082128;
kf_ATR_MGMT_P=0.0000099489;
k_ATR=0.0304311951;
K_add=0.0000728195;
kd_pATR=0.0030961789;
k_Chk1=445.1389511114;
C_Chk1=0.5376026627;
pChk1_ref12_5_24h=0.0047244711;
pChk1_ref100_24h=0.0072366751;
pChk1_ref100_48h=0.0089689487;
kd_pChk1=0.0583113837;
k_cdc25=317.6929107624;
K_cdc25=1.4787907969;
kf_p53=0.0006492310;
k_p53=40.2395099523;
K_ATR=0.0005092664;
p53ser46_ref50_72h=0.0004029420;
kp_ser46=2.3369783867;
K_p53=0.5195664950;
upAsy=0.1516554193;
sness=0.0026848589;
k_apop=0.0798942002;
tED50=336.5023333262;
cell_pop_norm0_Jack_MGMT_P=70.0024967691;
k_dis=0.0126675018;

%%%%%%%%%

cost=368.0698115596;

%%%%%%%%%

