TMZout0_Ka_XTMZ(norm)=0.19878;
MGMT_P0(norm)=0.63858;
k_MGMT(norm)=0.28047;
k_addO(norm)=0.51850;
k_addN(norm)=0.14654;
DSB_72h_fac(norm)=0.56033;
k_DSBO(norm)=0.20015;
k_DSBN(norm)=0.98898;
k_CyA(norm)=0.40243;
fVX(norm)=0.95264;
kf_ATR_MGMT_P(norm)=0.82222;
k_ATR(norm)=0.96923;
K_add(norm)=0.54599;
kd_pATR(norm)=0.68126;
k_Chk1(norm)=0.71846;
C_Chk1(norm)=0.62673;
pChk1_ref12_5_24h(norm)=0.35239;
pChk1_ref100_24h(norm)=0.66206;
pChk1_ref100_48h(norm)=0.70693;
kd_pChk1(norm)=0.75554;
k_cdc25(norm)=1.00000;
K_cdc25(norm)=0.65770;
kf_p53(norm)=0.41224;
k_p53(norm)=0.25380;
K_ATR(norm)=0.44003;
p53ser46_ref50_72h(norm)=0.58508;
kp_ser46(norm)=0.48235;
K_p53(norm)=0.21273;
upAsy(norm)=0.19151;
sness(norm)=0.53246;
k_apop(norm)=0.54214;
tED50(norm)=0.54272;
cell_pop_norm0_Jack_MGMT_P(norm)=0.00010;
k_dis(norm)=0.67582;

%%%%%%%%%

TMZout0_Ka_XTMZ=32.4474871500;
MGMT_P0=1.9968916607;
k_MGMT=36.2367151714;
k_addO=0.0104644324;
k_addN=0.1045118512;
DSB_72h_fac=1.0166824339;
k_DSBO=0.0002260031;
k_DSBN=0.0000519697;
k_CyA=1.7472120844;
fVX=0.0019253906;
kf_ATR_MGMT_P=0.0000132729;
k_ATR=0.0287813465;
K_add=0.0000678322;
kd_pATR=0.0042070299;
k_Chk1=537.7026919961;
C_Chk1=0.7706828710;
pChk1_ref12_5_24h=0.0062554867;
pChk1_ref100_24h=0.0081508879;
pChk1_ref100_48h=0.0095723688;
kd_pChk1=0.0943209974;
k_cdc25=342.7608330462;
K_cdc25=1.4342580899;
kf_p53=0.0005968380;
k_p53=28.0538083589;
K_ATR=0.0003668728;
p53ser46_ref50_72h=0.0005447532;
kp_ser46=3.5241616436;
K_p53=0.3862358452;
upAsy=0.1804966657;
sness=0.0039816026;
k_apop=0.0615178364;
tED50=359.4025204587;
cell_pop_norm0_Jack_MGMT_P=70.0024967691;
k_dis=0.0175064343;

%%%%%%%%%

cost=222.6247673660;

%%%%%%%%%

