TMZout0_Ka_XTMZ(norm)=0.48593;
MGMT_P0(norm)=0.58691;
k_MGMT(norm)=0.59160;
k_addO(norm)=0.50194;
k_addN(norm)=0.86599;
DSB_72h_fac(norm)=0.82576;
k_DSBO(norm)=0.00010;
k_DSBN(norm)=0.44296;
k_CyA(norm)=1.00000;
fVX(norm)=0.00010;
kf_ATR_MGMT_P(norm)=0.83835;
k_ATR(norm)=0.52878;
K_add(norm)=0.58076;
kd_pATR(norm)=0.30115;
k_Chk1(norm)=0.82454;
C_Chk1(norm)=0.55667;
pChk1_ref12_5_24h(norm)=0.60448;
pChk1_ref100_24h(norm)=0.73445;
pChk1_ref100_48h(norm)=0.93648;
kd_pChk1(norm)=1.00000;
k_cdc25(norm)=0.83008;
K_cdc25(norm)=0.54673;
kf_p53(norm)=1.00000;
k_p53(norm)=0.25723;
K_ATR(norm)=0.55078;
p53ser46_ref50_72h(norm)=0.68920;
kp_ser46(norm)=0.77641;
K_p53(norm)=0.51604;
upAsy(norm)=0.58006;
sness(norm)=0.37674;
k_apop(norm)=0.72990;
tED50(norm)=0.14749;
cell_pop_norm0_Jack_MGMT_P(norm)=0.00010;
k_dis(norm)=0.00010;

%%%%%%%%%

TMZout0_Ka_XTMZ=34.6585491130;
MGMT_P0=1.9337594986;
k_MGMT=47.1669862839;
k_addO=0.0103186413;
k_addN=0.1922683328;
DSB_72h_fac=1.2332896043;
k_DSBO=0.0001907665;
k_DSBN=0.0000327210;
k_CyA=2.8989184694;
fVX=0.0008590255;
kf_ATR_MGMT_P=0.0000134555;
k_ATR=0.0198169495;
K_add=0.0000698602;
kd_pATR=0.0030486224;
k_Chk1=588.2730574560;
C_Chk1=0.7262646899;
pChk1_ref12_5_24h=0.0077450747;
pChk1_ref100_24h=0.0086664747;
pChk1_ref100_48h=0.0116275333;
kd_pChk1=0.1160280820;
k_cdc25=296.8000362519;
K_cdc25=1.3055444556;
kf_p53=0.0009820586;
k_p53=28.1353393489;
K_ATR=0.0004029642;
p53ser46_ref50_72h=0.0005949963;
kp_ser46=4.5212906566;
K_p53=0.4994183898;
upAsy=0.2508674534;
sness=0.0034894439;
k_apop=0.0721263424;
tED50=257.1260340105;
cell_pop_norm0_Jack_MGMT_P=70.0024967691;
k_dis=0.0098752604;

%%%%%%%%%

cost=433.5200578453;

%%%%%%%%%

