TMZout0_Ka_XTMZ(norm)=0.33352;
MGMT_P0(norm)=0.69384;
k_MGMT(norm)=0.84711;
k_addO(norm)=0.58618;
k_addN(norm)=0.74398;
DSB_72h_fac(norm)=0.68030;
k_DSBO(norm)=0.64131;
k_DSBN(norm)=0.25730;
k_CyA(norm)=0.80604;
fVX(norm)=0.51812;
kf_ATR_MGMT_P(norm)=0.59272;
k_ATR(norm)=0.57507;
K_add(norm)=0.70873;
kd_pATR(norm)=0.37866;
k_Chk1(norm)=0.42209;
C_Chk1(norm)=0.57178;
pChk1_ref12_5_24h(norm)=0.54427;
pChk1_ref100_24h(norm)=0.54457;
pChk1_ref100_48h(norm)=0.60260;
kd_pChk1(norm)=0.46203;
k_cdc25(norm)=0.63960;
K_cdc25(norm)=0.56430;
kf_p53(norm)=0.47632;
k_p53(norm)=0.51278;
K_ATR(norm)=0.49806;
p53ser46_ref50_72h(norm)=0.48306;
kp_ser46(norm)=0.55393;
K_p53(norm)=0.51665;
upAsy(norm)=0.05913;
sness(norm)=0.56361;
k_apop(norm)=0.58262;
tED50(norm)=0.25202;
cell_pop_norm0_Jack_MGMT_P(norm)=0.13699;
k_dis(norm)=0.61034;

%%%%%%%%%

TMZout0_Ka_XTMZ=33.4668070392;
MGMT_P0=2.1162074381;
k_MGMT=52.2583810242;
k_addO=0.0109229704;
k_addN=0.1599373205;
DSB_72h_fac=1.1011817241;
k_DSBO=0.0003339471;
k_DSBN=0.0000314100;
k_CyA=2.4985027311;
fVX=0.0012980682;
kf_ATR_MGMT_P=0.0000109417;
k_ATR=0.0188565604;
K_add=0.0000805740;
kd_pATR=0.0026671773;
k_Chk1=379.2350408072;
C_Chk1=0.7367722629;
pChk1_ref12_5_24h=0.0068700221;
pChk1_ref100_24h=0.0068807213;
pChk1_ref100_48h=0.0084876942;
kd_pChk1=0.0706985464;
k_cdc25=309.8437544682;
K_cdc25=1.3160178657;
kf_p53=0.0006132730;
k_p53=28.2264596181;
K_ATR=0.0003199417;
p53ser46_ref50_72h=0.0005070988;
kp_ser46=4.1451340264;
K_p53=0.7801182773;
upAsy=0.1776536578;
sness=0.0038778064;
k_apop=0.0633725733;
tED50=308.8778821985;
cell_pop_norm0_Jack_MGMT_P=73.5051404262;
k_dis=0.0166071977;

%%%%%%%%%

cost=124.1696412859;

%%%%%%%%%

