TMZout0_Ka_XTMZ(norm)=0.54058;
MGMT_P0(norm)=0.81634;
k_MGMT(norm)=0.25239;
k_addO(norm)=1.00000;
k_addN(norm)=0.89438;
DSB_72h_fac(norm)=0.23792;
k_DSBO(norm)=1.00000;
k_DSBN(norm)=0.36897;
k_CyA(norm)=0.21751;
fVX(norm)=0.84286;
kf_ATR_MGMT_P(norm)=0.41973;
k_ATR(norm)=0.82917;
K_add(norm)=0.58629;
kd_pATR(norm)=0.13953;
k_Chk1(norm)=0.81840;
C_Chk1(norm)=0.00010;
pChk1_ref12_5_24h(norm)=0.00010;
pChk1_ref100_24h(norm)=0.54064;
pChk1_ref100_48h(norm)=0.82645;
kd_pChk1(norm)=0.86328;
k_cdc25(norm)=0.19167;
K_cdc25(norm)=0.14443;
kf_p53(norm)=0.39832;
k_p53(norm)=1.00000;
K_ATR(norm)=0.34946;
p53ser46_ref50_72h(norm)=0.18853;
kp_ser46(norm)=0.60230;
K_p53(norm)=0.97029;
upAsy(norm)=1.00000;
sness(norm)=0.87294;
k_apop(norm)=1.00000;
tED50(norm)=1.00000;
cell_pop_norm0_Jack_MGMT_P(norm)=0.00010;
k_dis(norm)=0.53860;

%%%%%%%%%

TMZout0_Ka_XTMZ=35.0960822811;
MGMT_P0=2.2546539682;
k_MGMT=30.6145597530;
k_addO=0.0147542373;
k_addN=0.1600211637;
DSB_72h_fac=0.7872393244;
k_DSBO=0.0004599560;
k_DSBN=0.0000329726;
k_CyA=1.7941627956;
fVX=0.0017694004;
kf_ATR_MGMT_P=0.0000094484;
k_ATR=0.0324274009;
K_add=0.0000812719;
kd_pATR=0.0018658147;
k_Chk1=408.7995382549;
C_Chk1=0.4578752058;
pChk1_ref12_5_24h=0.0051900075;
pChk1_ref100_24h=0.0082232345;
pChk1_ref100_48h=0.0129314988;
kd_pChk1=0.0798364138;
k_cdc25=165.6307678160;
K_cdc25=0.9579159910;
kf_p53=0.0004919885;
k_p53=46.4549530956;
K_ATR=0.0003785818;
p53ser46_ref50_72h=0.0003429334;
kp_ser46=3.3595816104;
K_p53=0.8939693215;
upAsy=0.2795178953;
sness=0.0047977200;
k_apop=0.0825753055;
tED50=538.9024596346;
cell_pop_norm0_Jack_MGMT_P=70.0024967691;
k_dis=0.0155125074;

%%%%%%%%%

cost=3065.0355554570;

%%%%%%%%%

