TMZout0_Ka_XTMZ(norm)=0.56826;
MGMT_P0(norm)=0.57167;
k_MGMT(norm)=0.33115;
k_addO(norm)=0.33641;
k_addN(norm)=0.63969;
DSB_72h_fac(norm)=0.93482;
k_DSBO(norm)=0.14626;
k_DSBN(norm)=0.71524;
k_CyA(norm)=0.86707;
fVX(norm)=1.00000;
kf_ATR_MGMT_P(norm)=0.98718;
k_ATR(norm)=0.48106;
K_add(norm)=0.43177;
kd_pATR(norm)=0.68810;
k_Chk1(norm)=0.42337;
C_Chk1(norm)=0.84977;
pChk1_ref12_5_24h(norm)=0.48684;
pChk1_ref100_24h(norm)=0.58780;
pChk1_ref100_48h(norm)=0.58488;
kd_pChk1(norm)=0.69498;
k_cdc25(norm)=0.10831;
K_cdc25(norm)=0.18604;
kf_p53(norm)=0.18531;
k_p53(norm)=0.73579;
K_ATR(norm)=0.31384;
p53ser46_ref50_72h(norm)=0.82612;
kp_ser46(norm)=1.00000;
K_p53(norm)=0.28710;
upAsy(norm)=0.67723;
sness(norm)=0.77089;
k_apop(norm)=0.84172;
tED50(norm)=0.20659;
cell_pop_norm0_Jack_MGMT_P(norm)=0.48157;
k_dis(norm)=0.59718;

%%%%%%%%%

TMZout0_Ka_XTMZ=35.3198209430;
MGMT_P0=1.9155267978;
k_MGMT=37.8268324184;
k_addO=0.0089683134;
k_addN=0.1587211429;
DSB_72h_fac=1.3351509243;
k_DSBO=0.0002159165;
k_DSBN=0.0000412116;
k_CyA=2.5901230264;
fVX=0.0020042231;
kf_ATR_MGMT_P=0.0000152640;
k_ATR=0.0190317437;
K_add=0.0000615749;
kd_pATR=0.0042314939;
k_Chk1=418.7530889928;
C_Chk1=0.9310036383;
pChk1_ref12_5_24h=0.0070103137;
pChk1_ref100_24h=0.0076538297;
pChk1_ref100_48h=0.0086319444;
kd_pChk1=0.0896033475;
k_cdc25=161.0166903215;
K_cdc25=0.9617595209;
kf_p53=0.0004924382;
k_p53=42.2039234255;
K_ATR=0.0003296703;
p53ser46_ref50_72h=0.0006681819;
kp_ser46=5.4643701630;
K_p53=0.4113587697;
upAsy=0.2723973023;
sness=0.0048729586;
k_apop=0.0792935415;
tED50=270.3292763407;
cell_pop_norm0_Jack_MGMT_P=83.1178209328;
k_dis=0.0163779516;

%%%%%%%%%

cost=274.7136720637;

%%%%%%%%%

