TMZout0_Ka_XTMZ(norm)=0.47955;
MGMT_P0(norm)=0.66224;
k_MGMT(norm)=0.61256;
k_addO(norm)=0.17687;
k_addN(norm)=0.30259;
DSB_72h_fac(norm)=0.57576;
k_DSBO(norm)=0.64352;
k_DSBN(norm)=0.83506;
k_CyA(norm)=0.64944;
fVX(norm)=0.69421;
kf_ATR_MGMT_P(norm)=0.82509;
k_ATR(norm)=0.61000;
K_add(norm)=0.69142;
kd_pATR(norm)=1.00000;
k_Chk1(norm)=0.70299;
C_Chk1(norm)=0.79417;
pChk1_ref12_5_24h(norm)=0.50439;
pChk1_ref100_24h(norm)=0.77329;
pChk1_ref100_48h(norm)=0.64182;
kd_pChk1(norm)=0.26066;
k_cdc25(norm)=0.29481;
K_cdc25(norm)=0.44178;
kf_p53(norm)=0.60204;
k_p53(norm)=0.41982;
K_ATR(norm)=0.28843;
p53ser46_ref50_72h(norm)=0.51592;
kp_ser46(norm)=0.37682;
K_p53(norm)=0.38277;
upAsy(norm)=0.34745;
sness(norm)=0.89091;
k_apop(norm)=0.58651;
tED50(norm)=0.39350;
cell_pop_norm0_Jack_MGMT_P(norm)=0.31752;
k_dis(norm)=0.55607;

%%%%%%%%%

TMZout0_Ka_XTMZ=34.6078392175;
MGMT_P0=2.0396577621;
k_MGMT=40.1631619813;
k_addO=0.0072031740;
k_addN=0.0901608214;
DSB_72h_fac=1.0143038961;
k_DSBO=0.0003404508;
k_DSBN=0.0000505667;
k_CyA=2.4738671387;
fVX=0.0013939818;
kf_ATR_MGMT_P=0.0000131075;
k_ATR=0.0251440500;
K_add=0.0000818443;
kd_pATR=0.0048065363;
k_Chk1=446.2699119790;
C_Chk1=0.9059973333;
pChk1_ref12_5_24h=0.0072430066;
pChk1_ref100_24h=0.0091113207;
pChk1_ref100_48h=0.0095022600;
kd_pChk1=0.0578329115;
k_cdc25=199.1018231608;
K_cdc25=1.1676864022;
kf_p53=0.0005992712;
k_p53=32.0008761722;
K_ATR=0.0003662917;
p53ser46_ref50_72h=0.0004421590;
kp_ser46=2.8217673832;
K_p53=0.5191488601;
upAsy=0.2035508957;
sness=0.0049368341;
k_apop=0.0661140987;
tED50=371.1616895007;
cell_pop_norm0_Jack_MGMT_P=78.3939008793;
k_dis=0.0159337298;

%%%%%%%%%

cost=179.0053549158;

%%%%%%%%%

