TMZout0_Ka_XTMZ(norm)=0.97432;
MGMT_P0(norm)=0.16042;
k_MGMT(norm)=0.76672;
k_addO(norm)=0.26238;
k_addN(norm)=0.37187;
DSB_72h_fac(norm)=0.78654;
k_DSBO(norm)=0.91331;
k_DSBN(norm)=0.73658;
k_CyA(norm)=0.07422;
fVX(norm)=0.94591;
kf_ATR_MGMT_P(norm)=0.91795;
k_ATR(norm)=0.37299;
K_add(norm)=0.61203;
kd_pATR(norm)=0.60274;
k_Chk1(norm)=0.61837;
C_Chk1(norm)=0.44457;
pChk1_ref12_5_24h(norm)=0.31931;
pChk1_ref100_24h(norm)=0.67665;
pChk1_ref100_48h(norm)=1.00000;
kd_pChk1(norm)=0.64620;
k_cdc25(norm)=0.57486;
K_cdc25(norm)=0.29434;
kf_p53(norm)=0.96306;
k_p53(norm)=0.35441;
K_ATR(norm)=0.48037;
p53ser46_ref50_72h(norm)=0.63198;
kp_ser46(norm)=0.48647;
K_p53(norm)=0.44721;
upAsy(norm)=0.27719;
sness(norm)=0.34321;
k_apop(norm)=0.53383;
tED50(norm)=0.27400;
cell_pop_norm0_Jack_MGMT_P(norm)=0.25409;
k_dis(norm)=0.58489;

%%%%%%%%%

TMZout0_Ka_XTMZ=38.7707317725;
MGMT_P0=1.5828755338;
k_MGMT=48.8174657617;
k_addO=0.0083021572;
k_addN=0.1166870061;
DSB_72h_fac=1.1926357908;
k_DSBO=0.0004205001;
k_DSBN=0.0000471444;
k_CyA=1.3439617805;
fVX=0.0018651448;
kf_ATR_MGMT_P=0.0000144133;
k_ATR=0.0158892658;
K_add=0.0000742359;
kd_pATR=0.0032248450;
k_Chk1=447.8546944587;
C_Chk1=0.6614930015;
pChk1_ref12_5_24h=0.0056777676;
pChk1_ref100_24h=0.0076954926;
pChk1_ref100_48h=0.0118856711;
kd_pChk1=0.0826378660;
k_cdc25=293.3045809360;
K_cdc25=1.0469366730;
kf_p53=0.0009263227;
k_p53=24.6821081779;
K_ATR=0.0003151834;
p53ser46_ref50_72h=0.0005752984;
kp_ser46=3.9148351126;
K_p53=0.7355420050;
upAsy=0.2137069366;
sness=0.0032172326;
k_apop=0.0608060902;
tED50=314.6846130222;
cell_pop_norm0_Jack_MGMT_P=76.6403994463;
k_dis=0.0162528682;

%%%%%%%%%

cost=199.6974135610;

%%%%%%%%%

