TMZout0_Ka_XTMZ(norm)=0.20369;
MGMT_P0(norm)=0.95490;
k_MGMT(norm)=0.35168;
k_addO(norm)=0.59606;
k_addN(norm)=0.76213;
DSB_72h_fac(norm)=0.70086;
k_DSBO(norm)=0.71282;
k_DSBN(norm)=0.68388;
k_CyA(norm)=0.65737;
fVX(norm)=0.32837;
kf_ATR_MGMT_P(norm)=0.58807;
k_ATR(norm)=0.10004;
K_add(norm)=0.64268;
kd_pATR(norm)=0.39722;
k_Chk1(norm)=0.95012;
C_Chk1(norm)=0.63319;
pChk1_ref12_5_24h(norm)=0.53289;
pChk1_ref100_24h(norm)=0.57342;
pChk1_ref100_48h(norm)=0.60475;
kd_pChk1(norm)=0.63801;
k_cdc25(norm)=0.74468;
K_cdc25(norm)=0.60333;
kf_p53(norm)=0.42562;
k_p53(norm)=0.59885;
K_ATR(norm)=0.20675;
p53ser46_ref50_72h(norm)=0.42832;
kp_ser46(norm)=0.96070;
K_p53(norm)=0.67651;
upAsy(norm)=0.19509;
sness(norm)=0.50470;
k_apop(norm)=0.62083;
tED50(norm)=0.44399;
cell_pop_norm0_Jack_MGMT_P(norm)=0.17922;
k_dis(norm)=0.62111;

%%%%%%%%%

TMZout0_Ka_XTMZ=32.4840806404;
MGMT_P0=2.4308731150;
k_MGMT=38.4903924526;
k_addO=0.0111752961;
k_addN=0.1760711998;
DSB_72h_fac=1.1261504211;
k_DSBO=0.0003489540;
k_DSBN=0.0000401311;
k_CyA=2.1684867837;
fVX=0.0011344967;
kf_ATR_MGMT_P=0.0000108844;
k_ATR=0.0137806709;
K_add=0.0000736232;
kd_pATR=0.0033071489;
k_Chk1=654.3164275648;
C_Chk1=0.7749156839;
pChk1_ref12_5_24h=0.0072892161;
pChk1_ref100_24h=0.0075611405;
pChk1_ref100_48h=0.0087784981;
kd_pChk1=0.0853804344;
k_cdc25=276.0839345396;
K_cdc25=1.3696857796;
kf_p53=0.0006036429;
k_p53=37.5804853053;
K_ATR=0.0003010746;
p53ser46_ref50_72h=0.0004769972;
kp_ser46=5.2854181812;
K_p53=0.5721550444;
upAsy=0.1810438080;
sness=0.0038890248;
k_apop=0.0657590267;
tED50=330.5615872180;
cell_pop_norm0_Jack_MGMT_P=74.6207472676;
k_dis=0.0167134957;

%%%%%%%%%

cost=123.4771084856;

%%%%%%%%%

