TMZout0_Ka_XTMZ(norm)=0.73927;
MGMT_P0(norm)=0.66937;
k_MGMT(norm)=0.89331;
k_addO(norm)=0.51421;
k_addN(norm)=0.59627;
DSB_72h_fac(norm)=0.66937;
k_DSBO(norm)=0.62027;
k_DSBN(norm)=0.63088;
k_CyA(norm)=0.69753;
fVX(norm)=0.39245;
kf_ATR_MGMT_P(norm)=0.59453;
k_ATR(norm)=0.35748;
K_add(norm)=0.54014;
kd_pATR(norm)=0.69985;
k_Chk1(norm)=0.76447;
C_Chk1(norm)=0.60033;
pChk1_ref12_5_24h(norm)=0.67440;
pChk1_ref100_24h(norm)=0.67474;
pChk1_ref100_48h(norm)=0.70810;
kd_pChk1(norm)=0.46705;
k_cdc25(norm)=0.21851;
K_cdc25(norm)=0.58335;
kf_p53(norm)=0.50060;
k_p53(norm)=0.60019;
K_ATR(norm)=0.37790;
p53ser46_ref50_72h(norm)=0.49680;
kp_ser46(norm)=0.77680;
K_p53(norm)=0.52982;
upAsy(norm)=0.55975;
sness(norm)=0.30317;
k_apop(norm)=0.61000;
tED50(norm)=0.89190;
cell_pop_norm0_Jack_MGMT_P(norm)=0.15684;
k_dis(norm)=0.62085;

%%%%%%%%%

TMZout0_Ka_XTMZ=36.7341008221;
MGMT_P0=2.0881976828;
k_MGMT=54.3446385443;
k_addO=0.0102768327;
k_addN=0.1411227146;
DSB_72h_fac=1.0921813511;
k_DSBO=0.0003280470;
k_DSBN=0.0000431058;
k_CyA=2.2790387314;
fVX=0.0011669484;
kf_ATR_MGMT_P=0.0000109585;
k_ATR=0.0156817824;
K_add=0.0000698491;
kd_pATR=0.0035014067;
k_Chk1=506.8706781892;
C_Chk1=0.7548103962;
pChk1_ref12_5_24h=0.0076708272;
pChk1_ref100_24h=0.0076830576;
pChk1_ref100_48h=0.0092813542;
kd_pChk1=0.0709997389;
k_cdc25=216.8666120880;
K_cdc25=1.3374281391;
kf_p53=0.0006260223;
k_p53=30.3963178042;
K_ATR=0.0002889716;
p53ser46_ref50_72h=0.0005130381;
kp_ser46=5.0066991342;
K_p53=0.7888725667;
upAsy=0.2715134384;
sness=0.0031099225;
k_apop=0.0648597167;
tED50=531.1873158468;
cell_pop_norm0_Jack_MGMT_P=74.0275838666;
k_dis=0.0167556911;

%%%%%%%%%

cost=123.8243520263;

%%%%%%%%%

