TMZout0_Ka_XTMZ(norm)=0.61233;
MGMT_P0(norm)=0.01573;
k_MGMT(norm)=0.42038;
k_addO(norm)=0.54743;
k_addN(norm)=0.46342;
DSB_72h_fac(norm)=0.59744;
k_DSBO(norm)=0.58900;
k_DSBN(norm)=0.51907;
k_CyA(norm)=0.73844;
fVX(norm)=0.41708;
kf_ATR_MGMT_P(norm)=0.62809;
k_ATR(norm)=0.63416;
K_add(norm)=0.79928;
kd_pATR(norm)=0.81078;
k_Chk1(norm)=0.37024;
C_Chk1(norm)=0.50194;
pChk1_ref12_5_24h(norm)=0.45779;
pChk1_ref100_24h(norm)=0.67239;
pChk1_ref100_48h(norm)=0.66247;
kd_pChk1(norm)=0.36524;
k_cdc25(norm)=1.00000;
K_cdc25(norm)=0.43172;
kf_p53(norm)=0.52121;
k_p53(norm)=0.50411;
K_ATR(norm)=0.57013;
p53ser46_ref50_72h(norm)=0.55391;
kp_ser46(norm)=0.61373;
K_p53(norm)=0.43125;
upAsy(norm)=0.14329;
sness(norm)=0.56875;
k_apop(norm)=0.71570;
tED50(norm)=0.44472;
cell_pop_norm0_Jack_MGMT_P(norm)=0.79118;
k_dis(norm)=0.52544;

%%%%%%%%%

TMZout0_Ka_XTMZ=35.6789869063;
MGMT_P0=1.3557592542;
k_MGMT=40.7973712014;
k_addO=0.0107241384;
k_addN=0.1367011524;
DSB_72h_fac=1.0445160361;
k_DSBO=0.0003141975;
k_DSBN=0.0000349008;
k_CyA=2.3226698079;
fVX=0.0012230538;
kf_ATR_MGMT_P=0.0000112597;
k_ATR=0.0216677079;
K_add=0.0000840698;
kd_pATR=0.0046950203;
k_Chk1=400.3203506633;
C_Chk1=0.6933536851;
pChk1_ref12_5_24h=0.0068398228;
pChk1_ref100_24h=0.0082225163;
pChk1_ref100_48h=0.0092184409;
kd_pChk1=0.0677619091;
k_cdc25=342.7608330462;
K_cdc25=1.1843218516;
kf_p53=0.0006545686;
k_p53=34.6817209215;
K_ATR=0.0004096261;
p53ser46_ref50_72h=0.0005305547;
kp_ser46=3.9391552493;
K_p53=0.4647966008;
upAsy=0.1732701974;
sness=0.0041059318;
k_apop=0.0712635591;
tED50=330.7644265680;
cell_pop_norm0_Jack_MGMT_P=92.8224175016;
k_dis=0.0154121390;

%%%%%%%%%

cost=228.9834623240;

%%%%%%%%%

