TMZout0_Ka_XTMZ(norm)=0.09779;
MGMT_P0(norm)=0.42864;
k_MGMT(norm)=0.47071;
k_addO(norm)=0.60598;
k_addN(norm)=0.51387;
DSB_72h_fac(norm)=0.23691;
k_DSBO(norm)=0.00010;
k_DSBN(norm)=0.33412;
k_CyA(norm)=0.60899;
fVX(norm)=0.87179;
kf_ATR_MGMT_P(norm)=0.80445;
k_ATR(norm)=0.48776;
K_add(norm)=0.78061;
kd_pATR(norm)=0.35119;
k_Chk1(norm)=0.21284;
C_Chk1(norm)=0.00010;
pChk1_ref12_5_24h(norm)=0.04023;
pChk1_ref100_24h(norm)=0.14803;
pChk1_ref100_48h(norm)=0.36221;
kd_pChk1(norm)=0.83309;
k_cdc25(norm)=0.49824;
K_cdc25(norm)=0.64087;
kf_p53(norm)=1.00000;
k_p53(norm)=0.04082;
K_ATR(norm)=0.25678;
p53ser46_ref50_72h(norm)=0.89291;
kp_ser46(norm)=0.62058;
K_p53(norm)=0.09441;
upAsy(norm)=0.44749;
sness(norm)=0.32292;
k_apop(norm)=0.51661;
tED50(norm)=0.69215;
cell_pop_norm0_Jack_MGMT_P(norm)=1.00000;
k_dis(norm)=0.00010;

%%%%%%%%%

TMZout0_Ka_XTMZ=31.7038239263;
MGMT_P0=1.7718596703;
k_MGMT=35.6149120091;
k_addO=0.0103616190;
k_addN=0.1078365037;
DSB_72h_fac=0.7841100460;
k_DSBO=0.0001973742;
k_DSBN=0.0000330773;
k_CyA=2.3905138345;
fVX=0.0016203231;
kf_ATR_MGMT_P=0.0000128802;
k_ATR=0.0226702038;
K_add=0.0000882688;
kd_pATR=0.0027738556;
k_Chk1=294.5987359687;
C_Chk1=0.4623057424;
pChk1_ref12_5_24h=0.0048878707;
pChk1_ref100_24h=0.0053641471;
pChk1_ref100_48h=0.0074978548;
kd_pChk1=0.0939326745;
k_cdc25=236.5557475755;
K_cdc25=1.3822530526;
kf_p53=0.0008395845;
k_p53=23.2111414868;
K_ATR=0.0003566004;
p53ser46_ref50_72h=0.0006085535;
kp_ser46=3.4691188291;
K_p53=0.4066113008;
upAsy=0.2215582247;
sness=0.0030509995;
k_apop=0.0623122488;
tED50=478.0372414240;
cell_pop_norm0_Jack_MGMT_P=100.0000000000;
k_dis=0.0099479497;

%%%%%%%%%

cost=455.4566147807;

%%%%%%%%%

