TMZout0_Ka_XTMZ(norm)=0.51721;
MGMT_P0(norm)=0.84115;
k_MGMT(norm)=0.75827;
k_addO(norm)=0.61567;
k_addN(norm)=0.90326;
DSB_72h_fac(norm)=0.72358;
k_DSBO(norm)=0.69533;
k_DSBN(norm)=0.46744;
k_CyA(norm)=0.48626;
fVX(norm)=0.77118;
kf_ATR_MGMT_P(norm)=0.63391;
k_ATR(norm)=0.77465;
K_add(norm)=0.68252;
kd_pATR(norm)=0.53480;
k_Chk1(norm)=0.32338;
C_Chk1(norm)=0.55406;
pChk1_ref12_5_24h(norm)=0.70553;
pChk1_ref100_24h(norm)=0.71973;
pChk1_ref100_48h(norm)=0.77027;
kd_pChk1(norm)=0.34782;
k_cdc25(norm)=0.09947;
K_cdc25(norm)=0.68631;
kf_p53(norm)=0.58289;
k_p53(norm)=0.59258;
K_ATR(norm)=0.70950;
p53ser46_ref50_72h(norm)=0.60563;
kp_ser46(norm)=0.49007;
K_p53(norm)=0.43723;
upAsy(norm)=0.79355;
sness(norm)=0.57872;
k_apop(norm)=0.42590;
tED50(norm)=0.81819;
cell_pop_norm0_Jack_MGMT_P(norm)=0.16039;
k_dis(norm)=0.57484;

%%%%%%%%%

TMZout0_Ka_XTMZ=34.9083349424;
MGMT_P0=2.2718224863;
k_MGMT=45.4408215451;
k_addO=0.0104470636;
k_addN=0.1499868948;
DSB_72h_fac=1.1348417209;
k_DSBO=0.0003557288;
k_DSBN=0.0000370330;
k_CyA=2.1544096700;
fVX=0.0014879163;
kf_ATR_MGMT_P=0.0000111473;
k_ATR=0.0289082416;
K_add=0.0000812291;
kd_pATR=0.0032407817;
k_Chk1=323.5243626551;
C_Chk1=0.7392212196;
pChk1_ref12_5_24h=0.0085888625;
pChk1_ref100_24h=0.0087070964;
pChk1_ref100_48h=0.0105948546;
kd_pChk1=0.0622654987;
k_cdc25=168.7311233866;
K_cdc25=1.4365134270;
kf_p53=0.0005896284;
k_p53=37.0451868059;
K_ATR=0.0005233259;
p53ser46_ref50_72h=0.0004770777;
kp_ser46=3.1059612976;
K_p53=0.5436644069;
upAsy=0.2970500375;
sness=0.0037894010;
k_apop=0.0577025363;
tED50=531.9137648786;
cell_pop_norm0_Jack_MGMT_P=74.1211253413;
k_dis=0.0161891224;

%%%%%%%%%

cost=123.4882911175;

%%%%%%%%%

