TMZout0_Ka_XTMZ(norm)=0.21563;
MGMT_P0(norm)=0.49390;
k_MGMT(norm)=0.81115;
k_addO(norm)=0.25430;
k_addN(norm)=0.23303;
DSB_72h_fac(norm)=0.56518;
k_DSBO(norm)=0.29709;
k_DSBN(norm)=0.47900;
k_CyA(norm)=0.69575;
fVX(norm)=0.05562;
kf_ATR_MGMT_P(norm)=0.42286;
k_ATR(norm)=0.23748;
K_add(norm)=0.54601;
kd_pATR(norm)=0.00010;
k_Chk1(norm)=0.55807;
C_Chk1(norm)=0.23398;
pChk1_ref12_5_24h(norm)=0.73728;
pChk1_ref100_24h(norm)=0.35314;
pChk1_ref100_48h(norm)=0.81371;
kd_pChk1(norm)=0.15002;
k_cdc25(norm)=0.48024;
K_cdc25(norm)=0.93803;
kf_p53(norm)=1.00000;
k_p53(norm)=0.00010;
K_ATR(norm)=0.90763;
p53ser46_ref50_72h(norm)=0.24760;
kp_ser46(norm)=0.80308;
K_p53(norm)=0.60052;
upAsy(norm)=1.00000;
sness(norm)=1.00000;
k_apop(norm)=0.40942;
tED50(norm)=0.00668;
cell_pop_norm0_Jack_MGMT_P(norm)=0.67071;
k_dis(norm)=1.00000;

%%%%%%%%%

TMZout0_Ka_XTMZ=32.5732092569;
MGMT_P0=1.8251189174;
k_MGMT=56.8103758728;
k_addO=0.0083656229;
k_addN=0.1124586875;
DSB_72h_fac=1.0202823959;
k_DSBO=0.0002453518;
k_DSBN=0.0000337358;
k_CyA=2.2401625508;
fVX=0.0009003994;
kf_ATR_MGMT_P=0.0000094626;
k_ATR=0.0154827101;
K_add=0.0000678334;
kd_pATR=0.0023622425;
k_Chk1=469.3790001515;
C_Chk1=0.5525288266;
pChk1_ref12_5_24h=0.0086674747;
pChk1_ref100_24h=0.0062737922;
pChk1_ref100_48h=0.0104788450;
kd_pChk1=0.0564662642;
k_cdc25=220.6632437019;
K_cdc25=1.8187914783;
kf_p53=0.0009820586;
k_p53=22.6274627823;
K_ATR=0.0005452293;
p53ser46_ref50_72h=0.0004092728;
kp_ser46=4.6246262419;
K_p53=0.5364792933;
upAsy=0.3580746716;
sness=0.0059169975;
k_apop=0.0549748007;
tED50=228.2076486149;
cell_pop_norm0_Jack_MGMT_P=88.9185491787;
k_dis=0.0230403219;

%%%%%%%%%

cost=100000.0000000000;

%%%%%%%%%

