TMZout0_Ka_XTMZ(norm)=0.70607;
MGMT_P0(norm)=0.76676;
k_MGMT(norm)=0.77949;
k_addO(norm)=0.56949;
k_addN(norm)=0.46451;
DSB_72h_fac(norm)=0.61837;
k_DSBO(norm)=0.70941;
k_DSBN(norm)=0.80887;
k_CyA(norm)=0.76454;
fVX(norm)=0.56723;
kf_ATR_MGMT_P(norm)=0.59434;
k_ATR(norm)=0.69925;
K_add(norm)=0.75885;
kd_pATR(norm)=0.14744;
k_Chk1(norm)=0.34913;
C_Chk1(norm)=0.60764;
pChk1_ref12_5_24h(norm)=0.59095;
pChk1_ref100_24h(norm)=0.59141;
pChk1_ref100_48h(norm)=0.59742;
kd_pChk1(norm)=0.49544;
k_cdc25(norm)=0.58360;
K_cdc25(norm)=0.60304;
kf_p53(norm)=0.56152;
k_p53(norm)=0.48546;
K_ATR(norm)=0.63109;
p53ser46_ref50_72h(norm)=0.55879;
kp_ser46(norm)=0.47158;
K_p53(norm)=0.80955;
upAsy(norm)=0.20221;
sness(norm)=0.56132;
k_apop(norm)=0.66724;
tED50(norm)=0.15761;
cell_pop_norm0_Jack_MGMT_P(norm)=0.14506;
k_dis(norm)=0.61562;

%%%%%%%%%

TMZout0_Ka_XTMZ=36.4551834570;
MGMT_P0=2.1926472604;
k_MGMT=47.8507143222;
k_addO=0.0102447256;
k_addN=0.1111722367;
DSB_72h_fac=1.0493629474;
k_DSBO=0.0003595726;
k_DSBN=0.0000478656;
k_CyA=2.8520600717;
fVX=0.0014008805;
kf_ATR_MGMT_P=0.0000109550;
k_ATR=0.0290471359;
K_add=0.0000940669;
kd_pATR=0.0018783631;
k_Chk1=274.6805639456;
C_Chk1=0.7661400605;
pChk1_ref12_5_24h=0.0085622304;
pChk1_ref100_24h=0.0085846716;
pChk1_ref100_48h=0.0106504711;
kd_pChk1=0.0584576556;
k_cdc25=230.8660721027;
K_cdc25=1.4128081704;
kf_p53=0.0005649503;
k_p53=30.0396442693;
K_ATR=0.0004806109;
p53ser46_ref50_72h=0.0004693088;
kp_ser46=3.0073468549;
K_p53=0.7801442643;
upAsy=0.1421812964;
sness=0.0036843743;
k_apop=0.0622875812;
tED50=263.9556392734;
cell_pop_norm0_Jack_MGMT_P=73.7171334655;
k_dis=0.0165587102;

%%%%%%%%%

cost=124.4147152335;

%%%%%%%%%

