TMZout0_Ka_XTMZ(norm)=0.50000;
MGMT_P0(norm)=0.25000;
k_MGMT(norm)=0.50000;
k_addO(norm)=0.25000;
k_addN(norm)=0.50000;
DSB_72h_fac(norm)=0.50000;
k_DSBO(norm)=0.25000;
k_DSBN(norm)=0.25000;
k_CyA(norm)=0.50000;
fVX(norm)=0.25000;
kf_ATR_MGMT_P(norm)=0.75000;
k_ATR(norm)=0.75000;
K_add(norm)=0.75000;
kd_pATR(norm)=0.50000;
k_Chk1(norm)=0.50000;
C_Chk1(norm)=0.25000;
pChk1_ref12_5_24h(norm)=0.75000;
pChk1_ref100_24h(norm)=0.75000;
pChk1_ref100_48h(norm)=0.75000;
kd_pChk1(norm)=0.25000;
k_cdc25(norm)=0.50000;
K_cdc25(norm)=0.25000;
kf_p53(norm)=0.50000;
k_p53(norm)=0.25000;
K_ATR(norm)=0.25000;
p53ser46_ref50_72h(norm)=0.25000;
kp_ser46(norm)=0.50000;
K_p53(norm)=0.25000;
upAsy(norm)=0.50000;
sness(norm)=0.50000;
k_apop(norm)=0.75000;
tED50(norm)=0.75000;
cell_pop_norm0_Jack_MGMT_P(norm)=0.50000;
k_dis(norm)=0.25000;

%%%%%%%%%

TMZout0_Ka_XTMZ=34.7706773014;
MGMT_P0=1.6619789988;
k_MGMT=38.9429557140;
k_addO=0.0082155333;
k_addN=0.1300683286;
DSB_72h_fac=0.9617317139;
k_DSBO=0.0002397091;
k_DSBN=0.0000312163;
k_CyA=1.9278102446;
fVX=0.0010342717;
kf_ATR_MGMT_P=0.0000125015;
k_ATR=0.0218692406;
K_add=0.0000834416;
kd_pATR=0.0029559957;
k_Chk1=405.1154817465;
C_Chk1=0.5609528597;
pChk1_ref12_5_24h=0.0081782503;
pChk1_ref100_24h=0.0081889424;
pChk1_ref100_48h=0.0096167763;
kd_pChk1=0.0590728205;
k_cdc25=275.2795145422;
K_cdc25=1.0083368937;
kf_p53=0.0006257026;
k_p53=22.5923282262;
K_ATR=0.0002592930;
p53ser46_ref50_72h=0.0004162290;
kp_ser46=3.9599876081;
K_p53=0.6223569099;
upAsy=0.2581105258;
sness=0.0036743343;
k_apop=0.0730286500;
tED50=471.0137762886;
cell_pop_norm0_Jack_MGMT_P=83.6660026534;
k_dis=0.0122376685;

%%%%%%%%%

cost=125.9893013764;

%%%%%%%%%

