TMZout0_Ka_XTMZ(norm)=0.78639;
MGMT_P0(norm)=0.56128;
k_MGMT(norm)=0.27591;
k_addO(norm)=0.06647;
k_addN(norm)=0.43043;
DSB_72h_fac(norm)=0.34838;
k_DSBO(norm)=0.58257;
k_DSBN(norm)=0.00010;
k_CyA(norm)=0.22282;
fVX(norm)=0.42864;
kf_ATR_MGMT_P(norm)=0.55773;
k_ATR(norm)=0.48589;
K_add(norm)=0.99196;
kd_pATR(norm)=0.00010;
k_Chk1(norm)=0.95835;
C_Chk1(norm)=0.00010;
pChk1_ref12_5_24h(norm)=0.42487;
pChk1_ref100_24h(norm)=0.02550;
pChk1_ref100_48h(norm)=0.00010;
kd_pChk1(norm)=0.20745;
k_cdc25(norm)=0.18942;
K_cdc25(norm)=0.86937;
kf_p53(norm)=0.00010;
k_p53(norm)=0.54127;
K_ATR(norm)=0.67657;
p53ser46_ref50_72h(norm)=0.19576;
kp_ser46(norm)=0.00010;
K_p53(norm)=0.35033;
upAsy(norm)=0.22786;
sness(norm)=0.87581;
k_apop(norm)=0.00010;
tED50(norm)=1.00000;
cell_pop_norm0_Jack_MGMT_P(norm)=0.37634;
k_dis(norm)=0.40868;

%%%%%%%%%

TMZout0_Ka_XTMZ=37.1335944833;
MGMT_P0=1.9031957340;
k_MGMT=36.0970678318;
k_addO=0.0071347811;
k_addN=0.1329333303;
DSB_72h_fac=0.8713826903;
k_DSBO=0.0003124920;
k_DSBN=0.0000224836;
k_CyA=1.5005564373;
fVX=0.0012350927;
kf_ATR_MGMT_P=0.0000106081;
k_ATR=0.0191097983;
K_add=0.0000989790;
kd_pATR=0.0023622425;
k_Chk1=658.8963447156;
C_Chk1=0.4532009724;
pChk1_ref12_5_24h=0.0066517010;
pChk1_ref100_24h=0.0047529555;
pChk1_ref100_48h=0.0052592322;
kd_pChk1=0.0592821218;
k_cdc25=172.4712606758;
K_cdc25=1.7159983313;
kf_p53=0.0004209179;
k_p53=35.7910649677;
K_ATR=0.0004482880;
p53ser46_ref50_72h=0.0003916881;
kp_ser46=2.3420713618;
K_p53=0.4339987720;
upAsy=0.1861412383;
sness=0.0053260139;
k_apop=0.0388635663;
tED50=529.4799787438;
cell_pop_norm0_Jack_MGMT_P=80.0561014058;
k_dis=0.0139604060;

%%%%%%%%%

cost=100000.0000000000;

%%%%%%%%%

