TMZout0_Ka_XTMZ(norm)=0.52941;
MGMT_P0(norm)=0.14543;
k_MGMT(norm)=0.29975;
k_addO(norm)=0.60418;
k_addN(norm)=0.57288;
DSB_72h_fac(norm)=0.63530;
k_DSBO(norm)=0.71595;
k_DSBN(norm)=0.50488;
k_CyA(norm)=0.39136;
fVX(norm)=0.73940;
kf_ATR_MGMT_P(norm)=0.53550;
k_ATR(norm)=0.69196;
K_add(norm)=0.87677;
kd_pATR(norm)=0.00010;
k_Chk1(norm)=0.30424;
C_Chk1(norm)=0.50503;
pChk1_ref12_5_24h(norm)=0.39702;
pChk1_ref100_24h(norm)=0.67896;
pChk1_ref100_48h(norm)=0.89192;
kd_pChk1(norm)=0.07053;
k_cdc25(norm)=0.92268;
K_cdc25(norm)=0.43827;
kf_p53(norm)=0.79232;
k_p53(norm)=0.25053;
K_ATR(norm)=0.48295;
p53ser46_ref50_72h(norm)=0.71142;
kp_ser46(norm)=0.54937;
K_p53(norm)=0.18183;
upAsy(norm)=0.67378;
sness(norm)=0.67775;
k_apop(norm)=0.68792;
tED50(norm)=0.59193;
cell_pop_norm0_Jack_MGMT_P(norm)=0.09792;
k_dis(norm)=0.54798;

%%%%%%%%%

TMZout0_Ka_XTMZ=35.0062257338;
MGMT_P0=1.3887708086;
k_MGMT=39.8988534428;
k_addO=0.0105163392;
k_addN=0.1427119001;
DSB_72h_fac=1.0415273743;
k_DSBO=0.0004089196;
k_DSBN=0.0000330857;
k_CyA=2.3539920540;
fVX=0.0016570001;
kf_ATR_MGMT_P=0.0000104573;
k_ATR=0.0308608665;
K_add=0.0001158091;
kd_pATR=0.0012088706;
k_Chk1=251.2199144599;
C_Chk1=0.7053168895;
pChk1_ref12_5_24h=0.0075354880;
pChk1_ref100_24h=0.0096250933;
pChk1_ref100_48h=0.0139336819;
kd_pChk1=0.0394017875;
k_cdc25=282.1625735248;
K_cdc25=1.2070601057;
kf_p53=0.0005617771;
k_p53=23.0163026871;
K_ATR=0.0004460148;
p53ser46_ref50_72h=0.0004292233;
kp_ser46=2.9976973154;
K_p53=0.4151173556;
upAsy=0.3033077255;
sness=0.0058103350;
k_apop=0.0673209301;
tED50=415.9120023038;
cell_pop_norm0_Jack_MGMT_P=72.4879529328;
k_dis=0.0152193199;

%%%%%%%%%

cost=185.7160081976;

%%%%%%%%%

