TMZout0_Ka_XTMZ(norm)=0.42454;
MGMT_P0(norm)=0.80077;
k_MGMT(norm)=0.64389;
k_addO(norm)=0.59228;
k_addN(norm)=0.80974;
DSB_72h_fac(norm)=0.68462;
k_DSBO(norm)=0.64205;
k_DSBN(norm)=0.87608;
k_CyA(norm)=0.90135;
fVX(norm)=0.62388;
kf_ATR_MGMT_P(norm)=0.61037;
k_ATR(norm)=0.53418;
K_add(norm)=0.70543;
kd_pATR(norm)=0.21033;
k_Chk1(norm)=0.30667;
C_Chk1(norm)=0.58923;
pChk1_ref12_5_24h(norm)=0.31074;
pChk1_ref100_24h(norm)=0.31491;
pChk1_ref100_48h(norm)=0.41818;
kd_pChk1(norm)=0.69142;
k_cdc25(norm)=0.59642;
K_cdc25(norm)=0.60080;
kf_p53(norm)=0.07500;
k_p53(norm)=0.56785;
K_ATR(norm)=0.56227;
p53ser46_ref50_72h(norm)=0.14816;
kp_ser46(norm)=0.67021;
K_p53(norm)=0.32517;
upAsy(norm)=0.42752;
sness(norm)=0.91472;
k_apop(norm)=0.59961;
tED50(norm)=0.56075;
cell_pop_norm0_Jack_MGMT_P(norm)=0.15734;
k_dis(norm)=0.58518;

%%%%%%%%%

TMZout0_Ka_XTMZ=34.1735034977;
MGMT_P0=2.2087496935;
k_MGMT=49.3035813811;
k_addO=0.0111394904;
k_addN=0.1833199649;
DSB_72h_fac=1.1129217943;
k_DSBO=0.0003286420;
k_DSBN=0.0000472288;
k_CyA=2.6664623273;
fVX=0.0014572843;
kf_ATR_MGMT_P=0.0000110920;
k_ATR=0.0199079021;
K_add=0.0000776435;
kd_pATR=0.0028228248;
k_Chk1=379.3290985513;
C_Chk1=0.7465814865;
pChk1_ref12_5_24h=0.0060385993;
pChk1_ref100_24h=0.0060738159;
pChk1_ref100_48h=0.0074948985;
kd_pChk1=0.0893332840;
k_cdc25=243.4905399968;
K_cdc25=1.3667495043;
kf_p53=0.0004484952;
k_p53=36.6063433623;
K_ATR=0.0004069075;
p53ser46_ref50_72h=0.0003762041;
kp_ser46=4.1322347817;
K_p53=0.4248434179;
upAsy=0.2204513447;
sness=0.0055045222;
k_apop=0.0645876881;
tED50=364.9342352856;
cell_pop_norm0_Jack_MGMT_P=74.0406608884;
k_dis=0.0162122710;

%%%%%%%%%

cost=123.7006228413;

%%%%%%%%%

