TMZout0_Ka_XTMZ(norm)=0.25794;
MGMT_P0(norm)=0.96563;
k_MGMT(norm)=0.61321;
k_addO(norm)=0.59478;
k_addN(norm)=0.72865;
DSB_72h_fac(norm)=0.74587;
k_DSBO(norm)=0.70493;
k_DSBN(norm)=0.49739;
k_CyA(norm)=0.54685;
fVX(norm)=0.82659;
kf_ATR_MGMT_P(norm)=0.61307;
k_ATR(norm)=0.58218;
K_add(norm)=0.64462;
kd_pATR(norm)=0.59488;
k_Chk1(norm)=0.59648;
C_Chk1(norm)=0.60574;
pChk1_ref12_5_24h(norm)=0.57839;
pChk1_ref100_24h(norm)=0.57927;
pChk1_ref100_48h(norm)=0.56178;
kd_pChk1(norm)=0.63289;
k_cdc25(norm)=0.80389;
K_cdc25(norm)=0.64863;
kf_p53(norm)=0.56723;
k_p53(norm)=0.53494;
K_ATR(norm)=0.52818;
p53ser46_ref50_72h(norm)=0.58442;
kp_ser46(norm)=0.61799;
K_p53(norm)=0.90804;
upAsy(norm)=0.55312;
sness(norm)=0.48300;
k_apop(norm)=0.55579;
tED50(norm)=0.68836;
cell_pop_norm0_Jack_MGMT_P(norm)=0.16855;
k_dis(norm)=0.60157;

%%%%%%%%%

TMZout0_Ka_XTMZ=32.8911540458;
MGMT_P0=2.4536634940;
k_MGMT=42.8635359333;
k_addO=0.0110028595;
k_addN=0.1578736681;
DSB_72h_fac=1.1567633138;
k_DSBO=0.0003524417;
k_DSBN=0.0000384959;
k_CyA=2.0058777954;
fVX=0.0016858048;
kf_ATR_MGMT_P=0.0000111320;
k_ATR=0.0189705080;
K_add=0.0000763142;
kd_pATR=0.0032034406;
k_Chk1=439.6253909599;
C_Chk1=0.7582792568;
pChk1_ref12_5_24h=0.0070715091;
pChk1_ref100_24h=0.0070860588;
pChk1_ref100_48h=0.0081991470;
kd_pChk1=0.0817112176;
k_cdc25=356.1214336454;
K_cdc25=1.4134862658;
kf_p53=0.0006623810;
k_p53=28.7615946522;
K_ATR=0.0003282110;
p53ser46_ref50_72h=0.0005525751;
kp_ser46=4.3763551340;
K_p53=1.0868837370;
upAsy=0.2699925426;
sness=0.0036217931;
k_apop=0.0619481677;
tED50=447.0440432392;
cell_pop_norm0_Jack_MGMT_P=74.3372550057;
k_dis=0.0164842700;

%%%%%%%%%

cost=123.0136047803;

%%%%%%%%%

