TMZout0_Ka_XTMZ(norm)=0.76110;
MGMT_P0(norm)=0.25608;
k_MGMT(norm)=0.15347;
k_addO(norm)=0.24546;
k_addN(norm)=0.35017;
DSB_72h_fac(norm)=0.34187;
k_DSBO(norm)=0.31443;
k_DSBN(norm)=0.66347;
k_CyA(norm)=0.29796;
fVX(norm)=0.57432;
kf_ATR_MGMT_P(norm)=0.59429;
k_ATR(norm)=0.54448;
K_add(norm)=0.31604;
kd_pATR(norm)=0.72852;
k_Chk1(norm)=0.35004;
C_Chk1(norm)=0.00010;
pChk1_ref12_5_24h(norm)=0.68629;
pChk1_ref100_24h(norm)=0.76415;
pChk1_ref100_48h(norm)=0.63672;
kd_pChk1(norm)=1.00000;
k_cdc25(norm)=0.79527;
K_cdc25(norm)=0.55954;
kf_p53(norm)=0.44564;
k_p53(norm)=0.53294;
K_ATR(norm)=0.31402;
p53ser46_ref50_72h(norm)=1.00000;
kp_ser46(norm)=0.84861;
K_p53(norm)=0.59354;
upAsy(norm)=0.40886;
sness(norm)=0.82640;
k_apop(norm)=0.08854;
tED50(norm)=0.67849;
cell_pop_norm0_Jack_MGMT_P(norm)=0.35497;
k_dis(norm)=0.27783;

%%%%%%%%%

TMZout0_Ka_XTMZ=36.9186356207;
MGMT_P0=1.5968885000;
k_MGMT=27.2203894799;
k_addO=0.0076341959;
k_addN=0.0938699907;
DSB_72h_fac=0.8491915999;
k_DSBO=0.0002576059;
k_DSBN=0.0000437245;
k_CyA=1.8367023096;
fVX=0.0012593308;
kf_ATR_MGMT_P=0.0000107793;
k_ATR=0.0237862391;
K_add=0.0000595463;
kd_pATR=0.0038188741;
k_Chk1=330.9178965295;
C_Chk1=0.4623057424;
pChk1_ref12_5_24h=0.0084499418;
pChk1_ref100_24h=0.0090410669;
pChk1_ref100_48h=0.0094612914;
kd_pChk1=0.1082018424;
k_cdc25=304.2514714914;
K_cdc25=1.2902057200;
kf_p53=0.0005248947;
k_p53=35.2199388233;
K_ATR=0.0003743200;
p53ser46_ref50_72h=0.0006663572;
kp_ser46=4.2085296381;
K_p53=0.6206560744;
upAsy=0.2144237276;
sness=0.0046742402;
k_apop=0.0433565600;
tED50=472.5362861596;
cell_pop_norm0_Jack_MGMT_P=79.4480604044;
k_dis=0.0125872967;

%%%%%%%%%

cost=285.7797539609;

%%%%%%%%%

