TMZout0_Ka_XTMZ(norm)=0.60025;
MGMT_P0(norm)=0.57504;
k_MGMT(norm)=0.45769;
k_addO(norm)=0.36885;
k_addN(norm)=0.38110;
DSB_72h_fac(norm)=0.76788;
k_DSBO(norm)=0.60631;
k_DSBN(norm)=0.84909;
k_CyA(norm)=0.48875;
fVX(norm)=0.90587;
kf_ATR_MGMT_P(norm)=0.76600;
k_ATR(norm)=0.67528;
K_add(norm)=0.86003;
kd_pATR(norm)=0.27656;
k_Chk1(norm)=0.13496;
C_Chk1(norm)=0.75762;
pChk1_ref12_5_24h(norm)=0.61437;
pChk1_ref100_24h(norm)=0.76626;
pChk1_ref100_48h(norm)=0.67706;
kd_pChk1(norm)=0.19146;
k_cdc25(norm)=0.33112;
K_cdc25(norm)=0.35161;
kf_p53(norm)=1.00000;
k_p53(norm)=0.03153;
K_ATR(norm)=0.26844;
p53ser46_ref50_72h(norm)=0.81813;
kp_ser46(norm)=0.51318;
K_p53(norm)=0.45818;
upAsy(norm)=0.40683;
sness(norm)=0.47238;
k_apop(norm)=0.68637;
tED50(norm)=0.28351;
cell_pop_norm0_Jack_MGMT_P(norm)=0.43373;
k_dis(norm)=0.42926;

%%%%%%%%%

TMZout0_Ka_XTMZ=35.5802389498;
MGMT_P0=1.9836744539;
k_MGMT=37.5714743241;
k_addO=0.0090859273;
k_addN=0.1176034660;
DSB_72h_fac=1.1760400427;
k_DSBO=0.0003241903;
k_DSBN=0.0000518600;
k_CyA=1.9095219523;
fVX=0.0018029322;
kf_ATR_MGMT_P=0.0000126721;
k_ATR=0.0205276909;
K_add=0.0000915946;
kd_pATR=0.0024461506;
k_Chk1=297.3400435781;
C_Chk1=0.8624166743;
pChk1_ref12_5_24h=0.0072904019;
pChk1_ref100_24h=0.0083025775;
pChk1_ref100_48h=0.0090404320;
kd_pChk1=0.0562142391;
k_cdc25=238.5767813868;
K_cdc25=1.0989942398;
kf_p53=0.0009557765;
k_p53=18.7745345881;
K_ATR=0.0002633766;
p53ser46_ref50_72h=0.0006735834;
kp_ser46=4.0044706017;
K_p53=0.7424135729;
upAsy=0.2385179233;
sness=0.0035893349;
k_apop=0.0691955248;
tED50=317.2314200430;
cell_pop_norm0_Jack_MGMT_P=81.7115461170;
k_dis=0.0142450279;

%%%%%%%%%

cost=191.1646154806;

%%%%%%%%%

