TMZout0_Ka_XTMZ(norm)=0.06205;
MGMT_P0(norm)=0.34418;
k_MGMT(norm)=0.80944;
k_addO(norm)=0.06765;
k_addN(norm)=0.35265;
DSB_72h_fac(norm)=0.59035;
k_DSBO(norm)=1.00000;
k_DSBN(norm)=0.31512;
k_CyA(norm)=0.27914;
fVX(norm)=0.28633;
kf_ATR_MGMT_P(norm)=0.46806;
k_ATR(norm)=0.49297;
K_add(norm)=0.23345;
kd_pATR(norm)=0.76270;
k_Chk1(norm)=0.37225;
C_Chk1(norm)=0.00010;
pChk1_ref12_5_24h(norm)=0.91312;
pChk1_ref100_24h(norm)=0.07064;
pChk1_ref100_48h(norm)=0.80479;
kd_pChk1(norm)=1.00000;
k_cdc25(norm)=0.54079;
K_cdc25(norm)=0.03079;
kf_p53(norm)=0.33634;
k_p53(norm)=0.43263;
K_ATR(norm)=0.36486;
p53ser46_ref50_72h(norm)=1.00000;
kp_ser46(norm)=0.68187;
K_p53(norm)=0.00010;
upAsy(norm)=0.54714;
sness(norm)=0.52733;
k_apop(norm)=0.00010;
tED50(norm)=0.64107;
cell_pop_norm0_Jack_MGMT_P(norm)=0.00010;
k_dis(norm)=0.56284;

%%%%%%%%%

TMZout0_Ka_XTMZ=31.4447754625;
MGMT_P0=1.6839513441;
k_MGMT=47.4544799251;
k_addO=0.0065665008;
k_addN=0.0940678157;
DSB_72h_fac=1.0256062735;
k_DSBO=0.0004605009;
k_DSBN=0.0000325492;
k_CyA=1.8076417523;
fVX=0.0009866601;
kf_ATR_MGMT_P=0.0000096859;
k_ATR=0.0227705352;
K_add=0.0000555218;
kd_pATR=0.0039310639;
k_Chk1=337.2027357996;
C_Chk1=0.4623057424;
pChk1_ref12_5_24h=0.0102405099;
pChk1_ref100_24h=0.0050236646;
pChk1_ref100_48h=0.0109092948;
kd_pChk1=0.1082018424;
k_cdc25=245.2393579229;
K_cdc25=0.8243095951;
kf_p53=0.0004784670;
k_p53=32.3499787671;
K_ATR=0.0003907958;
p53ser46_ref50_72h=0.0006663572;
kp_ser46=3.6540307716;
K_p53=0.3753853031;
upAsy=0.2410779500;
sness=0.0036279147;
k_apop=0.0402262473;
tED50=457.7874124069;
cell_pop_norm0_Jack_MGMT_P=70.0024967691;
k_dis=0.0160253946;

%%%%%%%%%

cost=100000.0000000000;

%%%%%%%%%

