TMZout0_Ka_XTMZ(norm)=0.92219;
MGMT_P0(norm)=0.51813;
k_MGMT(norm)=0.81389;
k_addO(norm)=0.50438;
k_addN(norm)=0.66823;
DSB_72h_fac(norm)=0.66914;
k_DSBO(norm)=0.58073;
k_DSBN(norm)=0.31830;
k_CyA(norm)=0.10354;
fVX(norm)=0.25795;
kf_ATR_MGMT_P(norm)=0.46614;
k_ATR(norm)=0.48464;
K_add(norm)=0.89360;
kd_pATR(norm)=0.45453;
k_Chk1(norm)=0.55671;
C_Chk1(norm)=0.39820;
pChk1_ref12_5_24h(norm)=0.00010;
pChk1_ref100_24h(norm)=0.57008;
pChk1_ref100_48h(norm)=0.75393;
kd_pChk1(norm)=0.03373;
k_cdc25(norm)=0.47940;
K_cdc25(norm)=0.45185;
kf_p53(norm)=0.37659;
k_p53(norm)=0.88544;
K_ATR(norm)=0.33473;
p53ser46_ref50_72h(norm)=0.22941;
kp_ser46(norm)=0.43059;
K_p53(norm)=0.67473;
upAsy(norm)=0.49178;
sness(norm)=0.58015;
k_apop(norm)=0.65171;
tED50(norm)=0.82492;
cell_pop_norm0_Jack_MGMT_P(norm)=0.26605;
k_dis(norm)=0.66110;

%%%%%%%%%

TMZout0_Ka_XTMZ=38.3095564118;
MGMT_P0=1.9231663159;
k_MGMT=50.8081139849;
k_addO=0.0101915925;
k_addN=0.1499950727;
DSB_72h_fac=1.0919938729;
k_DSBO=0.0003172392;
k_DSBN=0.0000330759;
k_CyA=1.3777650966;
fVX=0.0010412644;
kf_ATR_MGMT_P=0.0000098290;
k_ATR=0.0174657182;
K_add=0.0000942379;
kd_pATR=0.0028442873;
k_Chk1=425.0549809851;
C_Chk1=0.6360044559;
pChk1_ref12_5_24h=0.0043322609;
pChk1_ref100_24h=0.0070310978;
pChk1_ref100_48h=0.0096488593;
kd_pChk1=0.0491819738;
k_cdc25=270.5159898125;
K_cdc25=1.1964148514;
kf_p53=0.0005635790;
k_p53=38.7068013657;
K_ATR=0.0002785926;
p53ser46_ref50_72h=0.0004090312;
kp_ser46=3.7338036580;
K_p53=0.8919304287;
upAsy=0.2563191615;
sness=0.0039325213;
k_apop=0.0671931943;
tED50=501.8827587718;
cell_pop_norm0_Jack_MGMT_P=76.9679621756;
k_dis=0.0173369820;

%%%%%%%%%

cost=204.4261368837;

%%%%%%%%%

