TMZout0_Ka_XTMZ(norm)=0.45715;
MGMT_P0(norm)=0.79709;
k_MGMT(norm)=0.67725;
k_addO(norm)=0.54875;
k_addN(norm)=0.31709;
DSB_72h_fac(norm)=0.64329;
k_DSBO(norm)=0.60245;
k_DSBN(norm)=0.89401;
k_CyA(norm)=0.85953;
fVX(norm)=0.56650;
kf_ATR_MGMT_P(norm)=0.58079;
k_ATR(norm)=0.62811;
K_add(norm)=0.68422;
kd_pATR(norm)=0.46648;
k_Chk1(norm)=0.74732;
C_Chk1(norm)=0.61007;
pChk1_ref12_5_24h(norm)=0.61911;
pChk1_ref100_24h(norm)=0.62996;
pChk1_ref100_48h(norm)=0.65031;
kd_pChk1(norm)=0.68544;
k_cdc25(norm)=0.72969;
K_cdc25(norm)=0.54086;
kf_p53(norm)=0.37094;
k_p53(norm)=0.54762;
K_ATR(norm)=0.58964;
p53ser46_ref50_72h(norm)=0.34136;
kp_ser46(norm)=0.54001;
K_p53(norm)=0.79785;
upAsy(norm)=0.41895;
sness(norm)=0.59138;
k_apop(norm)=0.66979;
tED50(norm)=0.64993;
cell_pop_norm0_Jack_MGMT_P(norm)=0.14887;
k_dis(norm)=0.61005;

%%%%%%%%%

TMZout0_Ka_XTMZ=34.4302708093;
MGMT_P0=2.2385512559;
k_MGMT=45.2536692351;
k_addO=0.0105820105;
k_addN=0.1113952313;
DSB_72h_fac=1.0709963258;
k_DSBO=0.0003231302;
k_DSBN=0.0000538717;
k_CyA=2.6143401844;
fVX=0.0013523859;
kf_ATR_MGMT_P=0.0000108317;
k_ATR=0.0197233655;
K_add=0.0000789181;
kd_pATR=0.0028732259;
k_Chk1=499.5572127802;
C_Chk1=0.7610706949;
pChk1_ref12_5_24h=0.0073197615;
pChk1_ref100_24h=0.0073970183;
pChk1_ref100_48h=0.0088378350;
kd_pChk1=0.0854314383;
k_cdc25=334.4211067194;
K_cdc25=1.2901347876;
kf_p53=0.0005608875;
k_p53=29.0722369069;
K_ATR=0.0003457570;
p53ser46_ref50_72h=0.0004497275;
kp_ser46=4.0965315378;
K_p53=0.9899967954;
upAsy=0.2409806617;
sness=0.0039701391;
k_apop=0.0682305881;
tED50=432.7246477999;
cell_pop_norm0_Jack_MGMT_P=73.8172605566;
k_dis=0.0166030361;

%%%%%%%%%

cost=123.0773117619;

%%%%%%%%%

