TMZout0_Ka_XTMZ(norm)=0.72477;
MGMT_P0(norm)=0.64294;
k_MGMT(norm)=1.00000;
k_addO(norm)=0.61339;
k_addN(norm)=0.75514;
DSB_72h_fac(norm)=0.54615;
k_DSBO(norm)=0.35745;
k_DSBN(norm)=0.34021;
k_CyA(norm)=0.49480;
fVX(norm)=0.42713;
kf_ATR_MGMT_P(norm)=0.71020;
k_ATR(norm)=0.59465;
K_add(norm)=0.46354;
kd_pATR(norm)=0.77114;
k_Chk1(norm)=0.44946;
C_Chk1(norm)=0.67713;
pChk1_ref12_5_24h(norm)=0.00366;
pChk1_ref100_24h(norm)=0.11265;
pChk1_ref100_48h(norm)=0.49479;
kd_pChk1(norm)=0.42005;
k_cdc25(norm)=0.47435;
K_cdc25(norm)=0.00650;
kf_p53(norm)=0.65620;
k_p53(norm)=0.64000;
K_ATR(norm)=0.46790;
p53ser46_ref50_72h(norm)=0.25353;
kp_ser46(norm)=0.30519;
K_p53(norm)=0.52525;
upAsy(norm)=0.00010;
sness(norm)=0.04621;
k_apop(norm)=0.36056;
tED50(norm)=0.64441;
cell_pop_norm0_Jack_MGMT_P(norm)=0.16095;
k_dis(norm)=0.63228;

%%%%%%%%%

TMZout0_Ka_XTMZ=36.6120095316;
MGMT_P0=2.0023120051;
k_MGMT=66.6683225466;
k_addO=0.0113405195;
k_addN=0.1750327957;
DSB_72h_fac=1.0062503906;
k_DSBO=0.0002582248;
k_DSBN=0.0000299928;
k_CyA=1.8894379119;
fVX=0.0012335148;
kf_ATR_MGMT_P=0.0000120710;
k_ATR=0.0209545034;
K_add=0.0000632553;
kd_pATR=0.0045399422;
k_Chk1=428.1113449509;
C_Chk1=0.8043047359;
pChk1_ref12_5_24h=0.0046551954;
pChk1_ref100_24h=0.0051172274;
pChk1_ref100_48h=0.0079975487;
kd_pChk1=0.0709830280;
k_cdc25=219.5655458516;
K_cdc25=0.8260364520;
kf_p53=0.0007338836;
k_p53=38.9138769807;
K_ATR=0.0003756377;
p53ser46_ref50_72h=0.0004113345;
kp_ser46=3.0329661390;
K_p53=0.5033302469;
upAsy=0.1534735768;
sness=0.0026371059;
k_apop=0.0527454627;
tED50=391.7441339003;
cell_pop_norm0_Jack_MGMT_P=74.1361097546;
k_dis=0.0168723542;

%%%%%%%%%

cost=214.3270375463;

%%%%%%%%%

