TMZout0_Ka_XTMZ(norm)=0.30748;
MGMT_P0(norm)=0.44412;
k_MGMT(norm)=1.00000;
k_addO(norm)=0.00010;
k_addN(norm)=0.06037;
DSB_72h_fac(norm)=0.35774;
k_DSBO(norm)=0.35341;
k_DSBN(norm)=0.70944;
k_CyA(norm)=0.89436;
fVX(norm)=0.05377;
kf_ATR_MGMT_P(norm)=1.00000;
k_ATR(norm)=0.41761;
K_add(norm)=0.29686;
kd_pATR(norm)=0.39536;
k_Chk1(norm)=0.90971;
C_Chk1(norm)=0.10626;
pChk1_ref12_5_24h(norm)=0.59304;
pChk1_ref100_24h(norm)=1.00000;
pChk1_ref100_48h(norm)=0.97255;
kd_pChk1(norm)=0.16314;
k_cdc25(norm)=0.83590;
K_cdc25(norm)=0.60923;
kf_p53(norm)=0.48417;
k_p53(norm)=0.46271;
K_ATR(norm)=0.26282;
p53ser46_ref50_72h(norm)=0.94810;
kp_ser46(norm)=0.63185;
K_p53(norm)=1.00000;
upAsy(norm)=0.61809;
sness(norm)=0.32047;
k_apop(norm)=0.13177;
tED50(norm)=1.00000;
cell_pop_norm0_Jack_MGMT_P(norm)=0.78439;
k_dis(norm)=0.00010;

%%%%%%%%%

TMZout0_Ka_XTMZ=33.2673533893;
MGMT_P0=1.7694904767;
k_MGMT=66.6683225466;
k_addO=0.0067446269;
k_addN=0.0971535110;
DSB_72h_fac=0.8773343217;
k_DSBO=0.0002573429;
k_DSBN=0.0000410096;
k_CyA=2.6507246006;
fVX=0.0008989914;
kf_ATR_MGMT_P=0.0000154307;
k_ATR=0.0180355538;
K_add=0.0000549240;
kd_pATR=0.0033019473;
k_Chk1=632.2953169380;
C_Chk1=0.4958560515;
pChk1_ref12_5_24h=0.0076703380;
pChk1_ref100_24h=0.0108532287;
pChk1_ref100_48h=0.0119884454;
kd_pChk1=0.0570978268;
k_cdc25=298.2680307763;
K_cdc25=1.3765406785;
kf_p53=0.0006343420;
k_p53=33.4860563587;
K_ATR=0.0003157220;
p53ser46_ref50_72h=0.0007409403;
kp_ser46=4.0000942125;
K_p53=0.7525779048;
upAsy=0.2590837167;
sness=0.0033269793;
k_apop=0.0434504722;
tED50=529.4799787438;
cell_pop_norm0_Jack_MGMT_P=92.5980934922;
k_dis=0.0098752604;

%%%%%%%%%

cost=334.4552906494;

%%%%%%%%%

