TMZout0_Ka_XTMZ(norm)=0.19337;
MGMT_P0(norm)=0.48519;
k_MGMT(norm)=0.76536;
k_addO(norm)=0.25344;
k_addN(norm)=0.55671;
DSB_72h_fac(norm)=0.50241;
k_DSBO(norm)=0.78371;
k_DSBN(norm)=0.44051;
k_CyA(norm)=0.50558;
fVX(norm)=0.58911;
kf_ATR_MGMT_P(norm)=0.51787;
k_ATR(norm)=0.86503;
K_add(norm)=0.74646;
kd_pATR(norm)=0.30515;
k_Chk1(norm)=0.36260;
C_Chk1(norm)=0.92134;
pChk1_ref12_5_24h(norm)=0.47978;
pChk1_ref100_24h(norm)=0.90508;
pChk1_ref100_48h(norm)=0.76692;
kd_pChk1(norm)=0.41935;
k_cdc25(norm)=0.22339;
K_cdc25(norm)=0.57256;
kf_p53(norm)=0.34236;
k_p53(norm)=0.91937;
K_ATR(norm)=0.74449;
p53ser46_ref50_72h(norm)=0.62065;
kp_ser46(norm)=0.55006;
K_p53(norm)=0.54269;
upAsy(norm)=0.00010;
sness(norm)=0.23235;
k_apop(norm)=0.46343;
tED50(norm)=0.52297;
cell_pop_norm0_Jack_MGMT_P(norm)=0.65809;
k_dis(norm)=0.36065;

%%%%%%%%%

TMZout0_Ka_XTMZ=32.4071686839;
MGMT_P0=1.8152571268;
k_MGMT=54.6482400433;
k_addO=0.0083594895;
k_addN=0.1479444057;
DSB_72h_fac=0.9747245446;
k_DSBO=0.0003705534;
k_DSBN=0.0000326531;
k_CyA=1.9067790823;
fVX=0.0014149721;
kf_ATR_MGMT_P=0.0000102558;
k_ATR=0.0263494258;
K_add=0.0000803900;
kd_pATR=0.0030589869;
k_Chk1=397.7369807008;
C_Chk1=0.9892028816;
pChk1_ref12_5_24h=0.0069684602;
pChk1_ref100_24h=0.0100145358;
pChk1_ref100_48h=0.0100714686;
kd_pChk1=0.0709409765;
k_cdc25=177.5080298605;
K_cdc25=1.3344381152;
kf_p53=0.0005625228;
k_p53=49.3068153773;
K_ATR=0.0004748393;
p53ser46_ref50_72h=0.0005614228;
kp_ser46=3.7322633863;
K_p53=0.5108254269;
upAsy=0.1534735768;
sness=0.0030876339;
k_apop=0.0575488350;
tED50=353.4389977990;
cell_pop_norm0_Jack_MGMT_P=88.5190898332;
k_dis=0.0134035923;

%%%%%%%%%

cost=249.8967304907;

%%%%%%%%%

