TMZout0_Ka_XTMZ(norm)=0.36408;
MGMT_P0(norm)=0.95765;
k_MGMT(norm)=0.55366;
k_addO(norm)=0.66327;
k_addN(norm)=0.73138;
DSB_72h_fac(norm)=0.64297;
k_DSBO(norm)=0.51902;
k_DSBN(norm)=0.51137;
k_CyA(norm)=0.83237;
fVX(norm)=0.68271;
kf_ATR_MGMT_P(norm)=0.58226;
k_ATR(norm)=0.53847;
K_add(norm)=0.70513;
kd_pATR(norm)=0.36833;
k_Chk1(norm)=0.39793;
C_Chk1(norm)=0.55181;
pChk1_ref12_5_24h(norm)=0.66371;
pChk1_ref100_24h(norm)=0.66150;
pChk1_ref100_48h(norm)=0.69431;
kd_pChk1(norm)=0.21599;
k_cdc25(norm)=0.59692;
K_cdc25(norm)=0.52867;
kf_p53(norm)=0.33120;
k_p53(norm)=0.40421;
K_ATR(norm)=0.43527;
p53ser46_ref50_72h(norm)=0.30244;
kp_ser46(norm)=0.60955;
K_p53(norm)=0.90057;
upAsy(norm)=0.35435;
sness(norm)=0.84420;
k_apop(norm)=0.68474;
tED50(norm)=0.43548;
cell_pop_norm0_Jack_MGMT_P(norm)=0.14994;
k_dis(norm)=0.58784;

%%%%%%%%%

TMZout0_Ka_XTMZ=33.7024303234;
MGMT_P0=2.4411579462;
k_MGMT=39.5174071756;
k_addO=0.0110919352;
k_addN=0.1393793890;
DSB_72h_fac=1.0690424011;
k_DSBO=0.0003060037;
k_DSBN=0.0000372007;
k_CyA=3.0207641015;
fVX=0.0015448794;
kf_ATR_MGMT_P=0.0000108434;
k_ATR=0.0253478872;
K_add=0.0000898818;
kd_pATR=0.0022649716;
k_Chk1=286.2766987553;
C_Chk1=0.7307414137;
pChk1_ref12_5_24h=0.0091066860;
pChk1_ref100_24h=0.0091099221;
pChk1_ref100_48h=0.0115617785;
kd_pChk1=0.0461327987;
k_cdc25=233.4869219785;
K_cdc25=1.3265291889;
kf_p53=0.0004647903;
k_p53=28.0412082568;
K_ATR=0.0004071305;
p53ser46_ref50_72h=0.0003776823;
kp_ser46=3.3803022457;
K_p53=0.8426883223;
upAsy=0.1617428160;
sness=0.0046823116;
k_apop=0.0632181566;
tED50=334.0258424191;
cell_pop_norm0_Jack_MGMT_P=73.8454774823;
k_dis=0.0161735068;

%%%%%%%%%

cost=124.4080893746;

%%%%%%%%%

