TMZout0_Ka_XTMZ(norm)=0.15864;
MGMT_P0(norm)=0.33588;
k_MGMT(norm)=0.76614;
k_addO(norm)=0.35962;
k_addN(norm)=0.15064;
DSB_72h_fac(norm)=0.50884;
k_DSBO(norm)=0.67333;
k_DSBN(norm)=0.68157;
k_CyA(norm)=0.21031;
fVX(norm)=0.31543;
kf_ATR_MGMT_P(norm)=1.00000;
k_ATR(norm)=0.46063;
K_add(norm)=0.37945;
kd_pATR(norm)=0.40237;
k_Chk1(norm)=0.45629;
C_Chk1(norm)=0.21031;
pChk1_ref12_5_24h(norm)=0.00010;
pChk1_ref100_24h(norm)=0.11720;
pChk1_ref100_48h(norm)=0.14901;
kd_pChk1(norm)=0.59974;
k_cdc25(norm)=0.47338;
K_cdc25(norm)=0.50552;
kf_p53(norm)=0.22984;
k_p53(norm)=0.39722;
K_ATR(norm)=0.57589;
p53ser46_ref50_72h(norm)=0.64275;
kp_ser46(norm)=0.60183;
K_p53(norm)=0.50886;
upAsy(norm)=0.18181;
sness(norm)=0.79694;
k_apop(norm)=0.80536;
tED50(norm)=0.19821;
cell_pop_norm0_Jack_MGMT_P(norm)=0.37292;
k_dis(norm)=0.29634;

%%%%%%%%%

TMZout0_Ka_XTMZ=32.1498187983;
MGMT_P0=1.7415254774;
k_MGMT=48.7936927125;
k_addO=0.0090151803;
k_addN=0.0967417591;
DSB_72h_fac=0.9681346189;
k_DSBO=0.0003431318;
k_DSBN=0.0000449977;
k_CyA=1.5082190727;
fVX=0.0010932329;
kf_ATR_MGMT_P=0.0000154510;
k_ATR=0.0171139934;
K_add=0.0000609577;
kd_pATR=0.0027213077;
k_Chk1=390.3872728204;
C_Chk1=0.5424037164;
pChk1_ref12_5_24h=0.0043322609;
pChk1_ref100_24h=0.0047904148;
pChk1_ref100_48h=0.0057793507;
kd_pChk1=0.0794484485;
k_cdc25=269.1397781221;
K_cdc25=1.2520773567;
kf_p53=0.0004976847;
k_p53=25.5937611308;
K_ATR=0.0003417507;
p53ser46_ref50_72h=0.0005805715;
kp_ser46=4.3168369558;
K_p53=0.7749869918;
upAsy=0.1971139484;
sness=0.0047254751;
k_apop=0.0765359124;
tED50=295.1129764030;
cell_pop_norm0_Jack_MGMT_P=79.9583319036;
k_dis=0.0127277220;

%%%%%%%%%

cost=295.3972960725;

%%%%%%%%%

