TMZout0_Ka_XTMZ(norm)=0.00010;
MGMT_P0(norm)=0.43764;
k_MGMT(norm)=0.25125;
k_addO(norm)=0.98373;
k_addN(norm)=0.86651;
DSB_72h_fac(norm)=0.95654;
k_DSBO(norm)=0.84688;
k_DSBN(norm)=0.49571;
k_CyA(norm)=0.70287;
fVX(norm)=0.32895;
kf_ATR_MGMT_P(norm)=0.58137;
k_ATR(norm)=0.58448;
K_add(norm)=0.34237;
kd_pATR(norm)=0.82600;
k_Chk1(norm)=0.53267;
C_Chk1(norm)=0.91400;
pChk1_ref12_5_24h(norm)=0.70019;
pChk1_ref100_24h(norm)=0.73445;
pChk1_ref100_48h(norm)=0.83831;
kd_pChk1(norm)=0.00010;
k_cdc25(norm)=0.65579;
K_cdc25(norm)=0.42016;
kf_p53(norm)=0.15470;
k_p53(norm)=0.18031;
K_ATR(norm)=0.20603;
p53ser46_ref50_72h(norm)=0.29298;
kp_ser46(norm)=0.24385;
K_p53(norm)=0.88759;
upAsy(norm)=0.10303;
sness(norm)=0.63818;
k_apop(norm)=0.80057;
tED50(norm)=0.55175;
cell_pop_norm0_Jack_MGMT_P(norm)=0.00010;
k_dis(norm)=0.56552;

%%%%%%%%%

TMZout0_Ka_XTMZ=31.0007116889;
MGMT_P0=1.7623817553;
k_MGMT=35.3507323920;
k_addO=0.0155206420;
k_addN=0.1923538860;
DSB_72h_fac=1.3564184883;
k_DSBO=0.0003909290;
k_DSBN=0.0000342167;
k_CyA=2.2537075891;
fVX=0.0011350504;
kf_ATR_MGMT_P=0.0000108227;
k_ATR=0.0207746087;
K_add=0.0000570833;
kd_pATR=0.0047559497;
k_Chk1=459.3867994253;
C_Chk1=0.9830697190;
pChk1_ref12_5_24h=0.0083993457;
pChk1_ref100_24h=0.0086664771;
pChk1_ref100_48h=0.0106994867;
kd_pChk1=0.0497305343;
k_cdc25=256.0525889516;
K_cdc25=1.1727811113;
kf_p53=0.0004798295;
k_p53=26.3602082773;
K_ATR=0.0003008896;
p53ser46_ref50_72h=0.0004253158;
kp_ser46=2.8793430166;
K_p53=0.6842078663;
upAsy=0.1674598672;
sness=0.0043547034;
k_apop=0.0765769925;
tED50=362.1624632500;
cell_pop_norm0_Jack_MGMT_P=70.0024967691;
k_dis=0.0159444588;

%%%%%%%%%

cost=759.6953785573;

%%%%%%%%%

