TMZout0_Ka_XTMZ(norm)=0.28377;
MGMT_P0(norm)=0.61117;
k_MGMT(norm)=0.64176;
k_addO(norm)=0.25732;
k_addN(norm)=0.00010;
DSB_72h_fac(norm)=0.53377;
k_DSBO(norm)=1.00000;
k_DSBN(norm)=0.44474;
k_CyA(norm)=1.00000;
fVX(norm)=0.00626;
kf_ATR_MGMT_P(norm)=0.38972;
k_ATR(norm)=0.65586;
K_add(norm)=0.08172;
kd_pATR(norm)=0.43016;
k_Chk1(norm)=0.10844;
C_Chk1(norm)=1.00000;
pChk1_ref12_5_24h(norm)=0.08915;
pChk1_ref100_24h(norm)=0.70799;
pChk1_ref100_48h(norm)=0.03824;
kd_pChk1(norm)=0.23374;
k_cdc25(norm)=0.11591;
K_cdc25(norm)=0.71370;
kf_p53(norm)=0.54765;
k_p53(norm)=0.81332;
K_ATR(norm)=0.00010;
p53ser46_ref50_72h(norm)=0.37780;
kp_ser46(norm)=0.49886;
K_p53(norm)=0.78302;
upAsy(norm)=0.00010;
sness(norm)=0.44314;
k_apop(norm)=0.40553;
tED50(norm)=0.81490;
cell_pop_norm0_Jack_MGMT_P(norm)=0.00010;
k_dis(norm)=0.00010;

%%%%%%%%%

TMZout0_Ka_XTMZ=33.0867967383;
MGMT_P0=1.9631487782;
k_MGMT=49.2147900507;
k_addO=0.0083870168;
k_addN=0.0923167769;
DSB_72h_fac=0.9972265346;
k_DSBO=0.0004450842;
k_DSBN=0.0000327705;
k_CyA=2.8989184694;
fVX=0.0008635207;
kf_ATR_MGMT_P=0.0000092006;
k_ATR=0.0220698917;
K_add=0.0000457715;
kd_pATR=0.0034007618;
k_Chk1=320.6797416441;
C_Chk1=1.0573793404;
pChk1_ref12_5_24h=0.0050049056;
pChk1_ref100_24h=0.0084743741;
pChk1_ref100_48h=0.0054319782;
kd_pChk1=0.0606173265;
k_cdc25=162.0563350196;
K_cdc25=1.5039517876;
kf_p53=0.0006693947;
k_p53=45.0692962431;
K_ATR=0.0002527144;
p53ser46_ref50_72h=0.0004570087;
kp_ser46=3.5738273976;
K_p53=0.6261907842;
upAsy=0.1534735768;
sness=0.0036913930;
k_apop=0.0547940263;
tED50=452.6220866199;
cell_pop_norm0_Jack_MGMT_P=70.0024967691;
k_dis=0.0098752604;

%%%%%%%%%

cost=100000.0000000000;

%%%%%%%%%

