TMZout0_Ka_XTMZ(norm)=0.49559;
MGMT_P0(norm)=0.59828;
k_MGMT(norm)=0.32239;
k_addO(norm)=0.56163;
k_addN(norm)=0.39347;
DSB_72h_fac(norm)=0.57222;
k_DSBO(norm)=0.27586;
k_DSBN(norm)=0.62680;
k_CyA(norm)=0.25953;
fVX(norm)=0.41559;
kf_ATR_MGMT_P(norm)=0.59616;
k_ATR(norm)=0.47717;
K_add(norm)=0.81119;
kd_pATR(norm)=0.56285;
k_Chk1(norm)=0.78526;
C_Chk1(norm)=0.48487;
pChk1_ref12_5_24h(norm)=0.00010;
pChk1_ref100_24h(norm)=0.24682;
pChk1_ref100_48h(norm)=0.51196;
kd_pChk1(norm)=0.40405;
k_cdc25(norm)=0.39505;
K_cdc25(norm)=0.06145;
kf_p53(norm)=0.50402;
k_p53(norm)=0.00010;
K_ATR(norm)=0.11874;
p53ser46_ref50_72h(norm)=0.38538;
kp_ser46(norm)=0.57059;
K_p53(norm)=0.73988;
upAsy(norm)=0.00010;
sness(norm)=0.66598;
k_apop(norm)=0.66410;
tED50(norm)=0.58406;
cell_pop_norm0_Jack_MGMT_P(norm)=0.64894;
k_dis(norm)=0.45285;

%%%%%%%%%

TMZout0_Ka_XTMZ=34.7355101495;
MGMT_P0=1.9474795576;
k_MGMT=37.5470006150;
k_addO=0.0108539571;
k_addN=0.1288338874;
DSB_72h_fac=1.0255197280;
k_DSBO=0.0002409763;
k_DSBN=0.0000382364;
k_CyA=1.5479624080;
fVX=0.0012215119;
kf_ATR_MGMT_P=0.0000109593;
k_ATR=0.0189690567;
K_add=0.0000849221;
kd_pATR=0.0038054124;
k_Chk1=569.0163711430;
C_Chk1=0.6834008237;
pChk1_ref12_5_24h=0.0046411643;
pChk1_ref100_24h=0.0057333392;
pChk1_ref100_48h=0.0081147554;
kd_pChk1=0.0700273996;
k_cdc25=205.2979171915;
K_cdc25=0.8654102719;
kf_p53=0.0006451044;
k_p53=22.6274627823;
K_ATR=0.0002794388;
p53ser46_ref50_72h=0.0004599547;
kp_ser46=3.7977427306;
K_p53=0.6037187297;
upAsy=0.1534735768;
sness=0.0044584960;
k_apop=0.0682146250;
tED50=372.2152326920;
cell_pop_norm0_Jack_MGMT_P=88.2306559637;
k_dis=0.0144927789;

%%%%%%%%%

cost=225.2127783878;

%%%%%%%%%

