TMZout0_Ka_XTMZ(norm)=0.24846;
MGMT_P0(norm)=0.81056;
k_MGMT(norm)=0.69588;
k_addO(norm)=0.58028;
k_addN(norm)=0.69469;
DSB_72h_fac(norm)=0.79068;
k_DSBO(norm)=0.78046;
k_DSBN(norm)=0.82153;
k_CyA(norm)=0.19306;
fVX(norm)=0.65994;
kf_ATR_MGMT_P(norm)=0.61352;
k_ATR(norm)=0.41613;
K_add(norm)=0.59727;
kd_pATR(norm)=0.64973;
k_Chk1(norm)=0.63449;
C_Chk1(norm)=0.59518;
pChk1_ref12_5_24h(norm)=0.59808;
pChk1_ref100_24h(norm)=0.60153;
pChk1_ref100_48h(norm)=0.60500;
kd_pChk1(norm)=0.53915;
k_cdc25(norm)=0.14289;
K_cdc25(norm)=0.68557;
kf_p53(norm)=0.80610;
k_p53(norm)=0.56165;
K_ATR(norm)=0.41974;
p53ser46_ref50_72h(norm)=0.83665;
kp_ser46(norm)=0.77282;
K_p53(norm)=0.82488;
upAsy(norm)=0.35226;
sness(norm)=0.11268;
k_apop(norm)=0.52443;
tED50(norm)=0.43884;
cell_pop_norm0_Jack_MGMT_P(norm)=0.16690;
k_dis(norm)=0.62636;

%%%%%%%%%

TMZout0_Ka_XTMZ=32.8196538041;
MGMT_P0=2.2222423753;
k_MGMT=51.5241839759;
k_addO=0.0110268385;
k_addN=0.1662931670;
DSB_72h_fac=1.2022091142;
k_DSBO=0.0003695344;
k_DSBN=0.0000450954;
k_CyA=1.4631960951;
fVX=0.0015024958;
kf_ATR_MGMT_P=0.0000111217;
k_ATR=0.0180129384;
K_add=0.0000708442;
kd_pATR=0.0040961093;
k_Chk1=500.7753602718;
C_Chk1=0.7503557312;
pChk1_ref12_5_24h=0.0077031834;
pChk1_ref100_24h=0.0077433853;
pChk1_ref100_48h=0.0087803711;
kd_pChk1=0.0785204535;
k_cdc25=165.8037579976;
K_cdc25=1.4685222603;
kf_p53=0.0008332697;
k_p53=36.4145459459;
K_ATR=0.0003606186;
p53ser46_ref50_72h=0.0006741709;
kp_ser46=4.5075782338;
K_p53=0.6488000329;
upAsy=0.2068334847;
sness=0.0027898998;
k_apop=0.0606016442;
tED50=329.1200989645;
cell_pop_norm0_Jack_MGMT_P=74.2934442226;
k_dis=0.0167879468;

%%%%%%%%%

cost=124.0724601389;

%%%%%%%%%

