TMZout0_Ka_XTMZ(norm)=0.71875;
MGMT_P0(norm)=0.96409;
k_MGMT(norm)=0.45208;
k_addO(norm)=1.00000;
k_addN(norm)=1.00000;
DSB_72h_fac(norm)=0.14901;
k_DSBO(norm)=0.34741;
k_DSBN(norm)=0.08516;
k_CyA(norm)=0.25064;
fVX(norm)=0.33705;
kf_ATR_MGMT_P(norm)=0.98024;
k_ATR(norm)=0.19914;
K_add(norm)=0.25814;
kd_pATR(norm)=0.00010;
k_Chk1(norm)=0.66062;
C_Chk1(norm)=0.01576;
pChk1_ref12_5_24h(norm)=0.48522;
pChk1_ref100_24h(norm)=0.51822;
pChk1_ref100_48h(norm)=0.63982;
kd_pChk1(norm)=0.00010;
k_cdc25(norm)=0.40134;
K_cdc25(norm)=1.00000;
kf_p53(norm)=0.18528;
k_p53(norm)=0.03818;
K_ATR(norm)=0.00010;
p53ser46_ref50_72h(norm)=0.34039;
kp_ser46(norm)=1.00000;
K_p53(norm)=0.00010;
upAsy(norm)=0.17518;
sness(norm)=0.73391;
k_apop(norm)=0.64170;
tED50(norm)=0.46524;
cell_pop_norm0_Jack_MGMT_P(norm)=0.08453;
k_dis(norm)=0.61523;

%%%%%%%%%

TMZout0_Ka_XTMZ=36.5614430569;
MGMT_P0=2.4448037471;
k_MGMT=41.9079011150;
k_addO=0.0157361294;
k_addN=0.2153875622;
DSB_72h_fac=0.7537114182;
k_DSBO=0.0002560372;
k_DSBN=0.0000241638;
k_CyA=1.5363454871;
fVX=0.0011428669;
kf_ATR_MGMT_P=0.0000151745;
k_ATR=0.0149877593;
K_add=0.0000531509;
kd_pATR=0.0023622425;
k_Chk1=511.9860057164;
C_Chk1=0.4592532313;
pChk1_ref12_5_24h=0.0070006570;
pChk1_ref100_24h=0.0072156588;
pChk1_ref100_48h=0.0090432472;
kd_pChk1=0.0497305343;
k_cdc25=206.3950849369;
K_cdc25=1.9168368689;
kf_p53=0.0004924229;
k_p53=23.3694979717;
K_ATR=0.0002527144;
p53ser46_ref50_72h=0.0004427492;
kp_ser46=5.4643701630;
K_p53=0.3225607171;
upAsy=0.1780164629;
sness=0.0047226718;
k_apop=0.0669322683;
tED50=336.5656346075;
cell_pop_norm0_Jack_MGMT_P=72.1425976210;
k_dis=0.0166304301;

%%%%%%%%%

cost=276.6058932319;

%%%%%%%%%

