TMZout0_Ka_XTMZ(norm)=1.00000;
MGMT_P0(norm)=0.52114;
k_MGMT(norm)=0.30420;
k_addO(norm)=0.32764;
k_addN(norm)=0.88118;
DSB_72h_fac(norm)=0.55346;
k_DSBO(norm)=0.58903;
k_DSBN(norm)=0.67552;
k_CyA(norm)=0.94716;
fVX(norm)=0.23196;
kf_ATR_MGMT_P(norm)=0.62767;
k_ATR(norm)=0.70580;
K_add(norm)=0.05810;
kd_pATR(norm)=0.63084;
k_Chk1(norm)=0.25226;
C_Chk1(norm)=1.00000;
pChk1_ref12_5_24h(norm)=0.78960;
pChk1_ref100_24h(norm)=0.96688;
pChk1_ref100_48h(norm)=0.91472;
kd_pChk1(norm)=0.86843;
k_cdc25(norm)=0.81772;
K_cdc25(norm)=0.31815;
kf_p53(norm)=0.00010;
k_p53(norm)=0.91002;
K_ATR(norm)=0.00010;
p53ser46_ref50_72h(norm)=0.88161;
kp_ser46(norm)=0.18835;
K_p53(norm)=0.66570;
upAsy(norm)=0.00691;
sness(norm)=0.77912;
k_apop(norm)=0.52895;
tED50(norm)=0.22165;
cell_pop_norm0_Jack_MGMT_P(norm)=0.25810;
k_dis(norm)=0.63955;

%%%%%%%%%

TMZout0_Ka_XTMZ=39.0000000000;
MGMT_P0=1.8562908350;
k_MGMT=36.9727047240;
k_addO=0.0089019151;
k_addN=0.1947589628;
DSB_72h_fac=1.0116129081;
k_DSBO=0.0003142074;
k_DSBN=0.0000398479;
k_CyA=2.7719820456;
fVX=0.0010454983;
kf_ATR_MGMT_P=0.0000112558;
k_ATR=0.0230237853;
K_add=0.0000448645;
kd_pATR=0.0040310797;
k_Chk1=362.2371967204;
C_Chk1=1.0573793404;
pChk1_ref12_5_24h=0.0090603355;
pChk1_ref100_24h=0.0105528794;
pChk1_ref100_48h=0.0114151194;
kd_pChk1=0.1037886735;
k_cdc25=293.7095380949;
K_cdc25=1.0756683924;
kf_p53=0.0004209179;
k_p53=48.9174986428;
K_ATR=0.0002527144;
p53ser46_ref50_72h=0.0007003488;
kp_ser46=2.7470832036;
K_p53=0.5669388003;
upAsy=0.1543615733;
sness=0.0049070642;
k_apop=0.0608342031;
tED50=273.7999838785;
cell_pop_norm0_Jack_MGMT_P=76.7500825349;
k_dis=0.0169766862;

%%%%%%%%%

cost=1243.1812710268;

%%%%%%%%%

