TMZout0_Ka_XTMZ(norm)=0.08574;
MGMT_P0(norm)=0.81972;
k_MGMT(norm)=0.72782;
k_addO(norm)=0.58327;
k_addN(norm)=0.43713;
DSB_72h_fac(norm)=0.68243;
k_DSBO(norm)=0.72393;
k_DSBN(norm)=0.65079;
k_CyA(norm)=0.51047;
fVX(norm)=0.34119;
kf_ATR_MGMT_P(norm)=0.59073;
k_ATR(norm)=0.62491;
K_add(norm)=0.69936;
kd_pATR(norm)=0.26496;
k_Chk1(norm)=0.30149;
C_Chk1(norm)=0.60431;
pChk1_ref12_5_24h(norm)=0.69592;
pChk1_ref100_24h(norm)=0.70059;
pChk1_ref100_48h(norm)=0.72722;
kd_pChk1(norm)=0.33211;
k_cdc25(norm)=0.06484;
K_cdc25(norm)=0.68731;
kf_p53(norm)=0.67979;
k_p53(norm)=0.63620;
K_ATR(norm)=0.62319;
p53ser46_ref50_72h(norm)=0.71770;
kp_ser46(norm)=0.48858;
K_p53(norm)=0.78519;
upAsy(norm)=0.57445;
sness(norm)=0.52621;
k_apop(norm)=0.61093;
tED50(norm)=0.54584;
cell_pop_norm0_Jack_MGMT_P(norm)=0.13906;
k_dis(norm)=0.60999;

%%%%%%%%%

TMZout0_Ka_XTMZ=31.6162150498;
MGMT_P0=2.2663069117;
k_MGMT=47.2346790901;
k_addO=0.0108960930;
k_addN=0.1233210372;
DSB_72h_fac=1.1029399555;
k_DSBO=0.0003581626;
k_DSBN=0.0000438393;
k_CyA=1.9449921831;
fVX=0.0011173565;
kf_ATR_MGMT_P=0.0000109233;
k_ATR=0.0196699505;
K_add=0.0000799371;
kd_pATR=0.0024222234;
k_Chk1=342.3989028800;
C_Chk1=0.7573652087;
pChk1_ref12_5_24h=0.0078119693;
pChk1_ref100_24h=0.0078531741;
pChk1_ref100_48h=0.0094329608;
kd_pChk1=0.0633289741;
k_cdc25=190.3907955640;
K_cdc25=1.4605771378;
kf_p53=0.0007286628;
k_p53=31.3382109087;
K_ATR=0.0003557254;
p53ser46_ref50_72h=0.0006186381;
kp_ser46=3.9218554404;
K_p53=0.9794364445;
upAsy=0.2749176926;
sness=0.0037568402;
k_apop=0.0649111339;
tED50=396.1933292800;
cell_pop_norm0_Jack_MGMT_P=73.5594421551;
k_dis=0.0166022768;

%%%%%%%%%

cost=124.8800227768;

%%%%%%%%%

