TMZout0_Ka_XTMZ(norm)=0.90361;
MGMT_P0(norm)=0.28238;
k_MGMT(norm)=1.00000;
k_addO(norm)=0.47272;
k_addN(norm)=0.70386;
DSB_72h_fac(norm)=0.57686;
k_DSBO(norm)=0.79830;
k_DSBN(norm)=0.27769;
k_CyA(norm)=0.27819;
fVX(norm)=0.52039;
kf_ATR_MGMT_P(norm)=0.77354;
k_ATR(norm)=0.67753;
K_add(norm)=0.34139;
kd_pATR(norm)=0.46243;
k_Chk1(norm)=0.93050;
C_Chk1(norm)=0.17724;
pChk1_ref12_5_24h(norm)=0.31561;
pChk1_ref100_24h(norm)=0.38617;
pChk1_ref100_48h(norm)=0.33474;
kd_pChk1(norm)=0.87788;
k_cdc25(norm)=0.42852;
K_cdc25(norm)=0.62295;
kf_p53(norm)=0.18954;
k_p53(norm)=0.08898;
K_ATR(norm)=0.46801;
p53ser46_ref50_72h(norm)=0.43567;
kp_ser46(norm)=0.99270;
K_p53(norm)=0.47369;
upAsy(norm)=0.54674;
sness(norm)=0.95806;
k_apop(norm)=0.33774;
tED50(norm)=0.41523;
cell_pop_norm0_Jack_MGMT_P(norm)=0.20520;
k_dis(norm)=0.81810;

%%%%%%%%%

TMZout0_Ka_XTMZ=38.1464358841;
MGMT_P0=1.6002172246;
k_MGMT=66.6683225466;
k_addO=0.0100662903;
k_addN=0.1675892937;
DSB_72h_fac=1.0289908493;
k_DSBO=0.0003751645;
k_DSBN=0.0000284454;
k_CyA=1.5726267153;
fVX=0.0013349356;
kf_ATR_MGMT_P=0.0000127365;
k_ATR=0.0224787730;
K_add=0.0000570356;
kd_pATR=0.0034950427;
k_Chk1=643.5336697312;
C_Chk1=0.5265928426;
pChk1_ref12_5_24h=0.0060635716;
pChk1_ref100_24h=0.0064518559;
pChk1_ref100_48h=0.0069833067;
kd_pChk1=0.1046225725;
k_cdc25=211.2035750577;
K_cdc25=1.3926469402;
kf_p53=0.0004942030;
k_p53=24.3972533466;
K_ATR=0.0003756717;
p53ser46_ref50_72h=0.0004799761;
kp_ser46=5.4306973581;
K_p53=0.4818165677;
upAsy=0.2438856131;
sness=0.0057104036;
k_apop=0.0517354162;
tED50=322.6036349584;
cell_pop_norm0_Jack_MGMT_P=75.3153766655;
k_dis=0.0197493584;

%%%%%%%%%

cost=243.3314264682;

%%%%%%%%%

