TMZout0_Ka_XTMZ(norm)=0.42615;
MGMT_P0(norm)=0.55887;
k_MGMT(norm)=0.69180;
k_addO(norm)=0.00010;
k_addN(norm)=0.46116;
DSB_72h_fac(norm)=0.89302;
k_DSBO(norm)=0.21490;
k_DSBN(norm)=0.63026;
k_CyA(norm)=0.57375;
fVX(norm)=0.28813;
kf_ATR_MGMT_P(norm)=0.00010;
k_ATR(norm)=0.55550;
K_add(norm)=0.00010;
kd_pATR(norm)=0.33842;
k_Chk1(norm)=0.17981;
C_Chk1(norm)=0.35558;
pChk1_ref12_5_24h(norm)=1.00000;
pChk1_ref100_24h(norm)=0.69049;
pChk1_ref100_48h(norm)=0.37032;
kd_pChk1(norm)=0.75167;
k_cdc25(norm)=0.00010;
K_cdc25(norm)=0.53115;
kf_p53(norm)=0.13994;
k_p53(norm)=0.56540;
K_ATR(norm)=0.20132;
p53ser46_ref50_72h(norm)=0.63803;
kp_ser46(norm)=0.78281;
K_p53(norm)=0.43386;
upAsy(norm)=0.21442;
sness(norm)=0.00010;
k_apop(norm)=0.00010;
tED50(norm)=0.49425;
cell_pop_norm0_Jack_MGMT_P(norm)=0.94273;
k_dis(norm)=0.23171;

%%%%%%%%%

TMZout0_Ka_XTMZ=34.1861322205;
MGMT_P0=1.9003409431;
k_MGMT=51.3464109984;
k_addO=0.0067446269;
k_addN=0.1364392559;
DSB_72h_fac=1.2951504367;
k_DSBO=0.0002288469;
k_DSBN=0.0000383486;
k_CyA=2.0201523875;
fVX=0.0010964610;
kf_ATR_MGMT_P=0.0000066137;
k_ATR=0.0202707964;
K_add=0.0000427130;
kd_pATR=0.0031464441;
k_Chk1=340.6694630308;
C_Chk1=0.6124924915;
pChk1_ref12_5_24h=0.0108284658;
pChk1_ref100_24h=0.0083495802;
pChk1_ref100_48h=0.0071970780;
kd_pChk1=0.0940118132;
k_cdc25=146.9099469980;
K_cdc25=1.2884275934;
kf_p53=0.0004738657;
k_p53=36.5302587685;
K_ATR=0.0002996922;
p53ser46_ref50_72h=0.0005697505;
kp_ser46=4.5459019383;
K_p53=0.4658294192;
upAsy=0.1840335144;
sness=0.0025360710;
k_apop=0.0388635663;
tED50=344.9399285725;
cell_pop_norm0_Jack_MGMT_P=97.9781239008;
k_dis=0.0120164723;

%%%%%%%%%

cost=100000.0000000000;

%%%%%%%%%

