TMZout0_Ka_XTMZ(norm)=0.57562;
MGMT_P0(norm)=0.23244;
k_MGMT(norm)=0.80962;
k_addO(norm)=0.77457;
k_addN(norm)=0.49734;
DSB_72h_fac(norm)=0.12629;
k_DSBO(norm)=0.44172;
k_DSBN(norm)=0.26395;
k_CyA(norm)=0.43296;
fVX(norm)=0.85190;
kf_ATR_MGMT_P(norm)=0.52950;
k_ATR(norm)=0.35693;
K_add(norm)=0.42939;
kd_pATR(norm)=0.06138;
k_Chk1(norm)=0.79810;
C_Chk1(norm)=0.25247;
pChk1_ref12_5_24h(norm)=0.66181;
pChk1_ref100_24h(norm)=0.69124;
pChk1_ref100_48h(norm)=0.73432;
kd_pChk1(norm)=0.61258;
k_cdc25(norm)=0.81169;
K_cdc25(norm)=0.49041;
kf_p53(norm)=0.72969;
k_p53(norm)=0.54077;
K_ATR(norm)=0.17902;
p53ser46_ref50_72h(norm)=0.53948;
kp_ser46(norm)=0.71597;
K_p53(norm)=0.16047;
upAsy(norm)=0.49407;
sness(norm)=0.39838;
k_apop(norm)=0.56341;
tED50(norm)=0.66703;
cell_pop_norm0_Jack_MGMT_P(norm)=0.55360;
k_dis(norm)=0.51483;

%%%%%%%%%

TMZout0_Ka_XTMZ=35.3795450781;
MGMT_P0=1.5743031300;
k_MGMT=47.4615226908;
k_addO=0.0119526903;
k_addN=0.1063366681;
DSB_72h_fac=0.7209158837;
k_DSBO=0.0002869426;
k_DSBN=0.0000311683;
k_CyA=2.0592709793;
fVX=0.0015932518;
kf_ATR_MGMT_P=0.0000102034;
k_ATR=0.0202914529;
K_add=0.0000655489;
kd_pATR=0.0021699065;
k_Chk1=483.7203182587;
C_Chk1=0.5725274070;
pChk1_ref12_5_24h=0.0082765146;
pChk1_ref100_24h=0.0084994162;
pChk1_ref100_48h=0.0102769441;
kd_pChk1=0.0779241024;
k_cdc25=308.5138796510;
K_cdc25=1.2168092085;
kf_p53=0.0006677216;
k_p53=35.4542591383;
K_ATR=0.0003338615;
p53ser46_ref50_72h=0.0004510721;
kp_ser46=3.7611733665;
K_p53=0.4300220525;
upAsy=0.2304774099;
sness=0.0032524364;
k_apop=0.0648328463;
tED50=467.9696472770;
cell_pop_norm0_Jack_MGMT_P=85.2809486352;
k_dis=0.0153865745;

%%%%%%%%%

cost=262.8728283790;

%%%%%%%%%

