TMZout0_Ka_XTMZ(norm)=0.48100;
MGMT_P0(norm)=0.00010;
k_MGMT(norm)=0.76422;
k_addO(norm)=0.27796;
k_addN(norm)=0.45903;
DSB_72h_fac(norm)=0.66371;
k_DSBO(norm)=0.55670;
k_DSBN(norm)=0.58646;
k_CyA(norm)=0.21100;
fVX(norm)=0.00010;
kf_ATR_MGMT_P(norm)=0.55914;
k_ATR(norm)=0.94783;
K_add(norm)=0.84839;
kd_pATR(norm)=0.33809;
k_Chk1(norm)=0.60547;
C_Chk1(norm)=0.38848;
pChk1_ref12_5_24h(norm)=0.14269;
pChk1_ref100_24h(norm)=0.61770;
pChk1_ref100_48h(norm)=0.77377;
kd_pChk1(norm)=0.37853;
k_cdc25(norm)=0.77231;
K_cdc25(norm)=0.04148;
kf_p53(norm)=0.62646;
k_p53(norm)=0.53245;
K_ATR(norm)=0.67682;
p53ser46_ref50_72h(norm)=0.92136;
kp_ser46(norm)=0.35244;
K_p53(norm)=0.27767;
upAsy(norm)=0.19666;
sness(norm)=0.31359;
k_apop(norm)=0.91858;
tED50(norm)=0.56402;
cell_pop_norm0_Jack_MGMT_P(norm)=0.53440;
k_dis(norm)=0.44818;

%%%%%%%%%

TMZout0_Ka_XTMZ=34.6193291631;
MGMT_P0=1.4505888932;
k_MGMT=48.7140775094;
k_addO=0.0084125217;
k_addN=0.1256302044;
DSB_72h_fac=1.0875477522;
k_DSBO=0.0003108438;
k_DSBN=0.0000415134;
k_CyA=1.5090996425;
fVX=0.0008369071;
kf_ATR_MGMT_P=0.0000106348;
k_ATR=0.0258602075;
K_add=0.0000906961;
kd_pATR=0.0025770678;
k_Chk1=442.9843136312;
C_Chk1=0.6307875989;
pChk1_ref12_5_24h=0.0048886084;
pChk1_ref100_24h=0.0073205694;
pChk1_ref100_48h=0.0098124442;
kd_pChk1=0.0658691322;
k_cdc25=346.7202901427;
K_cdc25=0.8450367014;
kf_p53=0.0006964713;
k_p53=28.7009369387;
K_ATR=0.0003722631;
p53ser46_ref50_72h=0.0007351550;
kp_ser46=3.4945814373;
K_p53=0.6371189672;
upAsy=0.1996100434;
sness=0.0031375088;
k_apop=0.0842419342;
tED50=402.3439893116;
cell_pop_norm0_Jack_MGMT_P=84.6988175994;
k_dis=0.0144751926;

%%%%%%%%%

cost=266.7367380322;

%%%%%%%%%

