TMZout0_Ka_XTMZ(norm)=0.19262;
MGMT_P0(norm)=0.16031;
k_MGMT(norm)=0.27584;
k_addO(norm)=0.62529;
k_addN(norm)=0.44533;
DSB_72h_fac(norm)=0.58148;
k_DSBO(norm)=0.35352;
k_DSBN(norm)=0.52748;
k_CyA(norm)=1.00000;
fVX(norm)=0.48675;
kf_ATR_MGMT_P(norm)=0.72265;
k_ATR(norm)=1.00000;
K_add(norm)=0.48879;
kd_pATR(norm)=0.81278;
k_Chk1(norm)=0.46120;
C_Chk1(norm)=0.68062;
pChk1_ref12_5_24h(norm)=0.00010;
pChk1_ref100_24h(norm)=0.24651;
pChk1_ref100_48h(norm)=0.18464;
kd_pChk1(norm)=0.86255;
k_cdc25(norm)=0.56164;
K_cdc25(norm)=0.52798;
kf_p53(norm)=0.65634;
k_p53(norm)=0.07273;
K_ATR(norm)=0.54596;
p53ser46_ref50_72h(norm)=0.65170;
kp_ser46(norm)=0.66711;
K_p53(norm)=0.63670;
upAsy(norm)=0.23135;
sness(norm)=0.46411;
k_apop(norm)=0.72407;
tED50(norm)=0.23604;
cell_pop_norm0_Jack_MGMT_P(norm)=0.00200;
k_dis(norm)=0.77079;

%%%%%%%%%

TMZout0_Ka_XTMZ=32.4016331726;
MGMT_P0=1.4832637563;
k_MGMT=36.0947182430;
k_addO=0.0114554640;
k_addN=0.1346219188;
DSB_72h_fac=1.0324524414;
k_DSBO=0.0002573673;
k_DSBN=0.0000351502;
k_CyA=2.8989184694;
fVX=0.0012974239;
kf_ATR_MGMT_P=0.0000121990;
k_ATR=0.0295416857;
K_add=0.0000646227;
kd_pATR=0.0047029821;
k_Chk1=432.3921169728;
C_Chk1=0.8066862732;
pChk1_ref12_5_24h=0.0046411643;
pChk1_ref100_24h=0.0057317980;
pChk1_ref100_48h=0.0061493313;
kd_pChk1=0.1032724632;
k_cdc25=236.4210293388;
K_cdc25=1.2849745515;
kf_p53=0.0007339702;
k_p53=24.0636127271;
K_ATR=0.0004013232;
p53ser46_ref50_72h=0.0005763883;
kp_ser46=4.1213927535;
K_p53=0.5531772718;
upAsy=0.1866923889;
sness=0.0037575544;
k_apop=0.0717706264;
tED50=277.1601979427;
cell_pop_norm0_Jack_MGMT_P=70.0500384674;
k_dis=0.0189733899;

%%%%%%%%%

cost=318.2989823198;

%%%%%%%%%

