TMZout0_Ka_XTMZ(norm)=0.32872;
MGMT_P0(norm)=0.61285;
k_MGMT(norm)=0.89646;
k_addO(norm)=0.56445;
k_addN(norm)=0.75237;
DSB_72h_fac(norm)=0.67137;
k_DSBO(norm)=0.71763;
k_DSBN(norm)=0.36580;
k_CyA(norm)=0.43835;
fVX(norm)=0.66613;
kf_ATR_MGMT_P(norm)=0.62500;
k_ATR(norm)=0.52486;
K_add(norm)=0.58241;
kd_pATR(norm)=0.35221;
k_Chk1(norm)=0.33243;
C_Chk1(norm)=0.60453;
pChk1_ref12_5_24h(norm)=0.46466;
pChk1_ref100_24h(norm)=0.46254;
pChk1_ref100_48h(norm)=0.47230;
kd_pChk1(norm)=0.59861;
k_cdc25(norm)=0.71719;
K_cdc25(norm)=0.69078;
kf_p53(norm)=0.60502;
k_p53(norm)=0.74503;
K_ATR(norm)=0.63088;
p53ser46_ref50_72h(norm)=0.68677;
kp_ser46(norm)=0.64243;
K_p53(norm)=0.51807;
upAsy(norm)=0.40582;
sness(norm)=0.64927;
k_apop(norm)=0.47350;
tED50(norm)=0.37631;
cell_pop_norm0_Jack_MGMT_P(norm)=0.15587;
k_dis(norm)=0.59398;

%%%%%%%%%

TMZout0_Ka_XTMZ=33.4299748688;
MGMT_P0=1.9652029196;
k_MGMT=61.0689091430;
k_addO=0.0108799499;
k_addN=0.1746216870;
DSB_72h_fac=1.1022378159;
k_DSBO=0.0003503790;
k_DSBN=0.0000306502;
k_CyA=1.8012020438;
fVX=0.0015103879;
kf_ATR_MGMT_P=0.0000112304;
k_ATR=0.0197513372;
K_add=0.0000699582;
kd_pATR=0.0031834148;
k_Chk1=387.6978443026;
C_Chk1=0.7563244008;
pChk1_ref12_5_24h=0.0068797880;
pChk1_ref100_24h=0.0068831373;
pChk1_ref100_48h=0.0078465682;
kd_pChk1=0.0825770440;
k_cdc25=269.7263780429;
K_cdc25=1.4750222706;
kf_p53=0.0007027397;
k_p53=42.5355785720;
K_ATR=0.0004312626;
p53ser46_ref50_72h=0.0005937687;
kp_ser46=4.0360931357;
K_p53=0.5002807906;
upAsy=0.2164366122;
sness=0.0043958387;
k_apop=0.0580420117;
tED50=312.1382957952;
cell_pop_norm0_Jack_MGMT_P=74.0018414181;
k_dis=0.0163335607;

%%%%%%%%%

cost=124.1965362328;

%%%%%%%%%

