TMZout0_Ka_XTMZ(norm)=0.68035;
MGMT_P0(norm)=0.52646;
k_MGMT(norm)=0.40386;
k_addO(norm)=0.52536;
k_addN(norm)=0.33000;
DSB_72h_fac(norm)=0.58902;
k_DSBO(norm)=0.27537;
k_DSBN(norm)=0.60342;
k_CyA(norm)=0.88634;
fVX(norm)=0.59678;
kf_ATR_MGMT_P(norm)=0.74309;
k_ATR(norm)=0.87602;
K_add(norm)=0.82569;
kd_pATR(norm)=0.87421;
k_Chk1(norm)=0.83822;
C_Chk1(norm)=0.88576;
pChk1_ref12_5_24h(norm)=0.63870;
pChk1_ref100_24h(norm)=0.74756;
pChk1_ref100_48h(norm)=0.84638;
kd_pChk1(norm)=0.15587;
k_cdc25(norm)=0.45042;
K_cdc25(norm)=0.01660;
kf_p53(norm)=0.89234;
k_p53(norm)=0.15580;
K_ATR(norm)=0.78371;
p53ser46_ref50_72h(norm)=0.89160;
kp_ser46(norm)=0.43684;
K_p53(norm)=0.02269;
upAsy(norm)=0.26907;
sness(norm)=0.23033;
k_apop(norm)=0.58682;
tED50(norm)=0.68446;
cell_pop_norm0_Jack_MGMT_P(norm)=0.68874;
k_dis(norm)=0.73864;

%%%%%%%%%

TMZout0_Ka_XTMZ=36.2405194961;
MGMT_P0=1.9319080017;
k_MGMT=35.8963258153;
k_addO=0.0103743790;
k_addN=0.1126199284;
DSB_72h_fac=1.0282275883;
k_DSBO=0.0002449179;
k_DSBN=0.0000421144;
k_CyA=2.6744234952;
fVX=0.0013875318;
kf_ATR_MGMT_P=0.0000124285;
k_ATR=0.0243336331;
K_add=0.0000889685;
kd_pATR=0.0040588729;
k_Chk1=539.5542887985;
C_Chk1=0.9613251744;
pChk1_ref12_5_24h=0.0074422663;
pChk1_ref100_24h=0.0081720367;
pChk1_ref100_48h=0.0104350779;
kd_pChk1=0.0545444892;
k_cdc25=263.9538231848;
K_cdc25=0.8274113095;
kf_p53=0.0008724524;
k_p53=20.8592667070;
K_ATR=0.0004075521;
p53ser46_ref50_72h=0.0007168476;
kp_ser46=3.7536263208;
K_p53=0.5133285987;
upAsy=0.2122416127;
sness=0.0029237934;
k_apop=0.0635983490;
tED50=445.5699889309;
cell_pop_norm0_Jack_MGMT_P=89.4921904543;
k_dis=0.0185142049;

%%%%%%%%%

cost=266.7677757083;

%%%%%%%%%

