TMZout0_Ka_XTMZ(norm)=0.47510;
MGMT_P0(norm)=0.84106;
k_MGMT(norm)=0.37469;
k_addO(norm)=0.53102;
k_addN(norm)=0.50999;
DSB_72h_fac(norm)=0.62518;
k_DSBO(norm)=0.59648;
k_DSBN(norm)=0.57984;
k_CyA(norm)=0.82826;
fVX(norm)=0.70119;
kf_ATR_MGMT_P(norm)=0.56955;
k_ATR(norm)=0.41268;
K_add(norm)=0.61518;
kd_pATR(norm)=0.40106;
k_Chk1(norm)=0.62991;
C_Chk1(norm)=0.60210;
pChk1_ref12_5_24h(norm)=0.63774;
pChk1_ref100_24h(norm)=0.63740;
pChk1_ref100_48h(norm)=0.65442;
kd_pChk1(norm)=0.45192;
k_cdc25(norm)=0.54250;
K_cdc25(norm)=0.58671;
kf_p53(norm)=0.13244;
k_p53(norm)=0.49820;
K_ATR(norm)=0.40084;
p53ser46_ref50_72h(norm)=0.14346;
kp_ser46(norm)=0.73618;
K_p53(norm)=0.82127;
upAsy(norm)=0.29975;
sness(norm)=0.43678;
k_apop(norm)=0.73145;
tED50(norm)=0.79777;
cell_pop_norm0_Jack_MGMT_P(norm)=0.17626;
k_dis(norm)=0.63269;

%%%%%%%%%

TMZout0_Ka_XTMZ=34.5724431843;
MGMT_P0=2.2647769113;
k_MGMT=39.2481260199;
k_addO=0.0105760944;
k_addN=0.1422028645;
DSB_72h_fac=1.0658113570;
k_DSBO=0.0003161956;
k_DSBN=0.0000367448;
k_CyA=2.5063308389;
fVX=0.0015559319;
kf_ATR_MGMT_P=0.0000107149;
k_ATR=0.0179603451;
K_add=0.0000719276;
kd_pATR=0.0033179518;
k_Chk1=498.8384883106;
C_Chk1=0.7547681097;
pChk1_ref12_5_24h=0.0079664468;
pChk1_ref100_24h=0.0079823509;
pChk1_ref100_48h=0.0091558377;
kd_pChk1=0.0729257810;
k_cdc25=232.6162075342;
K_cdc25=1.3505344908;
kf_p53=0.0004708644;
k_p53=34.5084371825;
K_ATR=0.0003548900;
p53ser46_ref50_72h=0.0003747079;
kp_ser46=4.3697797520;
K_p53=0.6468192761;
upAsy=0.1978321979;
sness=0.0036715362;
k_apop=0.0722211131;
tED50=446.1028203690;
cell_pop_norm0_Jack_MGMT_P=74.5420902080;
k_dis=0.0168782571;

%%%%%%%%%

cost=123.1910044941;

%%%%%%%%%

