TMZout0_Ka_XTMZ(norm)=0.83800;
MGMT_P0(norm)=0.68727;
k_MGMT(norm)=0.34802;
k_addO(norm)=0.82477;
k_addN(norm)=0.01755;
DSB_72h_fac(norm)=0.20755;
k_DSBO(norm)=0.00010;
k_DSBN(norm)=0.63572;
k_CyA(norm)=0.75389;
fVX(norm)=0.38126;
kf_ATR_MGMT_P(norm)=0.80558;
k_ATR(norm)=0.62834;
K_add(norm)=0.48790;
kd_pATR(norm)=0.17105;
k_Chk1(norm)=0.43647;
C_Chk1(norm)=0.42610;
pChk1_ref12_5_24h(norm)=0.53937;
pChk1_ref100_24h(norm)=0.74522;
pChk1_ref100_48h(norm)=0.66673;
kd_pChk1(norm)=0.11251;
k_cdc25(norm)=0.16743;
K_cdc25(norm)=0.52049;
kf_p53(norm)=0.29794;
k_p53(norm)=0.21390;
K_ATR(norm)=0.50711;
p53ser46_ref50_72h(norm)=0.11543;
kp_ser46(norm)=0.47260;
K_p53(norm)=0.59806;
upAsy(norm)=0.41266;
sness(norm)=0.40525;
k_apop(norm)=0.80428;
tED50(norm)=0.72343;
cell_pop_norm0_Jack_MGMT_P(norm)=0.38259;
k_dis(norm)=0.40142;

%%%%%%%%%

TMZout0_Ka_XTMZ=37.5762134255;
MGMT_P0=2.1086456310;
k_MGMT=34.2374960165;
k_addO=0.0133702164;
k_addN=0.0864251734;
DSB_72h_fac=0.7720961563;
k_DSBO=0.0001939667;
k_DSBN=0.0000432830;
k_CyA=2.3905083491;
fVX=0.0011559427;
kf_ATR_MGMT_P=0.0000131043;
k_ATR=0.0197271375;
K_add=0.0000668244;
kd_pATR=0.0022369526;
k_Chk1=383.8851257010;
C_Chk1=0.6512189022;
pChk1_ref12_5_24h=0.0068415309;
pChk1_ref100_24h=0.0081558138;
pChk1_ref100_48h=0.0089616481;
kd_pChk1=0.0525768494;
k_cdc25=207.6804984618;
K_cdc25=1.2680546016;
kf_p53=0.0005272462;
k_p53=21.9118054523;
K_ATR=0.0003224043;
p53ser46_ref50_72h=0.0003713747;
kp_ser46=3.8691210238;
K_p53=0.8358298628;
upAsy=0.2396988863;
sness=0.0033908766;
k_apop=0.0764658033;
tED50=460.5280161352;
cell_pop_norm0_Jack_MGMT_P=80.2347216207;
k_dis=0.0139128831;

%%%%%%%%%

cost=204.3807711112;

%%%%%%%%%

