TMZout0_Ka_XTMZ(norm)=0.50151;
MGMT_P0(norm)=0.59640;
k_MGMT(norm)=0.21337;
k_addO(norm)=0.27392;
k_addN(norm)=0.36277;
DSB_72h_fac(norm)=0.65656;
k_DSBO(norm)=0.71320;
k_DSBN(norm)=0.89140;
k_CyA(norm)=0.31330;
fVX(norm)=0.27164;
kf_ATR_MGMT_P(norm)=0.61258;
k_ATR(norm)=0.65313;
K_add(norm)=0.60164;
kd_pATR(norm)=0.12518;
k_Chk1(norm)=0.64215;
C_Chk1(norm)=0.00010;
pChk1_ref12_5_24h(norm)=0.20409;
pChk1_ref100_24h(norm)=0.57060;
pChk1_ref100_48h(norm)=0.57721;
kd_pChk1(norm)=0.58254;
k_cdc25(norm)=0.86262;
K_cdc25(norm)=0.64072;
kf_p53(norm)=0.34053;
k_p53(norm)=0.17273;
K_ATR(norm)=0.68947;
p53ser46_ref50_72h(norm)=0.79979;
kp_ser46(norm)=0.78582;
K_p53(norm)=0.63080;
upAsy(norm)=0.24193;
sness(norm)=0.81918;
k_apop(norm)=0.60377;
tED50(norm)=0.62747;
cell_pop_norm0_Jack_MGMT_P(norm)=0.53017;
k_dis(norm)=0.54885;

%%%%%%%%%

TMZout0_Ka_XTMZ=34.7827649401;
MGMT_P0=1.8939260685;
k_MGMT=37.0828552265;
k_addO=0.0079494695;
k_addN=0.1194384131;
DSB_72h_fac=1.0596366273;
k_DSBO=0.0004079691;
k_DSBN=0.0000459062;
k_CyA=2.2033206252;
fVX=0.0011147986;
kf_ATR_MGMT_P=0.0000111630;
k_ATR=0.0298620162;
K_add=0.0000917276;
kd_pATR=0.0013440190;
k_Chk1=334.4996388708;
C_Chk1=0.4598137767;
pChk1_ref12_5_24h=0.0063990716;
pChk1_ref100_24h=0.0087807588;
pChk1_ref100_48h=0.0106723538;
kd_pChk1=0.0608029218;
k_cdc25=268.1647789325;
K_cdc25=1.4329305356;
kf_p53=0.0003831027;
k_p53=21.5480920925;
K_ATR=0.0005313037;
p53ser46_ref50_72h=0.0004625925;
kp_ser46=3.6626486195;
K_p53=0.6072718583;
upAsy=0.2103652661;
sness=0.0065500445;
k_apop=0.0626879558;
tED50=428.6269295910;
cell_pop_norm0_Jack_MGMT_P=84.5711170729;
k_dis=0.0152305537;

%%%%%%%%%

cost=385.1098369753;

%%%%%%%%%

