TMZout0_Ka_XTMZ(norm)=0.76501;
MGMT_P0(norm)=0.61172;
k_MGMT(norm)=0.20144;
k_addO(norm)=0.03225;
k_addN(norm)=0.71053;
DSB_72h_fac(norm)=0.42553;
k_DSBO(norm)=0.53624;
k_DSBN(norm)=0.44550;
k_CyA(norm)=0.18607;
fVX(norm)=0.36490;
kf_ATR_MGMT_P(norm)=0.95020;
k_ATR(norm)=0.43861;
K_add(norm)=0.19896;
kd_pATR(norm)=0.35253;
k_Chk1(norm)=0.57205;
C_Chk1(norm)=0.37999;
pChk1_ref12_5_24h(norm)=0.93656;
pChk1_ref100_24h(norm)=0.95423;
pChk1_ref100_48h(norm)=0.88919;
kd_pChk1(norm)=0.22419;
k_cdc25(norm)=0.15681;
K_cdc25(norm)=0.49018;
kf_p53(norm)=0.36564;
k_p53(norm)=0.40910;
K_ATR(norm)=0.21516;
p53ser46_ref50_72h(norm)=0.40047;
kp_ser46(norm)=0.38093;
K_p53(norm)=0.65126;
upAsy(norm)=0.41832;
sness(norm)=0.60891;
k_apop(norm)=0.72502;
tED50(norm)=0.42870;
cell_pop_norm0_Jack_MGMT_P(norm)=0.70847;
k_dis(norm)=0.39700;

%%%%%%%%%

TMZout0_Ka_XTMZ=36.9517501365;
MGMT_P0=1.9785004993;
k_MGMT=28.3494821984;
k_addO=0.0063724720;
k_addN=0.1273890921;
DSB_72h_fac=0.9049108205;
k_DSBO=0.0003108679;
k_DSBN=0.0000363509;
k_CyA=1.6705696398;
fVX=0.0010545793;
kf_ATR_MGMT_P=0.0000145733;
k_ATR=0.0217454557;
K_add=0.0000539228;
kd_pATR=0.0027770091;
k_Chk1=399.4035504307;
C_Chk1=0.6378519652;
pChk1_ref12_5_24h=0.0104459449;
pChk1_ref100_24h=0.0106209512;
pChk1_ref100_48h=0.0117180037;
kd_pChk1=0.0560729022;
k_cdc25=177.1315642277;
K_cdc25=1.2165661228;
kf_p53=0.0004904932;
k_p53=31.7115217753;
K_ATR=0.0003442434;
p53ser46_ref50_72h=0.0004009539;
kp_ser46=2.8316096930;
K_p53=0.6517626118;
upAsy=0.2161482246;
sness=0.0038875850;
k_apop=0.0743467923;
tED50=382.3982614630;
cell_pop_norm0_Jack_MGMT_P=90.1243085573;
k_dis=0.0139245972;

%%%%%%%%%

cost=270.8199885293;

%%%%%%%%%

