TMZout0_Ka_XTMZ(norm)=0.00010;
MGMT_P0(norm)=0.42330;
k_MGMT(norm)=0.17466;
k_addO(norm)=0.51737;
k_addN(norm)=0.46509;
DSB_72h_fac(norm)=0.66321;
k_DSBO(norm)=0.39162;
k_DSBN(norm)=0.70929;
k_CyA(norm)=0.44509;
fVX(norm)=0.49337;
kf_ATR_MGMT_P(norm)=1.00000;
k_ATR(norm)=0.37379;
K_add(norm)=0.27501;
kd_pATR(norm)=0.74566;
k_Chk1(norm)=0.22178;
C_Chk1(norm)=0.13285;
pChk1_ref12_5_24h(norm)=0.50547;
pChk1_ref100_24h(norm)=0.59333;
pChk1_ref100_48h(norm)=0.56752;
kd_pChk1(norm)=0.67014;
k_cdc25(norm)=0.63082;
K_cdc25(norm)=0.51939;
kf_p53(norm)=0.19019;
k_p53(norm)=0.87136;
K_ATR(norm)=0.13027;
p53ser46_ref50_72h(norm)=0.89635;
kp_ser46(norm)=0.88009;
K_p53(norm)=0.75423;
upAsy(norm)=0.79552;
sness(norm)=0.35769;
k_apop(norm)=0.23850;
tED50(norm)=0.94248;
cell_pop_norm0_Jack_MGMT_P(norm)=0.27232;
k_dis(norm)=0.54165;

%%%%%%%%%

TMZout0_Ka_XTMZ=31.0007116889;
MGMT_P0=1.7661702125;
k_MGMT=27.7134500622;
k_addO=0.0096121797;
k_addN=0.1034701806;
DSB_72h_fac=1.0839722141;
k_DSBO=0.0002750167;
k_DSBN=0.0000454554;
k_CyA=2.0805469831;
fVX=0.0011758511;
kf_ATR_MGMT_P=0.0000152013;
k_ATR=0.0205832776;
K_add=0.0000575118;
kd_pATR=0.0038747202;
k_Chk1=296.8405590043;
C_Chk1=0.5173427038;
pChk1_ref12_5_24h=0.0072496734;
pChk1_ref100_24h=0.0078227509;
pChk1_ref100_48h=0.0089224596;
kd_pChk1=0.0818187765;
k_cdc25=264.6796834050;
K_cdc25=1.2470544545;
kf_p53=0.0004227393;
k_p53=46.9156640988;
K_ATR=0.0003203531;
p53ser46_ref50_72h=0.0006103347;
kp_ser46=4.3223033901;
K_p53=0.7111787179;
upAsy=0.2975469781;
sness=0.0031421995;
k_apop=0.0492306193;
tED50=590.9849201459;
cell_pop_norm0_Jack_MGMT_P=77.1401262551;
k_dis=0.0157401858;

%%%%%%%%%

cost=301.7063692304;

%%%%%%%%%

