TMZout0_Ka_XTMZ(norm)=0.41778;
MGMT_P0(norm)=0.72752;
k_MGMT(norm)=0.60543;
k_addO(norm)=0.37612;
k_addN(norm)=0.78063;
DSB_72h_fac(norm)=0.61528;
k_DSBO(norm)=0.42257;
k_DSBN(norm)=0.49206;
k_CyA(norm)=0.70816;
fVX(norm)=0.47071;
kf_ATR_MGMT_P(norm)=0.68927;
k_ATR(norm)=0.33449;
K_add(norm)=0.69990;
kd_pATR(norm)=0.51819;
k_Chk1(norm)=0.72802;
C_Chk1(norm)=0.89004;
pChk1_ref12_5_24h(norm)=0.07231;
pChk1_ref100_24h(norm)=0.68470;
pChk1_ref100_48h(norm)=0.65207;
kd_pChk1(norm)=0.99577;
k_cdc25(norm)=0.16228;
K_cdc25(norm)=0.14309;
kf_p53(norm)=0.55029;
k_p53(norm)=0.45894;
K_ATR(norm)=0.26579;
p53ser46_ref50_72h(norm)=0.44604;
kp_ser46(norm)=0.27951;
K_p53(norm)=0.21293;
upAsy(norm)=0.15270;
sness(norm)=0.77757;
k_apop(norm)=1.00000;
tED50(norm)=0.34855;
cell_pop_norm0_Jack_MGMT_P(norm)=0.36014;
k_dis(norm)=0.69019;

%%%%%%%%%

TMZout0_Ka_XTMZ=34.1205378969;
MGMT_P0=2.1214831247;
k_MGMT=39.9211940287;
k_addO=0.0085279364;
k_addN=0.1351844940;
DSB_72h_fac=1.0452129525;
k_DSBO=0.0002823255;
k_DSBN=0.0000378137;
k_CyA=2.6000458139;
fVX=0.0011534902;
kf_ATR_MGMT_P=0.0000116826;
k_ATR=0.0199093114;
K_add=0.0000824342;
kd_pATR=0.0031954808;
k_Chk1=455.8331467470;
C_Chk1=0.9826710245;
pChk1_ref12_5_24h=0.0050225652;
pChk1_ref100_24h=0.0084524755;
pChk1_ref100_48h=0.0095851352;
kd_pChk1=0.1078147476;
k_cdc25=177.9544516821;
K_cdc25=0.9065990943;
kf_p53=0.0005735645;
k_p53=33.0792424461;
K_ATR=0.0003593319;
p53ser46_ref50_72h=0.0004167391;
kp_ser46=2.5984471964;
K_p53=0.4495649819;
upAsy=0.1725882924;
sness=0.0044847825;
k_apop=0.0938532913;
tED50=357.2921211877;
cell_pop_norm0_Jack_MGMT_P=79.5946992182;
k_dis=0.0178513797;

%%%%%%%%%

cost=195.3374018950;

%%%%%%%%%

