TMZout0_Ka_XTMZ(norm)=0.60763;
MGMT_P0(norm)=0.80586;
k_MGMT(norm)=0.73596;
k_addO(norm)=0.58910;
k_addN(norm)=0.64038;
DSB_72h_fac(norm)=0.65129;
k_DSBO(norm)=0.64594;
k_DSBN(norm)=0.49296;
k_CyA(norm)=0.67746;
fVX(norm)=0.80893;
kf_ATR_MGMT_P(norm)=0.59352;
k_ATR(norm)=0.86941;
K_add(norm)=0.67846;
kd_pATR(norm)=0.68817;
k_Chk1(norm)=0.59423;
C_Chk1(norm)=0.60507;
pChk1_ref12_5_24h(norm)=0.74924;
pChk1_ref100_24h(norm)=0.74847;
pChk1_ref100_48h(norm)=0.74535;
kd_pChk1(norm)=0.45379;
k_cdc25(norm)=0.24210;
K_cdc25(norm)=0.47550;
kf_p53(norm)=0.42973;
k_p53(norm)=0.53903;
K_ATR(norm)=0.76399;
p53ser46_ref50_72h(norm)=0.34999;
kp_ser46(norm)=0.39070;
K_p53(norm)=0.00716;
upAsy(norm)=0.03670;
sness(norm)=0.64697;
k_apop(norm)=0.69037;
tED50(norm)=0.15448;
cell_pop_norm0_Jack_MGMT_P(norm)=0.15017;
k_dis(norm)=0.61647;

%%%%%%%%%

TMZout0_Ka_XTMZ=35.6405207284;
MGMT_P0=2.2413969740;
k_MGMT=46.1180799799;
k_addO=0.0104163649;
k_addN=0.1290368002;
DSB_72h_fac=1.0757800297;
k_DSBO=0.0003407444;
k_DSBN=0.0000366249;
k_CyA=2.6491865116;
fVX=0.0017192561;
kf_ATR_MGMT_P=0.0000109474;
k_ATR=0.0335519919;
K_add=0.0000878728;
kd_pATR=0.0029699906;
k_Chk1=338.0815730609;
C_Chk1=0.7644698117;
pChk1_ref12_5_24h=0.0097911983;
pChk1_ref100_24h=0.0098065786;
pChk1_ref100_48h=0.0120726937;
kd_pChk1=0.0564310704;
k_cdc25=172.8604326173;
K_cdc25=1.2680909985;
kf_p53=0.0005052571;
k_p53=31.4343393997;
K_ATR=0.0005378915;
p53ser46_ref50_72h=0.0003932104;
kp_ser46=2.8081666141;
K_p53=0.3952888197;
upAsy=0.1235767600;
sness=0.0039617126;
k_apop=0.0635203622;
tED50=263.2562579272;
cell_pop_norm0_Jack_MGMT_P=73.8514607221;
k_dis=0.0165706234;

%%%%%%%%%

cost=123.2403905671;

%%%%%%%%%

