TMZout0_Ka_XTMZ(norm)=0.80632;
MGMT_P0(norm)=0.99642;
k_MGMT(norm)=0.33736;
k_addO(norm)=0.49603;
k_addN(norm)=0.52528;
DSB_72h_fac(norm)=0.76391;
k_DSBO(norm)=0.68475;
k_DSBN(norm)=0.76953;
k_CyA(norm)=0.66032;
fVX(norm)=0.58590;
kf_ATR_MGMT_P(norm)=0.57837;
k_ATR(norm)=0.61743;
K_add(norm)=0.60641;
kd_pATR(norm)=0.84633;
k_Chk1(norm)=0.65414;
C_Chk1(norm)=0.64192;
pChk1_ref12_5_24h(norm)=0.41028;
pChk1_ref100_24h(norm)=0.41495;
pChk1_ref100_48h(norm)=0.40872;
kd_pChk1(norm)=0.84148;
k_cdc25(norm)=0.19923;
K_cdc25(norm)=0.58809;
kf_p53(norm)=0.60447;
k_p53(norm)=0.48773;
K_ATR(norm)=0.50999;
p53ser46_ref50_72h(norm)=0.60349;
kp_ser46(norm)=0.66253;
K_p53(norm)=0.58863;
upAsy(norm)=0.26520;
sness(norm)=0.08718;
k_apop(norm)=0.69063;
tED50(norm)=0.59171;
cell_pop_norm0_Jack_MGMT_P(norm)=0.17766;
k_dis(norm)=0.64162;

%%%%%%%%%

TMZout0_Ka_XTMZ=37.3039039787;
MGMT_P0=2.4951281542;
k_MGMT=33.9298598111;
k_addO=0.0101197575;
k_addN=0.1328841574;
DSB_72h_fac=1.1725386017;
k_DSBO=0.0003464668;
k_DSBN=0.0000484793;
k_CyA=2.2082920212;
fVX=0.0013747994;
kf_ATR_MGMT_P=0.0000108095;
k_ATR=0.0195456395;
K_add=0.0000738828;
kd_pATR=0.0039641135;
k_Chk1=461.6346332398;
C_Chk1=0.7818854214;
pChk1_ref12_5_24h=0.0061326876;
pChk1_ref100_24h=0.0061650342;
pChk1_ref100_48h=0.0072019046;
kd_pChk1=0.0975080039;
k_cdc25=213.3517921219;
K_cdc25=1.3428136101;
kf_p53=0.0006836125;
k_p53=27.6338446179;
K_ATR=0.0003231921;
p53ser46_ref50_72h=0.0005615776;
kp_ser46=4.5446464566;
K_p53=0.8291791985;
upAsy=0.2115463333;
sness=0.0025898214;
k_apop=0.0694457880;
tED50=411.8937987914;
cell_pop_norm0_Jack_MGMT_P=74.5792993837;
k_dis=0.0170532367;

%%%%%%%%%

cost=123.4938957526;

%%%%%%%%%

