TMZout0_Ka_XTMZ(norm)=0.48210;
MGMT_P0(norm)=0.18112;
k_MGMT(norm)=0.26463;
k_addO(norm)=0.12224;
k_addN(norm)=0.44778;
DSB_72h_fac(norm)=0.61748;
k_DSBO(norm)=0.49912;
k_DSBN(norm)=0.52320;
k_CyA(norm)=0.59882;
fVX(norm)=0.60345;
kf_ATR_MGMT_P(norm)=0.95597;
k_ATR(norm)=0.28153;
K_add(norm)=0.43014;
kd_pATR(norm)=0.63223;
k_Chk1(norm)=0.47609;
C_Chk1(norm)=0.59907;
pChk1_ref12_5_24h(norm)=0.32589;
pChk1_ref100_24h(norm)=0.63402;
pChk1_ref100_48h(norm)=0.67800;
kd_pChk1(norm)=0.34729;
k_cdc25(norm)=0.87645;
K_cdc25(norm)=0.39469;
kf_p53(norm)=0.81295;
k_p53(norm)=0.58098;
K_ATR(norm)=0.15774;
p53ser46_ref50_72h(norm)=0.42991;
kp_ser46(norm)=0.22590;
K_p53(norm)=0.54608;
upAsy(norm)=0.48057;
sness(norm)=0.38746;
k_apop(norm)=0.55630;
tED50(norm)=0.32197;
cell_pop_norm0_Jack_MGMT_P(norm)=0.53259;
k_dis(norm)=0.27914;

%%%%%%%%%

TMZout0_Ka_XTMZ=34.6280810247;
MGMT_P0=1.5025805488;
k_MGMT=35.7536051050;
k_addO=0.0074800136;
k_addN=0.1349015936;
DSB_72h_fac=1.0598552516;
k_DSBO=0.0002911582;
k_DSBN=0.0000350231;
k_CyA=2.0635331488;
fVX=0.0014322702;
kf_ATR_MGMT_P=0.0000148656;
k_ATR=0.0160714024;
K_add=0.0000614901;
kd_pATR=0.0040358449;
k_Chk1=437.8831043487;
C_Chk1=0.7528322272;
pChk1_ref12_5_24h=0.0061166195;
pChk1_ref100_24h=0.0079594969;
pChk1_ref100_48h=0.0093406000;
kd_pChk1=0.0667392380;
k_cdc25=308.6939030878;
K_cdc25=1.1477408771;
kf_p53=0.0008381191;
k_p53=37.0156173035;
K_ATR=0.0002888275;
p53ser46_ref50_72h=0.0004776397;
kp_ser46=2.8358948471;
K_p53=0.5122945441;
upAsy=0.2305870156;
sness=0.0035212816;
k_apop=0.0622600894;
tED50=298.0910900639;
cell_pop_norm0_Jack_MGMT_P=84.6441101394;
k_dis=0.0125091442;

%%%%%%%%%

cost=273.1370986826;

%%%%%%%%%

