TMZout0_Ka_XTMZ(norm)=0.06803;
MGMT_P0(norm)=0.82682;
k_MGMT(norm)=0.48766;
k_addO(norm)=0.40562;
k_addN(norm)=0.57280;
DSB_72h_fac(norm)=0.49053;
k_DSBO(norm)=0.45188;
k_DSBN(norm)=0.48224;
k_CyA(norm)=0.59176;
fVX(norm)=1.00000;
kf_ATR_MGMT_P(norm)=0.76420;
k_ATR(norm)=0.34460;
K_add(norm)=0.57314;
kd_pATR(norm)=0.52908;
k_Chk1(norm)=0.20692;
C_Chk1(norm)=0.73716;
pChk1_ref12_5_24h(norm)=0.02759;
pChk1_ref100_24h(norm)=0.07060;
pChk1_ref100_48h(norm)=0.29117;
kd_pChk1(norm)=0.97932;
k_cdc25(norm)=0.47399;
K_cdc25(norm)=0.05737;
kf_p53(norm)=0.12088;
k_p53(norm)=0.01957;
K_ATR(norm)=0.16869;
p53ser46_ref50_72h(norm)=0.07060;
kp_ser46(norm)=0.93655;
K_p53(norm)=0.00010;
upAsy(norm)=0.59140;
sness(norm)=0.60807;
k_apop(norm)=0.96642;
tED50(norm)=0.68413;
cell_pop_norm0_Jack_MGMT_P(norm)=0.00010;
k_dis(norm)=0.52756;

%%%%%%%%%

TMZout0_Ka_XTMZ=31.4879727318;
MGMT_P0=2.2522818776;
k_MGMT=36.1301172191;
k_addO=0.0087437717;
k_addN=0.1133574533;
DSB_72h_fac=0.9507125522;
k_DSBO=0.0002894253;
k_DSBN=0.0000375005;
k_CyA=2.3558644777;
fVX=0.0018062589;
kf_ATR_MGMT_P=0.0000124484;
k_ATR=0.0200805884;
K_add=0.0000740395;
kd_pATR=0.0032251063;
k_Chk1=293.1250430999;
C_Chk1=0.8632793459;
pChk1_ref12_5_24h=0.0048357946;
pChk1_ref100_24h=0.0050235304;
pChk1_ref100_48h=0.0070598689;
kd_pChk1=0.1063219945;
k_cdc25=231.7448664094;
K_cdc25=0.8430865103;
kf_p53=0.0003986302;
k_p53=22.7971285895;
K_ATR=0.0003309522;
p53ser46_ref50_72h=0.0003031863;
kp_ser46=4.5340853541;
K_p53=0.3753853031;
upAsy=0.2502895772;
sness=0.0038847987;
k_apop=0.0912209298;
tED50=474.7994445948;
cell_pop_norm0_Jack_MGMT_P=70.0024967691;
k_dis=0.0155534697;

%%%%%%%%%

cost=189.8697907404;

%%%%%%%%%

