TMZout0_Ka_XTMZ(norm)=0.30712;
MGMT_P0(norm)=0.72554;
k_MGMT(norm)=1.00000;
k_addO(norm)=0.22235;
k_addN(norm)=0.46738;
DSB_72h_fac(norm)=0.60243;
k_DSBO(norm)=0.60468;
k_DSBN(norm)=0.59509;
k_CyA(norm)=0.03252;
fVX(norm)=0.00010;
kf_ATR_MGMT_P(norm)=0.37652;
k_ATR(norm)=0.63313;
K_add(norm)=0.49071;
kd_pATR(norm)=0.27898;
k_Chk1(norm)=0.19660;
C_Chk1(norm)=1.00000;
pChk1_ref12_5_24h(norm)=0.31607;
pChk1_ref100_24h(norm)=0.62465;
pChk1_ref100_48h(norm)=0.85606;
kd_pChk1(norm)=0.00010;
k_cdc25(norm)=0.92174;
K_cdc25(norm)=0.41326;
kf_p53(norm)=1.00000;
k_p53(norm)=0.84954;
K_ATR(norm)=0.66485;
p53ser46_ref50_72h(norm)=0.69808;
kp_ser46(norm)=0.47531;
K_p53(norm)=0.33578;
upAsy(norm)=0.71313;
sness(norm)=0.21959;
k_apop(norm)=0.80877;
tED50(norm)=1.00000;
cell_pop_norm0_Jack_MGMT_P(norm)=0.78616;
k_dis(norm)=0.15953;

%%%%%%%%%

TMZout0_Ka_XTMZ=33.2646243674;
MGMT_P0=2.1530390936;
k_MGMT=59.4863474482;
k_addO=0.0080252714;
k_addN=0.1265223567;
DSB_72h_fac=1.0386305208;
k_DSBO=0.0003237405;
k_DSBN=0.0000418181;
k_CyA=1.2973063161;
fVX=0.0008369071;
kf_ATR_MGMT_P=0.0000091102;
k_ATR=0.0198074997;
K_add=0.0000669839;
kd_pATR=0.0024511642;
k_Chk1=313.2806040021;
C_Chk1=1.0590316885;
pChk1_ref12_5_24h=0.0056621729;
pChk1_ref100_24h=0.0073637916;
pChk1_ref100_48h=0.0105210330;
kd_pChk1=0.0478002655;
k_cdc25=393.5174544493;
K_cdc25=1.1579257278;
kf_p53=0.0009557765;
k_p53=37.5473218967;
K_ATR=0.0003685085;
p53ser46_ref50_72h=0.0006084361;
kp_ser46=3.8780038909;
K_p53=0.6692721865;
upAsy=0.3091940762;
sness=0.0028972942;
k_apop=0.0767571717;
tED50=582.1404884586;
cell_pop_norm0_Jack_MGMT_P=92.6566195228;
k_dis=0.0113346090;

%%%%%%%%%

cost=665.7463189202;

%%%%%%%%%

