TMZout0_Ka_XTMZ(norm)=0.07951;
MGMT_P0(norm)=0.76652;
k_MGMT(norm)=0.54526;
k_addO(norm)=0.97620;
k_addN(norm)=0.43410;
DSB_72h_fac(norm)=0.42199;
k_DSBO(norm)=0.26242;
k_DSBN(norm)=0.44093;
k_CyA(norm)=0.79687;
fVX(norm)=0.37855;
kf_ATR_MGMT_P(norm)=0.94918;
k_ATR(norm)=0.40312;
K_add(norm)=0.64528;
kd_pATR(norm)=0.31318;
k_Chk1(norm)=0.88943;
C_Chk1(norm)=0.39316;
pChk1_ref12_5_24h(norm)=0.51271;
pChk1_ref100_24h(norm)=0.62479;
pChk1_ref100_48h(norm)=0.72134;
kd_pChk1(norm)=0.66422;
k_cdc25(norm)=0.92374;
K_cdc25(norm)=0.10370;
kf_p53(norm)=0.81347;
k_p53(norm)=0.26159;
K_ATR(norm)=0.00010;
p53ser46_ref50_72h(norm)=0.69858;
kp_ser46(norm)=0.44581;
K_p53(norm)=0.26085;
upAsy(norm)=0.54914;
sness(norm)=0.22500;
k_apop(norm)=0.24673;
tED50(norm)=0.46039;
cell_pop_norm0_Jack_MGMT_P(norm)=0.27214;
k_dis(norm)=0.57904;

%%%%%%%%%

TMZout0_Ka_XTMZ=31.5710186410;
MGMT_P0=2.1622116184;
k_MGMT=45.3507278294;
k_addO=0.0154220025;
k_addN=0.1333467499;
DSB_72h_fac=0.9193239327;
k_DSBO=0.0002382474;
k_DSBN=0.0000326648;
k_CyA=2.4405666417;
fVX=0.0011837683;
kf_ATR_MGMT_P=0.0000147804;
k_ATR=0.0178154576;
K_add=0.0000737853;
kd_pATR=0.0030798694;
k_Chk1=621.5214498061;
C_Chk1=0.6323075363;
pChk1_ref12_5_24h=0.0071656782;
pChk1_ref100_24h=0.0078975004;
pChk1_ref100_48h=0.0096899309;
kd_pChk1=0.0872980763;
k_cdc25=321.3126809733;
K_cdc25=0.8969484722;
kf_p53=0.0008384906;
k_p53=28.2395138920;
K_ATR=0.0002527144;
p53ser46_ref50_72h=0.0005997422;
kp_ser46=3.4167213839;
K_p53=0.4023108792;
upAsy=0.2443806968;
sness=0.0030684476;
k_apop=0.0478956781;
tED50=335.1853435859;
cell_pop_norm0_Jack_MGMT_P=77.1351616236;
k_dis=0.0161282256;

%%%%%%%%%

cost=216.7820253933;

%%%%%%%%%

