TMZout0_Ka_XTMZ(norm)=0.41122;
MGMT_P0(norm)=0.86811;
k_MGMT(norm)=0.66054;
k_addO(norm)=0.00010;
k_addN(norm)=0.00010;
DSB_72h_fac(norm)=0.32387;
k_DSBO(norm)=0.52420;
k_DSBN(norm)=0.83552;
k_CyA(norm)=0.45135;
fVX(norm)=0.52923;
kf_ATR_MGMT_P(norm)=0.74089;
k_ATR(norm)=0.55443;
K_add(norm)=0.61129;
kd_pATR(norm)=0.00010;
k_Chk1(norm)=0.54263;
C_Chk1(norm)=0.00010;
pChk1_ref12_5_24h(norm)=0.24002;
pChk1_ref100_24h(norm)=0.54213;
pChk1_ref100_48h(norm)=1.00000;
kd_pChk1(norm)=0.39486;
k_cdc25(norm)=1.00000;
K_cdc25(norm)=0.69699;
kf_p53(norm)=0.40677;
k_p53(norm)=0.26740;
K_ATR(norm)=0.46458;
p53ser46_ref50_72h(norm)=0.58311;
kp_ser46(norm)=0.84142;
K_p53(norm)=0.56724;
upAsy(norm)=0.39490;
sness(norm)=0.96099;
k_apop(norm)=0.36854;
tED50(norm)=0.49298;
cell_pop_norm0_Jack_MGMT_P(norm)=0.21580;
k_dis(norm)=0.26889;

%%%%%%%%%

TMZout0_Ka_XTMZ=34.0691828810;
MGMT_P0=2.3031792455;
k_MGMT=50.0041577798;
k_addO=0.0067446269;
k_addN=0.0923167769;
DSB_72h_fac=0.8559766550;
k_DSBO=0.0002974125;
k_DSBN=0.0000456334;
k_CyA=1.8211483912;
fVX=0.0013449747;
kf_ATR_MGMT_P=0.0000123890;
k_ATR=0.0202524028;
K_add=0.0000716911;
kd_pATR=0.0023622425;
k_Chk1=463.2805169969;
C_Chk1=0.4532009724;
pChk1_ref12_5_24h=0.0056873912;
pChk1_ref100_24h=0.0073632893;
pChk1_ref100_48h=0.0122705020;
kd_pChk1=0.0694839791;
k_cdc25=342.7608330462;
K_cdc25=1.4828049969;
kf_p53=0.0005940745;
k_p53=28.3788750323;
K_ATR=0.0003745831;
p53ser46_ref50_72h=0.0005438431;
kp_ser46=4.7773575766;
K_p53=0.5215634194;
upAsy=0.2144417726;
sness=0.0057246052;
k_apop=0.0531030602;
tED50=344.5705098305;
cell_pop_norm0_Jack_MGMT_P=75.6006047239;
k_dis=0.0124010513;

%%%%%%%%%

cost=244.1534822393;

%%%%%%%%%

