TMZout0_Ka_XTMZ(norm)=1.00000;
MGMT_P0(norm)=0.59088;
k_MGMT(norm)=0.65398;
k_addO(norm)=0.23007;
k_addN(norm)=0.71509;
DSB_72h_fac(norm)=0.69359;
k_DSBO(norm)=0.31531;
k_DSBN(norm)=0.45696;
k_CyA(norm)=0.62368;
fVX(norm)=0.47257;
kf_ATR_MGMT_P(norm)=0.40831;
k_ATR(norm)=0.70045;
K_add(norm)=0.68950;
kd_pATR(norm)=0.31972;
k_Chk1(norm)=0.62804;
C_Chk1(norm)=0.80956;
pChk1_ref12_5_24h(norm)=0.46174;
pChk1_ref100_24h(norm)=0.55917;
pChk1_ref100_48h(norm)=0.84552;
kd_pChk1(norm)=0.83642;
k_cdc25(norm)=0.05734;
K_cdc25(norm)=0.83540;
kf_p53(norm)=0.21568;
k_p53(norm)=0.40279;
K_ATR(norm)=0.08326;
p53ser46_ref50_72h(norm)=0.91047;
kp_ser46(norm)=0.77699;
K_p53(norm)=0.19800;
upAsy(norm)=0.49659;
sness(norm)=0.79849;
k_apop(norm)=0.68500;
tED50(norm)=0.61339;
cell_pop_norm0_Jack_MGMT_P(norm)=0.30530;
k_dis(norm)=0.38841;

%%%%%%%%%

TMZout0_Ka_XTMZ=39.0000000000;
MGMT_P0=1.9385475241;
k_MGMT=49.7271585409;
k_addO=0.0081956020;
k_addN=0.1691927463;
DSB_72h_fac=1.1202092406;
k_DSBO=0.0002491683;
k_DSBN=0.0000331115;
k_CyA=2.1074523970;
fVX=0.0012819308;
kf_ATR_MGMT_P=0.0000093466;
k_ATR=0.0229196265;
K_add=0.0000766023;
kd_pATR=0.0030969632;
k_Chk1=498.0493488913;
C_Chk1=0.8998141508;
pChk1_ref12_5_24h=0.0068628008;
pChk1_ref100_24h=0.0074703865;
pChk1_ref100_48h=0.0107650938;
kd_pChk1=0.1010113912;
k_cdc25=154.2106448687;
K_cdc25=1.6673079779;
kf_p53=0.0005052727;
k_p53=31.8284175725;
K_ATR=0.0002711644;
p53ser46_ref50_72h=0.0007176887;
kp_ser46=4.5235421210;
K_p53=0.3814469671;
upAsy=0.2337390972;
sness=0.0049882641;
k_apop=0.0694339272;
tED50=381.5810381734;
cell_pop_norm0_Jack_MGMT_P=78.0530595252;
k_dis=0.0137226060;

%%%%%%%%%

cost=250.3052770393;

%%%%%%%%%

