TMZout0_Ka_XTMZ(norm)=0.44616;
MGMT_P0(norm)=0.72183;
k_MGMT(norm)=0.90781;
k_addO(norm)=0.59246;
k_addN(norm)=0.73728;
DSB_72h_fac(norm)=0.74906;
k_DSBO(norm)=0.51957;
k_DSBN(norm)=0.57981;
k_CyA(norm)=0.50820;
fVX(norm)=0.46454;
kf_ATR_MGMT_P(norm)=0.61687;
k_ATR(norm)=0.75067;
K_add(norm)=0.57582;
kd_pATR(norm)=0.85261;
k_Chk1(norm)=0.49819;
C_Chk1(norm)=0.60763;
pChk1_ref12_5_24h(norm)=0.53547;
pChk1_ref100_24h(norm)=0.53363;
pChk1_ref100_48h(norm)=0.54414;
kd_pChk1(norm)=0.67077;
k_cdc25(norm)=0.79091;
K_cdc25(norm)=0.41190;
kf_p53(norm)=0.44122;
k_p53(norm)=0.26907;
K_ATR(norm)=0.47013;
p53ser46_ref50_72h(norm)=0.46752;
kp_ser46(norm)=0.59877;
K_p53(norm)=0.55685;
upAsy(norm)=0.66867;
sness(norm)=0.28738;
k_apop(norm)=0.58527;
tED50(norm)=0.99846;
cell_pop_norm0_Jack_MGMT_P(norm)=0.14892;
k_dis(norm)=0.61052;

%%%%%%%%%

TMZout0_Ka_XTMZ=34.3435328067;
MGMT_P0=2.1029672059;
k_MGMT=61.6589506331;
k_addO=0.0111411782;
k_addN=0.1724039122;
DSB_72h_fac=1.1663466124;
k_DSBO=0.0002962483;
k_DSBN=0.0000367440;
k_CyA=1.9110204946;
fVX=0.0012732368;
kf_ATR_MGMT_P=0.0000111532;
k_ATR=0.0239160019;
K_add=0.0000695684;
kd_pATR=0.0048644068;
k_Chk1=446.1594159351;
C_Chk1=0.7583102190;
pChk1_ref12_5_24h=0.0073051863;
pChk1_ref100_24h=0.0073104490;
pChk1_ref100_48h=0.0083390237;
kd_pChk1=0.0877836602;
k_cdc25=287.1122119008;
K_cdc25=1.1646019514;
kf_p53=0.0006116707;
k_p53=28.4190432096;
K_ATR=0.0003763481;
p53ser46_ref50_72h=0.0004931060;
kp_ser46=3.8895261062;
K_p53=0.5169892035;
upAsy=0.2704275376;
sness=0.0032349866;
k_apop=0.0638076512;
tED50=528.7913419438;
cell_pop_norm0_Jack_MGMT_P=73.8185170126;
k_dis=0.0165641534;

%%%%%%%%%

cost=123.9494970175;

%%%%%%%%%

