TMZout0_Ka_XTMZ(norm)=0.51502;
MGMT_P0(norm)=0.70008;
k_MGMT(norm)=0.82823;
k_addO(norm)=0.57232;
k_addN(norm)=0.78261;
DSB_72h_fac(norm)=0.72177;
k_DSBO(norm)=0.59326;
k_DSBN(norm)=0.40276;
k_CyA(norm)=0.87570;
fVX(norm)=0.58154;
kf_ATR_MGMT_P(norm)=0.61345;
k_ATR(norm)=0.47966;
K_add(norm)=0.67124;
kd_pATR(norm)=0.66572;
k_Chk1(norm)=0.92286;
C_Chk1(norm)=0.64233;
pChk1_ref12_5_24h(norm)=0.71068;
pChk1_ref100_24h(norm)=0.70881;
pChk1_ref100_48h(norm)=0.71589;
kd_pChk1(norm)=0.57488;
k_cdc25(norm)=0.94347;
K_cdc25(norm)=0.43675;
kf_p53(norm)=0.42281;
k_p53(norm)=0.38372;
K_ATR(norm)=0.36900;
p53ser46_ref50_72h(norm)=0.40356;
kp_ser46(norm)=0.76427;
K_p53(norm)=0.14198;
upAsy(norm)=0.85319;
sness(norm)=0.73445;
k_apop(norm)=0.57181;
tED50(norm)=0.80511;
cell_pop_norm0_Jack_MGMT_P(norm)=0.14258;
k_dis(norm)=0.58345;

%%%%%%%%%

TMZout0_Ka_XTMZ=34.8908117536;
MGMT_P0=2.0747185851;
k_MGMT=57.6385649728;
k_addO=0.0109527483;
k_addN=0.1791531288;
DSB_72h_fac=1.1434148397;
k_DSBO=0.0003153340;
k_DSBN=0.0000316254;
k_CyA=2.6091442250;
fVX=0.0014059234;
kf_ATR_MGMT_P=0.0000111210;
k_ATR=0.0190091435;
K_add=0.0000754262;
kd_pATR=0.0041520100;
k_Chk1=639.3774379159;
C_Chk1=0.7809366890;
pChk1_ref12_5_24h=0.0084743048;
pChk1_ref100_24h=0.0084802036;
pChk1_ref100_48h=0.0096453373;
kd_pChk1=0.0809336424;
k_cdc25=326.7297117283;
K_cdc25=1.1893795757;
kf_p53=0.0006022043;
k_p53=31.3184965023;
K_ATR=0.0003454432;
p53ser46_ref50_72h=0.0004670955;
kp_ser46=4.4750433283;
K_p53=0.3637638784;
upAsy=0.3161912129;
sness=0.0047248029;
k_apop=0.0630838603;
tED50=448.8840482947;
cell_pop_norm0_Jack_MGMT_P=73.6517785114;
k_dis=0.0161885542;

%%%%%%%%%

cost=122.9737243689;

%%%%%%%%%

