TMZout0_Ka_XTMZ(norm)=0.34716;
MGMT_P0(norm)=0.95842;
k_MGMT(norm)=0.51737;
k_addO(norm)=0.60296;
k_addN(norm)=0.77855;
DSB_72h_fac(norm)=0.80514;
k_DSBO(norm)=0.64054;
k_DSBN(norm)=0.35994;
k_CyA(norm)=0.45748;
fVX(norm)=0.34946;
kf_ATR_MGMT_P(norm)=0.58710;
k_ATR(norm)=0.34759;
K_add(norm)=0.55428;
kd_pATR(norm)=0.96585;
k_Chk1(norm)=0.99081;
C_Chk1(norm)=0.62461;
pChk1_ref12_5_24h(norm)=0.59774;
pChk1_ref100_24h(norm)=0.60868;
pChk1_ref100_48h(norm)=0.53767;
kd_pChk1(norm)=0.73283;
k_cdc25(norm)=0.90256;
K_cdc25(norm)=0.57022;
kf_p53(norm)=0.60217;
k_p53(norm)=0.41875;
K_ATR(norm)=0.21118;
p53ser46_ref50_72h(norm)=0.57960;
kp_ser46(norm)=0.78997;
K_p53(norm)=0.37798;
upAsy(norm)=0.34029;
sness(norm)=0.55691;
k_apop(norm)=0.76465;
tED50(norm)=0.33101;
cell_pop_norm0_Jack_MGMT_P(norm)=0.15082;
k_dis(norm)=0.62575;

%%%%%%%%%

TMZout0_Ka_XTMZ=33.5718092857;
MGMT_P0=2.4440443312;
k_MGMT=39.5203948854;
k_addO=0.0110794287;
k_addN=0.1646915708;
DSB_72h_fac=1.2094165652;
k_DSBO=0.0003337301;
k_DSBN=0.0000342640;
k_CyA=1.8596007505;
fVX=0.0011252123;
kf_ATR_MGMT_P=0.0000108898;
k_ATR=0.0155509853;
K_add=0.0000706907;
kd_pATR=0.0043865829;
k_Chk1=614.0239703747;
C_Chk1=0.7705056740;
pChk1_ref12_5_24h=0.0071884026;
pChk1_ref100_24h=0.0072648393;
pChk1_ref100_48h=0.0080333495;
kd_pChk1=0.0889316526;
k_cdc25=387.1758694639;
K_cdc25=1.3226284391;
kf_p53=0.0006822819;
k_p53=26.0649559390;
K_ATR=0.0002509028;
p53ser46_ref50_72h=0.0005503243;
kp_ser46=5.0628791626;
K_p53=0.6936365996;
upAsy=0.2254424923;
sness=0.0038558641;
k_apop=0.0739408621;
tED50=330.2585645634;
cell_pop_norm0_Jack_MGMT_P=73.8685953359;
k_dis=0.0168254441;

%%%%%%%%%

cost=123.1215926895;

%%%%%%%%%

