TMZout0_Ka_XTMZ(norm)=0.65355;
MGMT_P0(norm)=0.37030;
k_MGMT(norm)=0.32542;
k_addO(norm)=0.54902;
k_addN(norm)=0.68914;
DSB_72h_fac(norm)=0.65688;
k_DSBO(norm)=0.40261;
k_DSBN(norm)=0.33278;
k_CyA(norm)=0.32783;
fVX(norm)=0.65802;
kf_ATR_MGMT_P(norm)=0.77025;
k_ATR(norm)=0.75444;
K_add(norm)=0.52178;
kd_pATR(norm)=0.16603;
k_Chk1(norm)=0.66895;
C_Chk1(norm)=0.15104;
pChk1_ref12_5_24h(norm)=0.19701;
pChk1_ref100_24h(norm)=0.27521;
pChk1_ref100_48h(norm)=0.44898;
kd_pChk1(norm)=0.42385;
k_cdc25(norm)=0.98753;
K_cdc25(norm)=0.95476;
kf_p53(norm)=0.67734;
k_p53(norm)=0.41400;
K_ATR(norm)=0.34026;
p53ser46_ref50_72h(norm)=0.23212;
kp_ser46(norm)=0.39544;
K_p53(norm)=0.56030;
upAsy(norm)=0.48171;
sness(norm)=0.33579;
k_apop(norm)=0.96300;
tED50(norm)=0.00010;
cell_pop_norm0_Jack_MGMT_P(norm)=0.37163;
k_dis(norm)=0.73833;

%%%%%%%%%

TMZout0_Ka_XTMZ=36.0182192150;
MGMT_P0=1.6901201986;
k_MGMT=37.6434256592;
k_addO=0.0107386346;
k_addN=0.1655124337;
DSB_72h_fac=1.0906779915;
k_DSBO=0.0002682970;
k_DSBN=0.0000298046;
k_CyA=1.6401864773;
fVX=0.0015000431;
kf_ATR_MGMT_P=0.0000127011;
k_ATR=0.0239925487;
K_add=0.0000664547;
kd_pATR=0.0027188432;
k_Chk1=515.6151553310;
C_Chk1=0.5150304683;
pChk1_ref12_5_24h=0.0054838474;
pChk1_ref100_24h=0.0058729043;
pChk1_ref100_48h=0.0076930612;
kd_pChk1=0.0712117582;
k_cdc25=339.1586980337;
K_cdc25=1.8447479377;
kf_p53=0.0007471482;
k_p53=32.1322060864;
K_ATR=0.0003371335;
p53ser46_ref50_72h=0.0004039405;
kp_ser46=3.2739720348;
K_p53=0.5185022310;
upAsy=0.2308095460;
sness=0.0033704558;
k_apop=0.0878753620;
tED50=226.9392185870;
cell_pop_norm0_Jack_MGMT_P=79.9215151523;
k_dis=0.0184585897;

%%%%%%%%%

cost=873.3485185996;

%%%%%%%%%

