TMZout0_Ka_XTMZ(norm)=0.34665;
MGMT_P0(norm)=0.79587;
k_MGMT(norm)=0.53306;
k_addO(norm)=0.08446;
k_addN(norm)=0.90865;
DSB_72h_fac(norm)=0.87853;
k_DSBO(norm)=1.00000;
k_DSBN(norm)=0.47620;
k_CyA(norm)=0.43494;
fVX(norm)=0.48647;
kf_ATR_MGMT_P(norm)=0.35208;
k_ATR(norm)=0.26436;
K_add(norm)=1.00000;
kd_pATR(norm)=0.85375;
k_Chk1(norm)=0.81539;
C_Chk1(norm)=0.37171;
pChk1_ref12_5_24h(norm)=0.20205;
pChk1_ref100_24h(norm)=0.14684;
pChk1_ref100_48h(norm)=1.00000;
kd_pChk1(norm)=0.62676;
k_cdc25(norm)=0.45711;
K_cdc25(norm)=0.83521;
kf_p53(norm)=0.00010;
k_p53(norm)=1.00000;
K_ATR(norm)=0.53012;
p53ser46_ref50_72h(norm)=0.37184;
kp_ser46(norm)=0.13433;
K_p53(norm)=0.06486;
upAsy(norm)=0.43944;
sness(norm)=0.47594;
k_apop(norm)=0.24049;
tED50(norm)=0.37193;
cell_pop_norm0_Jack_MGMT_P(norm)=0.00010;
k_dis(norm)=0.32895;

%%%%%%%%%

TMZout0_Ka_XTMZ=33.5678751499;
MGMT_P0=2.2106709834;
k_MGMT=37.5469455887;
k_addO=0.0066607145;
k_addN=0.1506725189;
DSB_72h_fac=1.2765952701;
k_DSBO=0.0004605009;
k_DSBN=0.0000373091;
k_CyA=2.0627333784;
fVX=0.0011689941;
kf_ATR_MGMT_P=0.0000087794;
k_ATR=0.0187606764;
K_add=0.0001063010;
kd_pATR=0.0042463575;
k_Chk1=490.8598416797;
C_Chk1=0.6333908007;
pChk1_ref12_5_24h=0.0056061483;
pChk1_ref100_24h=0.0053587238;
pChk1_ref100_48h=0.0128714905;
kd_pChk1=0.0788660088;
k_cdc25=228.4545086975;
K_cdc25=1.6296645048;
kf_p53=0.0003598524;
k_p53=52.3183656414;
K_ATR=0.0004495338;
p53ser46_ref50_72h=0.0003913446;
kp_ser46=2.2976837038;
K_p53=0.3965598385;
upAsy=0.2200525067;
sness=0.0034733386;
k_apop=0.0493137010;
tED50=364.4409622892;
cell_pop_norm0_Jack_MGMT_P=70.0024967691;
k_dis=0.0131444816;

%%%%%%%%%

cost=100000.0000000000;

%%%%%%%%%

