TMZout0_Ka_XTMZ(norm)=0.86318;
MGMT_P0(norm)=0.86821;
k_MGMT(norm)=0.40248;
k_addO(norm)=0.50761;
k_addN(norm)=0.62194;
DSB_72h_fac(norm)=0.68114;
k_DSBO(norm)=0.77437;
k_DSBN(norm)=0.41424;
k_CyA(norm)=0.81471;
fVX(norm)=0.57080;
kf_ATR_MGMT_P(norm)=0.57665;
k_ATR(norm)=0.91383;
K_add(norm)=0.81327;
kd_pATR(norm)=0.36660;
k_Chk1(norm)=0.49560;
C_Chk1(norm)=0.64216;
pChk1_ref12_5_24h(norm)=0.74048;
pChk1_ref100_24h(norm)=0.74490;
pChk1_ref100_48h(norm)=0.80811;
kd_pChk1(norm)=0.45305;
k_cdc25(norm)=0.53030;
K_cdc25(norm)=0.54193;
kf_p53(norm)=0.59421;
k_p53(norm)=0.15504;
K_ATR(norm)=0.55915;
p53ser46_ref50_72h(norm)=0.58264;
kp_ser46(norm)=0.39057;
K_p53(norm)=0.78829;
upAsy(norm)=0.43401;
sness(norm)=0.55657;
k_apop(norm)=0.71358;
tED50(norm)=0.43533;
cell_pop_norm0_Jack_MGMT_P(norm)=0.14926;
k_dis(norm)=0.61779;

%%%%%%%%%

TMZout0_Ka_XTMZ=37.7940422909;
MGMT_P0=2.3033283712;
k_MGMT=40.1832465711;
k_addO=0.0103683700;
k_addN=0.1563516611;
DSB_72h_fac=1.1101063903;
k_DSBO=0.0003676327;
k_DSBN=0.0000319346;
k_CyA=2.4777261981;
fVX=0.0013931917;
kf_ATR_MGMT_P=0.0000107795;
k_ATR=0.0274616516;
K_add=0.0000850719;
kd_pATR=0.0032224692;
k_Chk1=445.1804526028;
C_Chk1=0.7808244687;
pChk1_ref12_5_24h=0.0086909771;
pChk1_ref100_24h=0.0087435279;
pChk1_ref100_48h=0.0104292174;
kd_pChk1=0.0729961416;
k_cdc25=230.2246386628;
K_cdc25=1.3002462371;
kf_p53=0.0006963333;
k_p53=25.8018420956;
K_ATR=0.0004058322;
p53ser46_ref50_72h=0.0005436255;
kp_ser46=3.2605080142;
K_p53=0.6289940536;
upAsy=0.2216684043;
sness=0.0040637837;
k_apop=0.0711355791;
tED50=328.1442970597;
cell_pop_norm0_Jack_MGMT_P=73.8275938677;
k_dis=0.0166665536;

%%%%%%%%%

cost=123.9565777534;

%%%%%%%%%

