TMZout0_Ka_XTMZ(norm)=0.00010;
MGMT_P0(norm)=0.45307;
k_MGMT(norm)=1.00000;
k_addO(norm)=0.34257;
k_addN(norm)=0.62392;
DSB_72h_fac(norm)=0.58631;
k_DSBO(norm)=0.69256;
k_DSBN(norm)=0.37121;
k_CyA(norm)=0.53316;
fVX(norm)=0.00010;
kf_ATR_MGMT_P(norm)=0.57117;
k_ATR(norm)=0.45317;
K_add(norm)=0.34634;
kd_pATR(norm)=0.91060;
k_Chk1(norm)=0.83959;
C_Chk1(norm)=0.10985;
pChk1_ref12_5_24h(norm)=1.00000;
pChk1_ref100_24h(norm)=0.49871;
pChk1_ref100_48h(norm)=0.76337;
kd_pChk1(norm)=0.83459;
k_cdc25(norm)=0.47534;
K_cdc25(norm)=0.45489;
kf_p53(norm)=0.61054;
k_p53(norm)=0.40849;
K_ATR(norm)=0.55276;
p53ser46_ref50_72h(norm)=0.22120;
kp_ser46(norm)=0.75067;
K_p53(norm)=0.57844;
upAsy(norm)=0.64920;
sness(norm)=0.68947;
k_apop(norm)=0.00010;
tED50(norm)=0.29872;
cell_pop_norm0_Jack_MGMT_P(norm)=0.01102;
k_dis(norm)=0.57456;

%%%%%%%%%

TMZout0_Ka_XTMZ=31.0007116889;
MGMT_P0=1.8379976732;
k_MGMT=57.6809463461;
k_addO=0.0084527355;
k_addN=0.1272490168;
DSB_72h_fac=1.0242545485;
k_DSBO=0.0003544752;
k_DSBN=0.0000330352;
k_CyA=2.3443122581;
fVX=0.0008663821;
kf_ATR_MGMT_P=0.0000107420;
k_ATR=0.0235804230;
K_add=0.0000663199;
kd_pATR=0.0035859524;
k_Chk1=416.2034336522;
C_Chk1=0.5024970207;
pChk1_ref12_5_24h=0.0121089916;
pChk1_ref100_24h=0.0079362254;
pChk1_ref100_48h=0.0122584249;
kd_pChk1=0.0779186550;
k_cdc25=210.6312396702;
K_cdc25=1.2461425809;
kf_p53=0.0005889064;
k_p53=28.1430698421;
K_ATR=0.0004497463;
p53ser46_ref50_72h=0.0003525601;
kp_ser46=3.8096271660;
K_p53=0.6414022963;
upAsy=0.2076459048;
sness=0.0041069822;
k_apop=0.0353924153;
tED50=297.4776938399;
cell_pop_norm0_Jack_MGMT_P=70.2757072873;
k_dis=0.0159924952;

%%%%%%%%%

cost=100000.0000000000;

%%%%%%%%%

