TMZout0_Ka_XTMZ(norm)=0.41678;
MGMT_P0(norm)=0.52526;
k_MGMT(norm)=0.40437;
k_addO(norm)=0.14269;
k_addN(norm)=0.39655;
DSB_72h_fac(norm)=0.16060;
k_DSBO(norm)=0.80881;
k_DSBN(norm)=0.35128;
k_CyA(norm)=0.94046;
fVX(norm)=0.50008;
kf_ATR_MGMT_P(norm)=1.00000;
k_ATR(norm)=1.00000;
K_add(norm)=0.36180;
kd_pATR(norm)=0.59527;
k_Chk1(norm)=0.27613;
C_Chk1(norm)=0.27917;
pChk1_ref12_5_24h(norm)=0.00010;
pChk1_ref100_24h(norm)=0.24911;
pChk1_ref100_48h(norm)=0.27035;
kd_pChk1(norm)=0.38962;
k_cdc25(norm)=0.39112;
K_cdc25(norm)=0.28263;
kf_p53(norm)=0.62056;
k_p53(norm)=0.29157;
K_ATR(norm)=0.76225;
p53ser46_ref50_72h(norm)=0.42421;
kp_ser46(norm)=0.34435;
K_p53(norm)=0.61107;
upAsy(norm)=0.59073;
sness(norm)=0.68059;
k_apop(norm)=0.19475;
tED50(norm)=0.42889;
cell_pop_norm0_Jack_MGMT_P(norm)=0.29270;
k_dis(norm)=0.63581;

%%%%%%%%%

TMZout0_Ka_XTMZ=34.1126763620;
MGMT_P0=1.9306398173;
k_MGMT=35.9118993966;
k_addO=0.0075014978;
k_addN=0.1191530432;
DSB_72h_fac=0.7453465310;
k_DSBO=0.0003848681;
k_DSBN=0.0000340134;
k_CyA=2.7998947452;
fVX=0.0012783797;
kf_ATR_MGMT_P=0.0000154510;
k_ATR=0.0270288705;
K_add=0.0000600528;
kd_pATR=0.0032045108;
k_Chk1=335.1208702848;
C_Chk1=0.5749884731;
pChk1_ref12_5_24h=0.0043322609;
pChk1_ref100_24h=0.0053568992;
pChk1_ref100_48h=0.0064051507;
kd_pChk1=0.0664912425;
k_cdc25=251.0206522916;
K_cdc25=1.0366009223;
kf_p53=0.0006929981;
k_p53=23.4021621798;
K_ATR=0.0004002092;
p53ser46_ref50_72h=0.0004824333;
kp_ser46=3.4707207501;
K_p53=0.8450943869;
upAsy=0.2787355605;
sness=0.0042818569;
k_apop=0.0456219594;
tED50=358.8173323132;
cell_pop_norm0_Jack_MGMT_P=77.7030485435;
k_dis=0.0169694103;

%%%%%%%%%

cost=253.9920762068;

%%%%%%%%%

