TMZout0_Ka_XTMZ(norm)=0.90624;
MGMT_P0(norm)=0.75906;
k_MGMT(norm)=0.47637;
k_addO(norm)=0.65758;
k_addN(norm)=0.36555;
DSB_72h_fac(norm)=0.76040;
k_DSBO(norm)=0.59357;
k_DSBN(norm)=0.72276;
k_CyA(norm)=0.79466;
fVX(norm)=0.49503;
kf_ATR_MGMT_P(norm)=0.85613;
k_ATR(norm)=0.35787;
K_add(norm)=0.75240;
kd_pATR(norm)=0.30510;
k_Chk1(norm)=0.73412;
C_Chk1(norm)=0.32231;
pChk1_ref12_5_24h(norm)=0.45027;
pChk1_ref100_24h(norm)=0.70896;
pChk1_ref100_48h(norm)=0.65538;
kd_pChk1(norm)=0.46534;
k_cdc25(norm)=0.10752;
K_cdc25(norm)=0.66365;
kf_p53(norm)=0.69591;
k_p53(norm)=0.86740;
K_ATR(norm)=0.48312;
p53ser46_ref50_72h(norm)=0.76451;
kp_ser46(norm)=0.75969;
K_p53(norm)=0.45809;
upAsy(norm)=0.21763;
sness(norm)=0.21511;
k_apop(norm)=0.45045;
tED50(norm)=0.11707;
cell_pop_norm0_Jack_MGMT_P(norm)=0.53026;
k_dis(norm)=0.70280;

%%%%%%%%%

TMZout0_Ka_XTMZ=38.1695272524;
MGMT_P0=2.1522124859;
k_MGMT=42.7796435587;
k_addO=0.0117732575;
k_addN=0.1258223663;
DSB_72h_fac=1.1760141694;
k_DSBO=0.0003154178;
k_DSBN=0.0000414750;
k_CyA=2.4359829473;
fVX=0.0013065592;
kf_ATR_MGMT_P=0.0000136598;
k_ATR=0.0171452777;
K_add=0.0000807958;
kd_pATR=0.0030588530;
k_Chk1=544.8865022088;
C_Chk1=0.5954675124;
pChk1_ref12_5_24h=0.0067963997;
pChk1_ref100_24h=0.0084812991;
pChk1_ref100_48h=0.0091632670;
kd_pChk1=0.0737596472;
k_cdc25=160.9081494635;
K_cdc25=1.4415096089;
kf_p53=0.0007589943;
k_p53=47.1824525943;
K_ATR=0.0003805120;
p53ser46_ref50_72h=0.0006341996;
kp_ser46=4.4577239259;
K_p53=0.4754910025;
upAsy=0.1845348482;
sness=0.0030428352;
k_apop=0.0569193453;
tED50=250.5820536274;
cell_pop_norm0_Jack_MGMT_P=84.5737872014;
k_dis=0.0179112166;

%%%%%%%%%

cost=167.9141081384;

%%%%%%%%%

