TMZout0_Ka_XTMZ(norm)=0.69131;
MGMT_P0(norm)=0.63541;
k_MGMT(norm)=0.64213;
k_addO(norm)=0.55495;
k_addN(norm)=0.76783;
DSB_72h_fac(norm)=0.72945;
k_DSBO(norm)=0.56082;
k_DSBN(norm)=0.27783;
k_CyA(norm)=0.62269;
fVX(norm)=0.64716;
kf_ATR_MGMT_P(norm)=0.58727;
k_ATR(norm)=0.71247;
K_add(norm)=0.53628;
kd_pATR(norm)=0.87295;
k_Chk1(norm)=0.45994;
C_Chk1(norm)=0.60962;
pChk1_ref12_5_24h(norm)=0.68580;
pChk1_ref100_24h(norm)=0.68763;
pChk1_ref100_48h(norm)=0.73703;
kd_pChk1(norm)=0.42561;
k_cdc25(norm)=0.63109;
K_cdc25(norm)=0.64861;
kf_p53(norm)=0.26419;
k_p53(norm)=0.75616;
K_ATR(norm)=0.72730;
p53ser46_ref50_72h(norm)=0.26041;
kp_ser46(norm)=0.50474;
K_p53(norm)=0.82308;
upAsy(norm)=0.34598;
sness(norm)=0.78004;
k_apop(norm)=0.67617;
tED50(norm)=0.51515;
cell_pop_norm0_Jack_MGMT_P(norm)=0.16895;
k_dis(norm)=0.59321;

%%%%%%%%%

TMZout0_Ka_XTMZ=36.3317974258;
MGMT_P0=2.0499572690;
k_MGMT=43.9268869358;
k_addO=0.0106377520;
k_addN=0.1632026388;
DSB_72h_fac=1.1425841207;
k_DSBO=0.0003119317;
k_DSBN=0.0000319612;
k_CyA=2.1390042789;
fVX=0.0014480421;
kf_ATR_MGMT_P=0.0000108913;
k_ATR=0.0211847772;
K_add=0.0000696207;
kd_pATR=0.0040545360;
k_Chk1=391.5957445511;
C_Chk1=0.7607766120;
pChk1_ref12_5_24h=0.0077452743;
pChk1_ref100_24h=0.0077674077;
pChk1_ref100_48h=0.0095116725;
kd_pChk1=0.0685499990;
k_cdc25=307.6184412613;
K_cdc25=1.4134636632;
kf_p53=0.0005123831;
k_p53=34.6908446547;
K_ATR=0.0003885326;
p53ser46_ref50_72h=0.0004199171;
kp_ser46=3.9759227259;
K_p53=1.0113885509;
upAsy=0.2265320323;
sness=0.0046582931;
k_apop=0.0686002780;
tED50=386.0233022611;
cell_pop_norm0_Jack_MGMT_P=74.3479712775;
k_dis=0.0163677949;

%%%%%%%%%

cost=123.4098191247;

%%%%%%%%%

