TMZout0_Ka_XTMZ(norm)=0.91184;
MGMT_P0(norm)=0.34931;
k_MGMT(norm)=0.10925;
k_addO(norm)=0.67546;
k_addN(norm)=0.18039;
DSB_72h_fac(norm)=0.54982;
k_DSBO(norm)=0.76308;
k_DSBN(norm)=0.75051;
k_CyA(norm)=0.55466;
fVX(norm)=0.61665;
kf_ATR_MGMT_P(norm)=0.60273;
k_ATR(norm)=0.80849;
K_add(norm)=0.88671;
kd_pATR(norm)=0.51870;
k_Chk1(norm)=0.67411;
C_Chk1(norm)=0.38791;
pChk1_ref12_5_24h(norm)=0.10825;
pChk1_ref100_24h(norm)=0.63871;
pChk1_ref100_48h(norm)=0.63086;
kd_pChk1(norm)=0.49136;
k_cdc25(norm)=0.71209;
K_cdc25(norm)=0.26880;
kf_p53(norm)=0.62789;
k_p53(norm)=0.04538;
K_ATR(norm)=0.45748;
p53ser46_ref50_72h(norm)=0.36915;
kp_ser46(norm)=0.49835;
K_p53(norm)=0.66837;
upAsy(norm)=0.56016;
sness(norm)=0.39388;
k_apop(norm)=0.84849;
tED50(norm)=0.68151;
cell_pop_norm0_Jack_MGMT_P(norm)=0.38850;
k_dis(norm)=0.73613;

%%%%%%%%%

TMZout0_Ka_XTMZ=38.2186045870;
MGMT_P0=1.6682119154;
k_MGMT=31.3432683655;
k_addO=0.0119529329;
k_addN=0.1075533733;
DSB_72h_fac=1.0089373302;
k_DSBO=0.0003641334;
k_DSBN=0.0000424621;
k_CyA=1.9877405763;
fVX=0.0014483729;
kf_ATR_MGMT_P=0.0000110205;
k_ATR=0.0251168737;
K_add=0.0000905341;
kd_pATR=0.0036656924;
k_Chk1=517.8742559418;
C_Chk1=0.6295011252;
pChk1_ref12_5_24h=0.0050865388;
pChk1_ref100_24h=0.0079911842;
pChk1_ref100_48h=0.0089748260;
kd_pChk1=0.0754044761;
k_cdc25=268.5646097442;
K_cdc25=1.0316245218;
kf_p53=0.0007164870;
k_p53=23.5124607887;
K_ATR=0.0003723375;
p53ser46_ref50_72h=0.0004536739;
kp_ser46=3.5722855878;
K_p53=0.5682215385;
upAsy=0.2466741384;
sness=0.0035404801;
k_apop=0.0797502208;
tED50=404.2522289724;
cell_pop_norm0_Jack_MGMT_P=80.4039290783;
k_dis=0.0184243010;

%%%%%%%%%

cost=173.6455841510;

%%%%%%%%%

