TMZout0_Ka_XTMZ(norm)=0.63834;
MGMT_P0(norm)=0.83696;
k_MGMT(norm)=0.56312;
k_addO(norm)=0.57979;
k_addN(norm)=0.51757;
DSB_72h_fac(norm)=0.67062;
k_DSBO(norm)=0.60429;
k_DSBN(norm)=0.64149;
k_CyA(norm)=0.55009;
fVX(norm)=0.47008;
kf_ATR_MGMT_P(norm)=0.58385;
k_ATR(norm)=0.52183;
K_add(norm)=0.50604;
kd_pATR(norm)=0.85924;
k_Chk1(norm)=0.82180;
C_Chk1(norm)=0.61425;
pChk1_ref12_5_24h(norm)=0.49197;
pChk1_ref100_24h(norm)=0.49128;
pChk1_ref100_48h(norm)=0.42385;
kd_pChk1(norm)=0.82498;
k_cdc25(norm)=0.71698;
K_cdc25(norm)=0.53925;
kf_p53(norm)=0.63198;
k_p53(norm)=0.74317;
K_ATR(norm)=0.62497;
p53ser46_ref50_72h(norm)=0.57543;
kp_ser46(norm)=0.62247;
K_p53(norm)=0.54897;
upAsy(norm)=0.88113;
sness(norm)=0.61865;
k_apop(norm)=0.75398;
tED50(norm)=0.76929;
cell_pop_norm0_Jack_MGMT_P(norm)=0.13504;
k_dis(norm)=0.61703;

%%%%%%%%%

TMZout0_Ka_XTMZ=35.8926524086;
MGMT_P0=2.2809455061;
k_MGMT=39.8353891729;
k_addO=0.0103344985;
k_addN=0.1162846182;
DSB_72h_fac=1.0916101522;
k_DSBO=0.0003289292;
k_DSBN=0.0000415367;
k_CyA=2.3781788963;
fVX=0.0012901849;
kf_ATR_MGMT_P=0.0000108581;
k_ATR=0.0249930334;
K_add=0.0000759293;
kd_pATR=0.0034332402;
k_Chk1=409.9786378803;
C_Chk1=0.7704442883;
pChk1_ref12_5_24h=0.0078734514;
pChk1_ref100_24h=0.0078863698;
pChk1_ref100_48h=0.0091939218;
kd_pChk1=0.0772870303;
k_cdc25=258.4885221401;
K_cdc25=1.3384763593;
kf_p53=0.0005997032;
k_p53=37.3702611724;
K_ATR=0.0004781233;
p53ser46_ref50_72h=0.0004759694;
kp_ser46=3.4175128297;
K_p53=0.6255891635;
upAsy=0.2527376169;
sness=0.0038677841;
k_apop=0.0670380652;
tED50=443.2152415512;
cell_pop_norm0_Jack_MGMT_P=73.4540265128;
k_dis=0.0165785114;

%%%%%%%%%

cost=122.8379690526;

%%%%%%%%%

