TMZout0_Ka_XTMZ(norm)=0.49816;
MGMT_P0(norm)=0.41665;
k_MGMT(norm)=0.73590;
k_addO(norm)=0.23406;
k_addN(norm)=0.70490;
DSB_72h_fac(norm)=0.45290;
k_DSBO(norm)=0.47919;
k_DSBN(norm)=0.30265;
k_CyA(norm)=0.71596;
fVX(norm)=0.49195;
kf_ATR_MGMT_P(norm)=0.38847;
k_ATR(norm)=0.37737;
K_add(norm)=0.53350;
kd_pATR(norm)=0.60813;
k_Chk1(norm)=0.51121;
C_Chk1(norm)=0.13246;
pChk1_ref12_5_24h(norm)=0.52120;
pChk1_ref100_24h(norm)=0.55809;
pChk1_ref100_48h(norm)=0.61745;
kd_pChk1(norm)=0.88115;
k_cdc25(norm)=0.86354;
K_cdc25(norm)=0.74682;
kf_p53(norm)=0.41616;
k_p53(norm)=0.78771;
K_ATR(norm)=0.33176;
p53ser46_ref50_72h(norm)=0.37561;
kp_ser46(norm)=0.87531;
K_p53(norm)=0.57278;
upAsy(norm)=0.21725;
sness(norm)=0.50044;
k_apop(norm)=0.77342;
tED50(norm)=0.53362;
cell_pop_norm0_Jack_MGMT_P(norm)=0.19649;
k_dis(norm)=0.73699;

%%%%%%%%%

TMZout0_Ka_XTMZ=34.7560127373;
MGMT_P0=1.7395304921;
k_MGMT=53.3010620787;
k_addO=0.0082233495;
k_addN=0.1677372986;
DSB_72h_fac=0.9402367060;
k_DSBO=0.0002862838;
k_DSBN=0.0000290535;
k_CyA=2.2788486597;
fVX=0.0013031489;
kf_ATR_MGMT_P=0.0000091909;
k_ATR=0.0174310435;
K_add=0.0000671182;
kd_pATR=0.0039542539;
k_Chk1=451.1096233117;
C_Chk1=0.5069884209;
pChk1_ref12_5_24h=0.0072173521;
pChk1_ref100_24h=0.0074635671;
pChk1_ref100_48h=0.0088734381;
kd_pChk1=0.1049129605;
k_cdc25=305.3358021517;
K_cdc25=1.5467526814;
kf_p53=0.0005988227;
k_p53=44.1020168365;
K_ATR=0.0003347138;
p53ser46_ref50_72h=0.0004561614;
kp_ser46=4.9164934032;
K_p53=0.5240164041;
upAsy=0.1844757729;
sness=0.0038750330;
k_apop=0.0748351123;
tED50=356.6419887461;
cell_pop_norm0_Jack_MGMT_P=75.0819022379;
k_dis=0.0184376361;

%%%%%%%%%

cost=238.7420546558;

%%%%%%%%%

