TMZout0_Ka_XTMZ(norm)=0.93210;
MGMT_P0(norm)=0.32582;
k_MGMT(norm)=0.68682;
k_addO(norm)=0.33827;
k_addN(norm)=0.44046;
DSB_72h_fac(norm)=0.44136;
k_DSBO(norm)=0.00010;
k_DSBN(norm)=0.59489;
k_CyA(norm)=0.67080;
fVX(norm)=0.66699;
kf_ATR_MGMT_P(norm)=0.58467;
k_ATR(norm)=1.00000;
K_add(norm)=0.17875;
kd_pATR(norm)=0.25541;
k_Chk1(norm)=0.00010;
C_Chk1(norm)=0.57370;
pChk1_ref12_5_24h(norm)=0.35185;
pChk1_ref100_24h(norm)=0.45113;
pChk1_ref100_48h(norm)=0.87262;
kd_pChk1(norm)=0.73081;
k_cdc25(norm)=0.30596;
K_cdc25(norm)=0.32671;
kf_p53(norm)=0.86259;
k_p53(norm)=0.18230;
K_ATR(norm)=0.69485;
p53ser46_ref50_72h(norm)=0.96189;
kp_ser46(norm)=0.27367;
K_p53(norm)=0.38066;
upAsy(norm)=0.48120;
sness(norm)=0.30557;
k_apop(norm)=0.50590;
tED50(norm)=0.55671;
cell_pop_norm0_Jack_MGMT_P(norm)=0.13774;
k_dis(norm)=0.68450;

%%%%%%%%%

TMZout0_Ka_XTMZ=38.3967340547;
MGMT_P0=1.6654265826;
k_MGMT=42.7715693783;
k_addO=0.0082587824;
k_addN=0.1013335150;
DSB_72h_fac=0.9158568433;
k_DSBO=0.0001973742;
k_DSBN=0.0000412562;
k_CyA=2.5190352799;
fVX=0.0013621952;
kf_ATR_MGMT_P=0.0000106918;
k_ATR=0.0349902468;
K_add=0.0000530072;
kd_pATR=0.0025576387;
k_Chk1=246.0080260526;
C_Chk1=0.7516227265;
pChk1_ref12_5_24h=0.0063648853;
pChk1_ref100_24h=0.0069347680;
pChk1_ref100_48h=0.0115546205;
kd_pChk1=0.0861352111;
k_cdc25=200.9921744149;
K_cdc25=1.0592146861;
kf_p53=0.0007473112;
k_p53=26.1673549491;
K_ATR=0.0005168698;
p53ser46_ref50_72h=0.0006451812;
kp_ser46=2.5856242900;
K_p53=0.5182217318;
upAsy=0.2279778559;
sness=0.0030064578;
k_apop=0.0617494213;
tED50=426.2092630475;
cell_pop_norm0_Jack_MGMT_P=73.5249095578;
k_dis=0.0177654428;

%%%%%%%%%

cost=284.8875441042;

%%%%%%%%%

