TMZout0_Ka_XTMZ(norm)=0.68420;
MGMT_P0(norm)=0.94021;
k_MGMT(norm)=0.44177;
k_addO(norm)=0.49695;
k_addN(norm)=0.21240;
DSB_72h_fac(norm)=0.73936;
k_DSBO(norm)=0.69010;
k_DSBN(norm)=0.93625;
k_CyA(norm)=0.68371;
fVX(norm)=0.24335;
kf_ATR_MGMT_P(norm)=0.58728;
k_ATR(norm)=0.71264;
K_add(norm)=0.66845;
kd_pATR(norm)=0.53128;
k_Chk1(norm)=0.30992;
C_Chk1(norm)=0.60734;
pChk1_ref12_5_24h(norm)=0.60947;
pChk1_ref100_24h(norm)=0.60752;
pChk1_ref100_48h(norm)=0.63752;
kd_pChk1(norm)=0.44350;
k_cdc25(norm)=0.15596;
K_cdc25(norm)=0.56970;
kf_p53(norm)=0.54422;
k_p53(norm)=0.59588;
K_ATR(norm)=0.69758;
p53ser46_ref50_72h(norm)=0.56494;
kp_ser46(norm)=0.53469;
K_p53(norm)=0.57889;
upAsy(norm)=0.32022;
sness(norm)=0.68333;
k_apop(norm)=0.71296;
tED50(norm)=0.24830;
cell_pop_norm0_Jack_MGMT_P(norm)=0.15827;
k_dis(norm)=0.62754;

%%%%%%%%%

TMZout0_Ka_XTMZ=36.2725899183;
MGMT_P0=2.4087687506;
k_MGMT=41.5437408131;
k_addO=0.0102751386;
k_addN=0.1105102892;
DSB_72h_fac=1.1581437569;
k_DSBO=0.0003422981;
k_DSBN=0.0000496990;
k_CyA=2.2174282324;
fVX=0.0010556406;
kf_ATR_MGMT_P=0.0000108771;
k_ATR=0.0231575605;
K_add=0.0000752484;
kd_pATR=0.0037049693;
k_Chk1=380.3734949447;
C_Chk1=0.7581260920;
pChk1_ref12_5_24h=0.0077778817;
pChk1_ref100_24h=0.0077828208;
pChk1_ref100_48h=0.0090256279;
kd_pChk1=0.0724077908;
k_cdc25=167.6506201891;
K_cdc25=1.3312087289;
kf_p53=0.0006674517;
k_p53=37.4861291152;
K_ATR=0.0004563369;
p53ser46_ref50_72h=0.0005355349;
kp_ser46=3.6839837298;
K_p53=0.5267340497;
upAsy=0.2012939604;
sness=0.0045245436;
k_apop=0.0710980740;
tED50=280.0536213794;
cell_pop_norm0_Jack_MGMT_P=74.0651525844;
k_dis=0.0168046903;

%%%%%%%%%

cost=124.0151688214;

%%%%%%%%%

