TMZout0_Ka_XTMZ(norm)=0.18186;
MGMT_P0(norm)=0.66480;
k_MGMT(norm)=0.81164;
k_addO(norm)=0.22742;
k_addN(norm)=0.55152;
DSB_72h_fac(norm)=0.22745;
k_DSBO(norm)=0.18744;
k_DSBN(norm)=1.00000;
k_CyA(norm)=0.10548;
fVX(norm)=0.54147;
kf_ATR_MGMT_P(norm)=0.60354;
k_ATR(norm)=0.60343;
K_add(norm)=0.66237;
kd_pATR(norm)=0.00010;
k_Chk1(norm)=0.84676;
C_Chk1(norm)=0.50541;
pChk1_ref12_5_24h(norm)=0.16941;
pChk1_ref100_24h(norm)=0.40890;
pChk1_ref100_48h(norm)=0.84227;
kd_pChk1(norm)=0.41943;
k_cdc25(norm)=0.64770;
K_cdc25(norm)=0.50501;
kf_p53(norm)=1.00000;
k_p53(norm)=1.00000;
K_ATR(norm)=0.28164;
p53ser46_ref50_72h(norm)=0.22111;
kp_ser46(norm)=0.27751;
K_p53(norm)=0.43408;
upAsy(norm)=0.73964;
sness(norm)=0.65992;
k_apop(norm)=0.51397;
tED50(norm)=0.35522;
cell_pop_norm0_Jack_MGMT_P(norm)=0.74039;
k_dis(norm)=0.94510;

%%%%%%%%%

TMZout0_Ka_XTMZ=32.3216846287;
MGMT_P0=2.0297057211;
k_MGMT=56.8339723277;
k_addO=0.0081772284;
k_addN=0.1472952969;
DSB_72h_fac=0.7979832429;
k_DSBO=0.0002235836;
k_DSBN=0.0000524573;
k_CyA=1.3585462189;
fVX=0.0013589901;
kf_ATR_MGMT_P=0.0000110280;
k_ATR=0.0211109054;
K_add=0.0000748618;
kd_pATR=0.0023622425;
k_Chk1=599.4546740215;
C_Chk1=0.6953973020;
pChk1_ref12_5_24h=0.0053571066;
pChk1_ref100_24h=0.0065773026;
pChk1_ref100_48h=0.0107354820;
kd_pChk1=0.0709456761;
k_cdc25=254.3044755688;
K_cdc25=1.2602065318;
kf_p53=0.0009820586;
k_p53=52.7929398346;
K_ATR=0.0003207981;
p53ser46_ref50_72h=0.0004001920;
kp_ser46=2.9626480841;
K_p53=0.4659159168;
upAsy=0.2871879726;
sness=0.0044356855;
k_apop=0.0600669698;
tED50=306.6088896453;
cell_pop_norm0_Jack_MGMT_P=91.1560207977;
k_dis=0.0219931040;

%%%%%%%%%

cost=936.2612208535;

%%%%%%%%%

