TMZout0_Ka_XTMZ(norm)=0.24010;
MGMT_P0(norm)=0.80434;
k_MGMT(norm)=0.72932;
k_addO(norm)=0.67013;
k_addN(norm)=0.72990;
DSB_72h_fac(norm)=0.55782;
k_DSBO(norm)=0.46369;
k_DSBN(norm)=0.44307;
k_CyA(norm)=0.87074;
fVX(norm)=0.69751;
kf_ATR_MGMT_P(norm)=0.57964;
k_ATR(norm)=0.70697;
K_add(norm)=0.66004;
kd_pATR(norm)=0.28635;
k_Chk1(norm)=0.35624;
C_Chk1(norm)=0.58676;
pChk1_ref12_5_24h(norm)=0.53988;
pChk1_ref100_24h(norm)=0.53944;
pChk1_ref100_48h(norm)=0.60024;
kd_pChk1(norm)=0.51640;
k_cdc25(norm)=0.28887;
K_cdc25(norm)=0.56498;
kf_p53(norm)=0.58073;
k_p53(norm)=0.61369;
K_ATR(norm)=0.70525;
p53ser46_ref50_72h(norm)=0.58581;
kp_ser46(norm)=0.50813;
K_p53(norm)=0.17195;
upAsy(norm)=0.05809;
sness(norm)=0.22030;
k_apop(norm)=0.62145;
tED50(norm)=0.33350;
cell_pop_norm0_Jack_MGMT_P(norm)=0.15937;
k_dis(norm)=0.63415;

%%%%%%%%%

TMZout0_Ka_XTMZ=32.7567533163;
MGMT_P0=2.2219788771;
k_MGMT=44.3397829859;
k_addO=0.0109403620;
k_addN=0.1294969587;
DSB_72h_fac=1.0005753222;
k_DSBO=0.0002923345;
k_DSBN=0.0000362761;
k_CyA=2.9840558318;
fVX=0.0013978773;
kf_ATR_MGMT_P=0.0000106463;
k_ATR=0.0272972622;
K_add=0.0000796969;
kd_pATR=0.0026255863;
k_Chk1=332.6590472966;
C_Chk1=0.7599895114;
pChk1_ref12_5_24h=0.0074641251;
pChk1_ref100_24h=0.0074735813;
pChk1_ref100_48h=0.0091733557;
kd_pChk1=0.0718259310;
k_cdc25=198.1022988797;
K_cdc25=1.2961649041;
kf_p53=0.0005885471;
k_p53=37.7140017796;
K_ATR=0.0005214420;
p53ser46_ref50_72h=0.0004691302;
kp_ser46=3.1538587212;
K_p53=0.4342240783;
upAsy=0.1592925591;
sness=0.0027969002;
k_apop=0.0681009927;
tED50=352.7655353490;
cell_pop_norm0_Jack_MGMT_P=74.0943565615;
k_dis=0.0170235132;

%%%%%%%%%

cost=124.1950692821;

%%%%%%%%%

