TMZout0_Ka_XTMZ(norm)=0.00010;
MGMT_P0(norm)=0.18892;
k_MGMT(norm)=0.70038;
k_addO(norm)=0.48369;
k_addN(norm)=0.79733;
DSB_72h_fac(norm)=0.44051;
k_DSBO(norm)=1.00000;
k_DSBN(norm)=0.00010;
k_CyA(norm)=0.15801;
fVX(norm)=0.13112;
kf_ATR_MGMT_P(norm)=0.59161;
k_ATR(norm)=0.20867;
K_add(norm)=0.74078;
kd_pATR(norm)=0.65985;
k_Chk1(norm)=0.56396;
C_Chk1(norm)=0.34814;
pChk1_ref12_5_24h(norm)=0.93602;
pChk1_ref100_24h(norm)=0.29407;
pChk1_ref100_48h(norm)=1.00000;
kd_pChk1(norm)=0.96836;
k_cdc25(norm)=0.54537;
K_cdc25(norm)=0.75903;
kf_p53(norm)=0.31540;
k_p53(norm)=0.28319;
K_ATR(norm)=0.58266;
p53ser46_ref50_72h(norm)=0.79380;
kp_ser46(norm)=0.10331;
K_p53(norm)=0.69667;
upAsy(norm)=0.47351;
sness(norm)=0.49177;
k_apop(norm)=0.41047;
tED50(norm)=0.07864;
cell_pop_norm0_Jack_MGMT_P(norm)=0.54492;
k_dis(norm)=1.00000;

%%%%%%%%%

TMZout0_Ka_XTMZ=31.0007116889;
MGMT_P0=1.5098833251;
k_MGMT=51.7207596543;
k_addO=0.0101603467;
k_addN=0.1814019168;
DSB_72h_fac=0.9317967291;
k_DSBO=0.0004450842;
k_DSBN=0.0000224836;
k_CyA=1.4203698520;
fVX=0.0009598815;
kf_ATR_MGMT_P=0.0000109171;
k_ATR=0.0151092884;
K_add=0.0000800040;
kd_pATR=0.0041314052;
k_Chk1=471.7276760831;
C_Chk1=0.6086434874;
pChk1_ref12_5_24h=0.0102570546;
pChk1_ref100_24h=0.0059675215;
pChk1_ref100_48h=0.0122705020;
kd_pChk1=0.1129589575;
k_cdc25=233.1843107960;
K_cdc25=1.5628316211;
kf_p53=0.0005498185;
k_p53=28.7612285192;
K_ATR=0.0004139987;
p53ser46_ref50_72h=0.0006501346;
kp_ser46=2.5561070915;
K_p53=0.5820135716;
upAsy=0.2292112508;
sness=0.0038466583;
k_apop=0.0550235441;
tED50=242.5558695997;
cell_pop_norm0_Jack_MGMT_P=85.0174141226;
k_dis=0.0230403219;

%%%%%%%%%

cost=100000.0000000000;

%%%%%%%%%

