TMZout0_Ka_XTMZ(norm)=0.41055;
MGMT_P0(norm)=0.92570;
k_MGMT(norm)=0.40066;
k_addO(norm)=0.58804;
k_addN(norm)=0.70670;
DSB_72h_fac(norm)=0.76240;
k_DSBO(norm)=0.64831;
k_DSBN(norm)=0.43414;
k_CyA(norm)=0.62687;
fVX(norm)=0.84172;
kf_ATR_MGMT_P(norm)=0.59115;
k_ATR(norm)=0.56444;
K_add(norm)=0.66161;
kd_pATR(norm)=0.56243;
k_Chk1(norm)=0.49051;
C_Chk1(norm)=0.60606;
pChk1_ref12_5_24h(norm)=0.70489;
pChk1_ref100_24h(norm)=0.70382;
pChk1_ref100_48h(norm)=0.75276;
kd_pChk1(norm)=0.35621;
k_cdc25(norm)=0.63280;
K_cdc25(norm)=0.60251;
kf_p53(norm)=0.67336;
k_p53(norm)=0.43562;
K_ATR(norm)=0.46030;
p53ser46_ref50_72h(norm)=0.71537;
kp_ser46(norm)=0.68577;
K_p53(norm)=0.11778;
upAsy(norm)=0.32553;
sness(norm)=0.55616;
k_apop(norm)=0.63378;
tED50(norm)=0.19242;
cell_pop_norm0_Jack_MGMT_P(norm)=0.16127;
k_dis(norm)=0.61771;

%%%%%%%%%

TMZout0_Ka_XTMZ=34.0639193372;
MGMT_P0=2.3871375477;
k_MGMT=40.1214632164;
k_addO=0.0110995565;
k_addN=0.1679937962;
DSB_72h_fac=1.1777220143;
k_DSBO=0.0003303898;
k_DSBN=0.0000324776;
k_CyA=2.1131671917;
fVX=0.0017526856;
kf_ATR_MGMT_P=0.0000109128;
k_ATR=0.0204248610;
K_add=0.0000748135;
kd_pATR=0.0038040625;
k_Chk1=443.2637422284;
C_Chk1=0.7573019176;
pChk1_ref12_5_24h=0.0084328043;
pChk1_ref100_24h=0.0084444642;
pChk1_ref100_48h=0.0099514295;
kd_pChk1=0.0672456627;
k_cdc25=251.1145406322;
K_cdc25=1.3687253024;
kf_p53=0.0007446293;
k_p53=32.7262993912;
K_ATR=0.0003732282;
p53ser46_ref50_72h=0.0006083365;
kp_ser46=4.1870740502;
K_p53=0.3563813909;
upAsy=0.2022022680;
sness=0.0040623612;
k_apop=0.0664848142;
tED50=267.1027208995;
cell_pop_norm0_Jack_MGMT_P=74.1445226534;
k_dis=0.0166653831;

%%%%%%%%%

cost=122.6351566846;

%%%%%%%%%

