TMZout0_Ka_XTMZ(norm)=0.27231;
MGMT_P0(norm)=0.36410;
k_MGMT(norm)=0.30134;
k_addO(norm)=0.45853;
k_addN(norm)=0.44821;
DSB_72h_fac(norm)=0.40483;
k_DSBO(norm)=0.84335;
k_DSBN(norm)=0.52252;
k_CyA(norm)=0.53763;
fVX(norm)=0.68134;
kf_ATR_MGMT_P(norm)=0.83855;
k_ATR(norm)=0.70496;
K_add(norm)=0.99744;
kd_pATR(norm)=0.18830;
k_Chk1(norm)=0.24073;
C_Chk1(norm)=0.55843;
pChk1_ref12_5_24h(norm)=0.35768;
pChk1_ref100_24h(norm)=0.46019;
pChk1_ref100_48h(norm)=1.00000;
kd_pChk1(norm)=0.00464;
k_cdc25(norm)=0.12907;
K_cdc25(norm)=0.53725;
kf_p53(norm)=0.26505;
k_p53(norm)=0.63233;
K_ATR(norm)=0.61436;
p53ser46_ref50_72h(norm)=0.00010;
kp_ser46(norm)=0.29651;
K_p53(norm)=0.15944;
upAsy(norm)=0.15353;
sness(norm)=0.68785;
k_apop(norm)=0.43918;
tED50(norm)=0.71387;
cell_pop_norm0_Jack_MGMT_P(norm)=0.74093;
k_dis(norm)=0.70295;

%%%%%%%%%

TMZout0_Ka_XTMZ=32.9998068052;
MGMT_P0=1.6836146246;
k_MGMT=36.8831689786;
k_addO=0.0099460539;
k_addN=0.1349501532;
DSB_72h_fac=0.9079160064;
k_DSBO=0.0003897602;
k_DSBN=0.0000350030;
k_CyA=1.9592668981;
fVX=0.0015299809;
kf_ATR_MGMT_P=0.0000134578;
k_ATR=0.0230073124;
K_add=0.0000994392;
kd_pATR=0.0027706207;
k_Chk1=358.7141251851;
C_Chk1=0.7273501860;
pChk1_ref12_5_24h=0.0062836135;
pChk1_ref100_24h=0.0068694170;
pChk1_ref100_48h=0.0122705020;
kd_pChk1=0.0499223230;
k_cdc25=163.8732004507;
K_cdc25=1.2951053724;
kf_p53=0.0005268563;
k_p53=38.6616732421;
K_ATR=0.0004252691;
p53ser46_ref50_72h=0.0003318488;
kp_ser46=3.0107354718;
K_p53=0.3691863055;
upAsy=0.1747809392;
sness=0.0045418866;
k_apop=0.0563784700;
tED50=415.4906064358;
cell_pop_norm0_Jack_MGMT_P=91.1738409756;
k_dis=0.0179135408;

%%%%%%%%%

cost=233.3323776838;

%%%%%%%%%

