TMZout0_Ka_XTMZ(norm)=0.44861;
MGMT_P0(norm)=0.98673;
k_MGMT(norm)=0.27986;
k_addO(norm)=0.55157;
k_addN(norm)=0.40271;
DSB_72h_fac(norm)=0.71446;
k_DSBO(norm)=0.47719;
k_DSBN(norm)=0.79187;
k_CyA(norm)=0.75780;
fVX(norm)=0.13085;
kf_ATR_MGMT_P(norm)=0.59891;
k_ATR(norm)=0.72578;
K_add(norm)=0.56008;
kd_pATR(norm)=0.74600;
k_Chk1(norm)=0.36963;
C_Chk1(norm)=0.62882;
pChk1_ref12_5_24h(norm)=0.70741;
pChk1_ref100_24h(norm)=0.71990;
pChk1_ref100_48h(norm)=0.68376;
kd_pChk1(norm)=0.38944;
k_cdc25(norm)=0.95935;
K_cdc25(norm)=0.57602;
kf_p53(norm)=0.63466;
k_p53(norm)=0.64594;
K_ATR(norm)=0.70210;
p53ser46_ref50_72h(norm)=0.67499;
kp_ser46(norm)=0.59159;
K_p53(norm)=0.32513;
upAsy(norm)=0.69788;
sness(norm)=0.63077;
k_apop(norm)=0.62016;
tED50(norm)=0.59545;
cell_pop_norm0_Jack_MGMT_P(norm)=0.17452;
k_dis(norm)=0.60257;

%%%%%%%%%

TMZout0_Ka_XTMZ=34.3628495043;
MGMT_P0=2.4794621257;
k_MGMT=36.2179337730;
k_addO=0.0107618014;
k_addN=0.1298468606;
DSB_72h_fac=1.1373527973;
k_DSBO=0.0002857986;
k_DSBN=0.0000439763;
k_CyA=2.3610887498;
fVX=0.0009596610;
kf_ATR_MGMT_P=0.0000109848;
k_ATR=0.0234168725;
K_add=0.0000686469;
kd_pATR=0.0044442666;
k_Chk1=400.1132977200;
C_Chk1=0.7720527463;
pChk1_ref12_5_24h=0.0084508514;
pChk1_ref100_24h=0.0085602928;
pChk1_ref100_48h=0.0093862900;
kd_pChk1=0.0691659087;
k_cdc25=331.1576204146;
K_cdc25=1.3383485653;
kf_p53=0.0007206135;
k_p53=39.1102339979;
K_ATR=0.0004580875;
p53ser46_ref50_72h=0.0005878752;
kp_ser46=3.8659211718;
K_p53=0.4248292544;
upAsy=0.2772042414;
sness=0.0043274516;
k_apop=0.0657219169;
tED50=375.8253326378;
cell_pop_norm0_Jack_MGMT_P=74.4958330434;
k_dis=0.0164529136;

%%%%%%%%%

cost=123.4908611603;

%%%%%%%%%

