TMZout0_Ka_XTMZ(norm)=0.26092;
MGMT_P0(norm)=0.97267;
k_MGMT(norm)=0.57646;
k_addO(norm)=0.09143;
k_addN(norm)=0.57704;
DSB_72h_fac(norm)=0.27736;
k_DSBO(norm)=0.19921;
k_DSBN(norm)=0.23785;
k_CyA(norm)=0.80007;
fVX(norm)=0.68514;
kf_ATR_MGMT_P(norm)=0.80000;
k_ATR(norm)=0.99330;
K_add(norm)=0.16504;
kd_pATR(norm)=0.50520;
k_Chk1(norm)=0.09700;
C_Chk1(norm)=0.17972;
pChk1_ref12_5_24h(norm)=0.43090;
pChk1_ref100_24h(norm)=0.59585;
pChk1_ref100_48h(norm)=0.88722;
kd_pChk1(norm)=0.59219;
k_cdc25(norm)=0.36399;
K_cdc25(norm)=0.38432;
kf_p53(norm)=0.11369;
k_p53(norm)=0.28522;
K_ATR(norm)=0.58012;
p53ser46_ref50_72h(norm)=0.28417;
kp_ser46(norm)=0.84179;
K_p53(norm)=0.29361;
upAsy(norm)=0.19561;
sness(norm)=0.45267;
k_apop(norm)=0.23057;
tED50(norm)=0.52637;
cell_pop_norm0_Jack_MGMT_P(norm)=0.43496;
k_dis(norm)=0.34656;

%%%%%%%%%

TMZout0_Ka_XTMZ=32.9136651690;
MGMT_P0=2.4578767368;
k_MGMT=46.5658811180;
k_addO=0.0072872914;
k_addN=0.1505155786;
DSB_72h_fac=0.8274914817;
k_DSBO=0.0002258242;
k_DSBN=0.0000275013;
k_CyA=2.4471790460;
fVX=0.0015349215;
kf_ATR_MGMT_P=0.0000130253;
k_ATR=0.0293744612;
K_add=0.0000491195;
kd_pATR=0.0036240043;
k_Chk1=317.5862517076;
C_Chk1=0.5277002138;
pChk1_ref12_5_24h=0.0066857764;
pChk1_ref100_24h=0.0077062223;
pChk1_ref100_48h=0.0111522081;
kd_pChk1=0.0821295887;
k_cdc25=199.9658373711;
K_cdc25=1.1377077884;
kf_p53=0.0004634410;
k_p53=28.8107142205;
K_ATR=0.0004131084;
p53ser46_ref50_72h=0.0004221533;
kp_ser46=4.7788419806;
K_p53=0.4136326488;
upAsy=0.1811248185;
sness=0.0037213105;
k_apop=0.0472443328;
tED50=354.4576519286;
cell_pop_norm0_Jack_MGMT_P=81.7473684910;
k_dis=0.0132446080;

%%%%%%%%%

cost=230.4265536509;

%%%%%%%%%

