TMZout0_Ka_XTMZ(norm)=0.14100;
MGMT_P0(norm)=0.56909;
k_MGMT(norm)=0.78544;
k_addO(norm)=0.51594;
k_addN(norm)=0.16902;
DSB_72h_fac(norm)=0.71983;
k_DSBO(norm)=0.68172;
k_DSBN(norm)=0.96364;
k_CyA(norm)=0.68588;
fVX(norm)=0.41825;
kf_ATR_MGMT_P(norm)=0.57729;
k_ATR(norm)=0.32787;
K_add(norm)=0.69428;
kd_pATR(norm)=0.41602;
k_Chk1(norm)=0.90338;
C_Chk1(norm)=0.63072;
pChk1_ref12_5_24h(norm)=0.54085;
pChk1_ref100_24h(norm)=0.56704;
pChk1_ref100_48h(norm)=0.45695;
kd_pChk1(norm)=0.77621;
k_cdc25(norm)=0.89255;
K_cdc25(norm)=0.58783;
kf_p53(norm)=0.63863;
k_p53(norm)=0.17172;
K_ATR(norm)=0.08632;
p53ser46_ref50_72h(norm)=0.65995;
kp_ser46(norm)=0.79788;
K_p53(norm)=0.62711;
upAsy(norm)=0.33559;
sness(norm)=0.44460;
k_apop(norm)=0.68590;
tED50(norm)=0.33247;
cell_pop_norm0_Jack_MGMT_P(norm)=0.15778;
k_dis(norm)=0.62361;

%%%%%%%%%

TMZout0_Ka_XTMZ=32.0198765461;
MGMT_P0=1.9124540908;
k_MGMT=55.5860290507;
k_addO=0.0104417901;
k_addN=0.1065218377;
DSB_72h_fac=1.1418029624;
k_DSBO=0.0003398775;
k_DSBN=0.0000508658;
k_CyA=2.2215025781;
fVX=0.0012242648;
kf_ATR_MGMT_P=0.0000107854;
k_ATR=0.0167150646;
K_add=0.0000769134;
kd_pATR=0.0033602759;
k_Chk1=628.9119463012;
C_Chk1=0.7732940868;
pChk1_ref12_5_24h=0.0073385672;
pChk1_ref100_24h=0.0075203926;
pChk1_ref100_48h=0.0077452275;
kd_pChk1=0.0959870407;
k_cdc25=312.9330954903;
K_cdc25=1.3518062671;
kf_p53=0.0007230396;
k_p53=26.1691066771;
K_ATR=0.0002718678;
p53ser46_ref50_72h=0.0005804318;
kp_ser46=4.6043053010;
K_p53=0.5487012358;
upAsy=0.2039321206;
sness=0.0036959594;
k_apop=0.0694865290;
tED50=300.7545833416;
cell_pop_norm0_Jack_MGMT_P=74.0522042499;
k_dis=0.0167489118;

%%%%%%%%%

cost=124.3283435289;

%%%%%%%%%

