TMZout0_Ka_XTMZ(norm)=0.72502;
MGMT_P0(norm)=0.15882;
k_MGMT(norm)=0.16380;
k_addO(norm)=0.31589;
k_addN(norm)=0.33268;
DSB_72h_fac(norm)=0.27687;
k_DSBO(norm)=0.41952;
k_DSBN(norm)=0.52225;
k_CyA(norm)=0.49706;
fVX(norm)=0.52774;
kf_ATR_MGMT_P(norm)=0.50227;
k_ATR(norm)=0.72336;
K_add(norm)=0.54031;
kd_pATR(norm)=0.50538;
k_Chk1(norm)=0.67083;
C_Chk1(norm)=0.69092;
pChk1_ref12_5_24h(norm)=0.22765;
pChk1_ref100_24h(norm)=0.37495;
pChk1_ref100_48h(norm)=0.85056;
kd_pChk1(norm)=0.72992;
k_cdc25(norm)=0.60320;
K_cdc25(norm)=0.19384;
kf_p53(norm)=0.91970;
k_p53(norm)=0.24583;
K_ATR(norm)=0.43944;
p53ser46_ref50_72h(norm)=0.85739;
kp_ser46(norm)=0.71697;
K_p53(norm)=0.48163;
upAsy(norm)=0.15493;
sness(norm)=0.79570;
k_apop(norm)=0.37343;
tED50(norm)=0.25703;
cell_pop_norm0_Jack_MGMT_P(norm)=0.16747;
k_dis(norm)=0.58833;

%%%%%%%%%

TMZout0_Ka_XTMZ=36.6141082819;
MGMT_P0=1.5059971211;
k_MGMT=27.4597257699;
k_addO=0.0081036286;
k_addN=0.0924895001;
DSB_72h_fac=0.8082759206;
k_DSBO=0.0002815972;
k_DSBN=0.0000387935;
k_CyA=2.1742084959;
fVX=0.0012105923;
kf_ATR_MGMT_P=0.0000099708;
k_ATR=0.0276790659;
K_add=0.0000720085;
kd_pATR=0.0031609873;
k_Chk1=434.2723191787;
C_Chk1=0.8301069326;
pChk1_ref12_5_24h=0.0057290994;
pChk1_ref100_24h=0.0065012972;
pChk1_ref100_48h=0.0113407081;
kd_pChk1=0.0860698090;
k_cdc25=258.5561179114;
K_cdc25=0.9464330089;
kf_p53=0.0007843640;
k_p53=27.6145506193;
K_ATR=0.0004162884;
p53ser46_ref50_72h=0.0005905144;
kp_ser46=3.7643535650;
K_p53=0.5645084082;
upAsy=0.1729139785;
sness=0.0045541960;
k_apop=0.0551934608;
tED50=330.6340538186;
cell_pop_norm0_Jack_MGMT_P=74.3085534320;
k_dis=0.0163753222;

%%%%%%%%%

cost=202.9246638882;

%%%%%%%%%

