TMZout0_Ka_XTMZ(norm)=0.59222;
MGMT_P0(norm)=0.96846;
k_MGMT(norm)=0.17010;
k_addO(norm)=0.54545;
k_addN(norm)=0.49907;
DSB_72h_fac(norm)=0.58213;
k_DSBO(norm)=0.52004;
k_DSBN(norm)=0.46313;
k_CyA(norm)=0.93896;
fVX(norm)=0.95309;
kf_ATR_MGMT_P(norm)=0.58219;
k_ATR(norm)=0.64016;
K_add(norm)=0.65687;
kd_pATR(norm)=0.34883;
k_Chk1(norm)=0.61381;
C_Chk1(norm)=0.60095;
pChk1_ref12_5_24h(norm)=0.55091;
pChk1_ref100_24h(norm)=0.55300;
pChk1_ref100_48h(norm)=0.60097;
kd_pChk1(norm)=0.64759;
k_cdc25(norm)=0.78005;
K_cdc25(norm)=0.54156;
kf_p53(norm)=0.74151;
k_p53(norm)=0.48494;
K_ATR(norm)=0.57637;
p53ser46_ref50_72h(norm)=0.75214;
kp_ser46(norm)=0.61208;
K_p53(norm)=0.31338;
upAsy(norm)=0.62941;
sness(norm)=0.91053;
k_apop(norm)=0.64222;
tED50(norm)=0.26067;
cell_pop_norm0_Jack_MGMT_P(norm)=0.17114;
k_dis(norm)=0.59236;

%%%%%%%%%

TMZout0_Ka_XTMZ=35.5147054946;
MGMT_P0=2.4514591478;
k_MGMT=33.0016597483;
k_addO=0.0107061480;
k_addN=0.1408926282;
DSB_72h_fac=1.0329446830;
k_DSBO=0.0002963648;
k_DSBN=0.0000332852;
k_CyA=2.7528013047;
fVX=0.0019261276;
kf_ATR_MGMT_P=0.0000108303;
k_ATR=0.0217782823;
K_add=0.0000745140;
kd_pATR=0.0031742961;
k_Chk1=492.0804415397;
C_Chk1=0.7540305076;
pChk1_ref12_5_24h=0.0074013554;
pChk1_ref100_24h=0.0074314648;
pChk1_ref100_48h=0.0087504094;
kd_pChk1=0.0860762928;
k_cdc25=284.4827199139;
K_cdc25=1.2998370063;
kf_p53=0.0007888972;
k_p53=34.1227893772;
K_ATR=0.0004117966;
p53ser46_ref50_72h=0.0006275883;
kp_ser46=3.9336444709;
K_p53=0.4206229147;
upAsy=0.2615792957;
sness=0.0054850113;
k_apop=0.0669619699;
tED50=283.0040977427;
cell_pop_norm0_Jack_MGMT_P=74.4060227219;
k_dis=0.0163111804;

%%%%%%%%%

cost=123.0389882280;

%%%%%%%%%

