TMZout0_Ka_XTMZ(norm)=0.72461;
MGMT_P0(norm)=0.10504;
k_MGMT(norm)=0.88279;
k_addO(norm)=0.88135;
k_addN(norm)=0.36698;
DSB_72h_fac(norm)=0.59669;
k_DSBO(norm)=0.11229;
k_DSBN(norm)=0.74497;
k_CyA(norm)=0.00010;
fVX(norm)=0.41936;
kf_ATR_MGMT_P(norm)=0.51155;
k_ATR(norm)=0.58120;
K_add(norm)=0.76887;
kd_pATR(norm)=0.03943;
k_Chk1(norm)=0.80875;
C_Chk1(norm)=0.21962;
pChk1_ref12_5_24h(norm)=0.24007;
pChk1_ref100_24h(norm)=0.26878;
pChk1_ref100_48h(norm)=0.29739;
kd_pChk1(norm)=0.49141;
k_cdc25(norm)=0.55403;
K_cdc25(norm)=0.43234;
kf_p53(norm)=0.75579;
k_p53(norm)=0.12589;
K_ATR(norm)=0.30163;
p53ser46_ref50_72h(norm)=0.60326;
kp_ser46(norm)=0.53912;
K_p53(norm)=1.00000;
upAsy(norm)=0.57287;
sness(norm)=0.45432;
k_apop(norm)=0.70244;
tED50(norm)=0.93181;
cell_pop_norm0_Jack_MGMT_P(norm)=0.69529;
k_dis(norm)=0.88961;

%%%%%%%%%

TMZout0_Ka_XTMZ=36.6106346095;
MGMT_P0=1.4579794538;
k_MGMT=50.4971928572;
k_addO=0.0130844965;
k_addN=0.0952168169;
DSB_72h_fac=1.0305545055;
k_DSBO=0.0002170562;
k_DSBN=0.0000468508;
k_CyA=1.4270282445;
fVX=0.0011043785;
kf_ATR_MGMT_P=0.0000100495;
k_ATR=0.0245379303;
K_add=0.0000873952;
kd_pATR=0.0021299352;
k_Chk1=488.1041729366;
C_Chk1=0.5568127634;
pChk1_ref12_5_24h=0.0057896873;
pChk1_ref100_24h=0.0059420153;
pChk1_ref100_48h=0.0070971632;
kd_pChk1=0.0703210222;
k_cdc25=248.0068150367;
K_cdc25=1.1583862056;
kf_p53=0.0006826557;
k_p53=24.9460070440;
K_ATR=0.0003704117;
p53ser46_ref50_72h=0.0004761215;
kp_ser46=3.2377604655;
K_p53=0.8758248289;
upAsy=0.2463899855;
sness=0.0034103018;
k_apop=0.0729379699;
tED50=585.6650879719;
cell_pop_norm0_Jack_MGMT_P=89.7016306929;
k_dis=0.0211373890;

%%%%%%%%%

cost=566.0668517722;

%%%%%%%%%

