TMZout0_Ka_XTMZ(norm)=1.00000;
MGMT_P0(norm)=1.00000;
k_MGMT(norm)=0.96180;
k_addO(norm)=0.55734;
k_addN(norm)=0.66967;
DSB_72h_fac(norm)=0.77765;
k_DSBO(norm)=0.18530;
k_DSBN(norm)=0.43324;
k_CyA(norm)=0.28026;
fVX(norm)=0.00010;
kf_ATR_MGMT_P(norm)=0.72672;
k_ATR(norm)=0.37845;
K_add(norm)=0.73638;
kd_pATR(norm)=0.29932;
k_Chk1(norm)=0.76220;
C_Chk1(norm)=0.39389;
pChk1_ref12_5_24h(norm)=0.31245;
pChk1_ref100_24h(norm)=0.53957;
pChk1_ref100_48h(norm)=0.93263;
kd_pChk1(norm)=0.85106;
k_cdc25(norm)=0.07008;
K_cdc25(norm)=0.46816;
kf_p53(norm)=0.76052;
k_p53(norm)=0.55244;
K_ATR(norm)=0.60340;
p53ser46_ref50_72h(norm)=0.50402;
kp_ser46(norm)=0.43494;
K_p53(norm)=1.00000;
upAsy(norm)=0.33757;
sness(norm)=0.00010;
k_apop(norm)=1.00000;
tED50(norm)=0.66346;
cell_pop_norm0_Jack_MGMT_P(norm)=0.13984;
k_dis(norm)=0.44518;

%%%%%%%%%

TMZout0_Ka_XTMZ=39.0000000000;
MGMT_P0=2.5000000000;
k_MGMT=57.5920223424;
k_addO=0.0106593447;
k_addN=0.1501782152;
DSB_72h_fac=1.1847007374;
k_DSBO=0.0002269215;
k_DSBN=0.0000364594;
k_CyA=1.6003163326;
fVX=0.0008369071;
kf_ATR_MGMT_P=0.0000122573;
k_ATR=0.0159628438;
K_add=0.0000824839;
kd_pATR=0.0024937740;
k_Chk1=505.8980682573;
C_Chk1=0.6336886943;
pChk1_ref12_5_24h=0.0056448411;
pChk1_ref100_24h=0.0068516638;
pChk1_ref100_48h=0.0112261684;
kd_pChk1=0.0983022415;
k_cdc25=191.2372170988;
K_cdc25=1.2130653144;
kf_p53=0.0007802515;
k_p53=29.1911431412;
K_ATR=0.0003498125;
p53ser46_ref50_72h=0.0005161858;
kp_ser46=3.7476122696;
K_p53=1.1749573564;
upAsy=0.2249242588;
sness=0.0024056203;
k_apop=0.0902583664;
tED50=437.7134858144;
cell_pop_norm0_Jack_MGMT_P=73.5799115222;
k_dis=0.0144383849;

%%%%%%%%%

cost=227.5128831773;

%%%%%%%%%

