TMZout0_Ka_XTMZ(norm)=0.72729;
MGMT_P0(norm)=1.00000;
k_MGMT(norm)=0.74365;
k_addO(norm)=0.53123;
k_addN(norm)=0.52199;
DSB_72h_fac(norm)=0.36438;
k_DSBO(norm)=0.00010;
k_DSBN(norm)=0.35430;
k_CyA(norm)=0.70789;
fVX(norm)=0.16815;
kf_ATR_MGMT_P(norm)=0.52945;
k_ATR(norm)=1.00000;
K_add(norm)=0.59642;
kd_pATR(norm)=0.43511;
k_Chk1(norm)=0.84866;
C_Chk1(norm)=0.29593;
pChk1_ref12_5_24h(norm)=0.29567;
pChk1_ref100_24h(norm)=1.00000;
pChk1_ref100_48h(norm)=0.92083;
kd_pChk1(norm)=1.00000;
k_cdc25(norm)=0.66816;
K_cdc25(norm)=0.11206;
kf_p53(norm)=1.00000;
k_p53(norm)=0.68676;
K_ATR(norm)=0.77276;
p53ser46_ref50_72h(norm)=1.00000;
kp_ser46(norm)=0.68346;
K_p53(norm)=0.20362;
upAsy(norm)=0.75851;
sness(norm)=0.15505;
k_apop(norm)=0.81720;
tED50(norm)=0.00010;
cell_pop_norm0_Jack_MGMT_P(norm)=0.00010;
k_dis(norm)=0.40473;

%%%%%%%%%

TMZout0_Ka_XTMZ=36.6331505582;
MGMT_P0=2.5000000000;
k_MGMT=46.4194461219;
k_addO=0.0099179389;
k_addN=0.1167201737;
DSB_72h_fac=0.8661593377;
k_DSBO=0.0001971407;
k_DSBN=0.0000325651;
k_CyA=2.7183849894;
fVX=0.0009989604;
kf_ATR_MGMT_P=0.0000103689;
k_ATR=0.0374777928;
K_add=0.0000819725;
kd_pATR=0.0023968173;
k_Chk1=419.4141233614;
C_Chk1=0.5883110004;
pChk1_ref12_5_24h=0.0066669787;
pChk1_ref100_24h=0.0121359993;
pChk1_ref100_48h=0.0140080036;
kd_pChk1=0.0896414866;
k_cdc25=248.0137063768;
K_cdc25=0.9319987225;
kf_p53=0.0008191420;
k_p53=35.6260426172;
K_ATR=0.0005419039;
p53ser46_ref50_72h=0.0006820433;
kp_ser46=3.5987457791;
K_p53=0.4668803088;
upAsy=0.2277958315;
sness=0.0026113604;
k_apop=0.0707267069;
tED50=230.9777668539;
cell_pop_norm0_Jack_MGMT_P=70.0024967691;
k_dis=0.0138490699;

%%%%%%%%%

cost=220.2515145827;

%%%%%%%%%

