TMZout0_Ka_XTMZ(norm)=0.32667;
MGMT_P0(norm)=0.47127;
k_MGMT(norm)=0.46564;
k_addO(norm)=0.47751;
k_addN(norm)=0.84027;
DSB_72h_fac(norm)=0.81769;
k_DSBO(norm)=0.29467;
k_DSBN(norm)=0.69807;
k_CyA(norm)=0.50382;
fVX(norm)=0.61403;
kf_ATR_MGMT_P(norm)=0.85526;
k_ATR(norm)=0.55270;
K_add(norm)=0.61142;
kd_pATR(norm)=0.49567;
k_Chk1(norm)=0.57516;
C_Chk1(norm)=0.53724;
pChk1_ref12_5_24h(norm)=0.56076;
pChk1_ref100_24h(norm)=0.57864;
pChk1_ref100_48h(norm)=0.70143;
kd_pChk1(norm)=0.99780;
k_cdc25(norm)=0.46826;
K_cdc25(norm)=0.12246;
kf_p53(norm)=0.21838;
k_p53(norm)=0.32229;
K_ATR(norm)=0.26746;
p53ser46_ref50_72h(norm)=0.55241;
kp_ser46(norm)=0.90447;
K_p53(norm)=0.46495;
upAsy(norm)=0.21001;
sness(norm)=0.49782;
k_apop(norm)=0.24039;
tED50(norm)=0.69406;
cell_pop_norm0_Jack_MGMT_P(norm)=0.31877;
k_dis(norm)=0.46098;

%%%%%%%%%

TMZout0_Ka_XTMZ=33.4142181404;
MGMT_P0=1.7377148384;
k_MGMT=45.9199023521;
k_addO=0.0094460815;
k_addN=0.1790002103;
DSB_72h_fac=1.2075741068;
k_DSBO=0.0002861640;
k_DSBN=0.0000389700;
k_CyA=2.5893153203;
fVX=0.0014900073;
kf_ATR_MGMT_P=0.0000137114;
k_ATR=0.0274258937;
K_add=0.0000924908;
kd_pATR=0.0018396662;
k_Chk1=316.0424410891;
C_Chk1=0.7248340116;
pChk1_ref12_5_24h=0.0086569392;
pChk1_ref100_24h=0.0088407645;
pChk1_ref100_48h=0.0118568811;
kd_pChk1=0.0864430923;
k_cdc25=191.9934917466;
K_cdc25=0.9236720691;
kf_p53=0.0003454360;
k_p53=24.4591647712;
K_ATR=0.0003715802;
p53ser46_ref50_72h=0.0003751200;
kp_ser46=4.0500204457;
K_p53=0.5276596778;
upAsy=0.2047515768;
sness=0.0049887491;
k_apop=0.0460751826;
tED50=453.5073092566;
cell_pop_norm0_Jack_MGMT_P=78.4288042757;
k_dis=0.0141378199;

%%%%%%%%%

cost=202.4383167167;

%%%%%%%%%

