TMZout0_Ka_XTMZ(norm)=0.54499;
MGMT_P0(norm)=0.78896;
k_MGMT(norm)=0.78151;
k_addO(norm)=0.67051;
k_addN(norm)=0.93145;
DSB_72h_fac(norm)=0.61592;
k_DSBO(norm)=0.47953;
k_DSBN(norm)=0.30975;
k_CyA(norm)=0.65782;
fVX(norm)=0.76960;
kf_ATR_MGMT_P(norm)=0.62173;
k_ATR(norm)=0.32528;
K_add(norm)=0.50681;
kd_pATR(norm)=0.58427;
k_Chk1(norm)=0.40576;
C_Chk1(norm)=0.55040;
pChk1_ref12_5_24h(norm)=0.32580;
pChk1_ref100_24h(norm)=0.32105;
pChk1_ref100_48h(norm)=0.35365;
kd_pChk1(norm)=0.59592;
k_cdc25(norm)=0.21662;
K_cdc25(norm)=0.62712;
kf_p53(norm)=0.64503;
k_p53(norm)=0.72277;
K_ATR(norm)=0.45809;
p53ser46_ref50_72h(norm)=0.67660;
kp_ser46(norm)=0.75934;
K_p53(norm)=0.56290;
upAsy(norm)=0.41284;
sness(norm)=0.63035;
k_apop(norm)=0.50348;
tED50(norm)=0.47768;
cell_pop_norm0_Jack_MGMT_P(norm)=0.10264;
k_dis(norm)=0.59450;

%%%%%%%%%

TMZout0_Ka_XTMZ=35.1316767701;
MGMT_P0=2.1621663764;
k_MGMT=60.0115451249;
k_addO=0.0111242741;
k_addN=0.1933774109;
DSB_72h_fac=1.0252819587;
k_DSBO=0.0003346874;
k_DSBN=0.0000280438;
k_CyA=2.9502306943;
fVX=0.0016999489;
kf_ATR_MGMT_P=0.0000112499;
k_ATR=0.0226191961;
K_add=0.0000846457;
kd_pATR=0.0019830810;
k_Chk1=273.7864944964;
C_Chk1=0.7329576045;
pChk1_ref12_5_24h=0.0070942278;
pChk1_ref100_24h=0.0071072912;
pChk1_ref100_48h=0.0088307056;
kd_pChk1=0.0614962706;
k_cdc25=155.1270852309;
K_cdc25=1.4165138052;
kf_p53=0.0004958671;
k_p53=34.3408336877;
K_ATR=0.0004367156;
p53ser46_ref50_72h=0.0004167419;
kp_ser46=3.5813904979;
K_p53=0.5733189403;
upAsy=0.2431443802;
sness=0.0055816054;
k_apop=0.0575811117;
tED50=377.5391241766;
cell_pop_norm0_Jack_MGMT_P=72.6102160716;
k_dis=0.0158311483;

%%%%%%%%%

cost=125.5046139928;

%%%%%%%%%

