TMZout0_Ka_XTMZ(norm)=0.55637;
MGMT_P0(norm)=1.00000;
k_MGMT(norm)=1.00000;
k_addO(norm)=0.84433;
k_addN(norm)=0.80404;
DSB_72h_fac(norm)=0.00010;
k_DSBO(norm)=0.00010;
k_DSBN(norm)=0.00010;
k_CyA(norm)=1.00000;
fVX(norm)=0.07824;
kf_ATR_MGMT_P(norm)=1.00000;
k_ATR(norm)=1.00000;
K_add(norm)=1.00000;
kd_pATR(norm)=0.06063;
k_Chk1(norm)=0.81384;
C_Chk1(norm)=0.51138;
pChk1_ref12_5_24h(norm)=0.13829;
pChk1_ref100_24h(norm)=0.81613;
pChk1_ref100_48h(norm)=0.97511;
kd_pChk1(norm)=0.88957;
k_cdc25(norm)=1.00000;
K_cdc25(norm)=0.16619;
kf_p53(norm)=0.19966;
k_p53(norm)=0.36883;
K_ATR(norm)=0.09752;
p53ser46_ref50_72h(norm)=1.00000;
kp_ser46(norm)=0.54817;
K_p53(norm)=0.51311;
upAsy(norm)=1.00000;
sness(norm)=0.53259;
k_apop(norm)=1.00000;
tED50(norm)=1.00000;
cell_pop_norm0_Jack_MGMT_P(norm)=0.69335;
k_dis(norm)=1.00000;

%%%%%%%%%

TMZout0_Ka_XTMZ=35.2235734979;
MGMT_P0=2.5000000000;
k_MGMT=55.7695448421;
k_addO=0.0126804929;
k_addN=0.1378933105;
DSB_72h_fac=0.6550158473;
k_DSBO=0.0001973742;
k_DSBN=0.0000249241;
k_CyA=3.3294504548;
fVX=0.0008271701;
kf_ATR_MGMT_P=0.0000152013;
k_ATR=0.0349902468;
K_add=0.0001063010;
kd_pATR=0.0021685299;
k_Chk1=490.2157304397;
C_Chk1=0.7129657085;
pChk1_ref12_5_24h=0.0053113372;
pChk1_ref100_24h=0.0094481406;
pChk1_ref100_48h=0.0126028847;
kd_pChk1=0.0985368197;
k_cdc25=361.8839309961;
K_cdc25=0.9245197235;
kf_p53=0.0004261444;
k_p53=30.6476651539;
K_ATR=0.0003115859;
p53ser46_ref50_72h=0.0006663572;
kp_ser46=3.2626768662;
K_p53=0.5797678996;
upAsy=0.3538326637;
sness=0.0036441334;
k_apop=0.0938532913;
tED50=620.5013381717;
cell_pop_norm0_Jack_MGMT_P=89.6393212557;
k_dis=0.0232099160;

%%%%%%%%%

cost=803.2300964386;

%%%%%%%%%

