TMZout0_Ka_XTMZ(norm)=0.60273;
MGMT_P0(norm)=0.65204;
k_MGMT(norm)=0.20347;
k_addO(norm)=0.79778;
k_addN(norm)=0.34493;
DSB_72h_fac(norm)=0.44954;
k_DSBO(norm)=0.40216;
k_DSBN(norm)=0.40565;
k_CyA(norm)=0.91452;
fVX(norm)=0.20259;
kf_ATR_MGMT_P(norm)=0.51175;
k_ATR(norm)=0.74098;
K_add(norm)=0.90505;
kd_pATR(norm)=0.21949;
k_Chk1(norm)=0.48482;
C_Chk1(norm)=0.82726;
pChk1_ref12_5_24h(norm)=0.38574;
pChk1_ref100_24h(norm)=0.44590;
pChk1_ref100_48h(norm)=0.78323;
kd_pChk1(norm)=0.13345;
k_cdc25(norm)=0.14084;
K_cdc25(norm)=0.37001;
kf_p53(norm)=0.53175;
k_p53(norm)=0.46984;
K_ATR(norm)=0.37166;
p53ser46_ref50_72h(norm)=0.64286;
kp_ser46(norm)=0.68256;
K_p53(norm)=0.44661;
upAsy(norm)=0.11218;
sness(norm)=0.59182;
k_apop(norm)=0.30926;
tED50(norm)=0.56592;
cell_pop_norm0_Jack_MGMT_P(norm)=0.76122;
k_dis(norm)=0.62814;

%%%%%%%%%

TMZout0_Ka_XTMZ=35.6004777920;
MGMT_P0=2.0685936440;
k_MGMT=30.2910080157;
k_addO=0.0130679421;
k_addN=0.1140541049;
DSB_72h_fac=0.9259682163;
k_DSBO=0.0002726950;
k_DSBN=0.0000356170;
k_CyA=2.7390296967;
fVX=0.0009935470;
kf_ATR_MGMT_P=0.0000102163;
k_ATR=0.0217026677;
K_add=0.0000951563;
kd_pATR=0.0023306792;
k_Chk1=399.9395416402;
C_Chk1=0.9148409565;
pChk1_ref12_5_24h=0.0060064995;
pChk1_ref100_24h=0.0063288741;
pChk1_ref100_48h=0.0098914224;
kd_pChk1=0.0535181975;
k_cdc25=203.0539694382;
K_cdc25=1.1162670421;
kf_p53=0.0006427612;
k_p53=27.2180031213;
K_ATR=0.0002874465;
p53ser46_ref50_72h=0.0005806255;
kp_ser46=4.6224286229;
K_p53=0.7351707110;
upAsy=0.1858220283;
sness=0.0039716238;
k_apop=0.0502703793;
tED50=402.9908028832;
cell_pop_norm0_Jack_MGMT_P=91.8358083344;
k_dis=0.0168595968;

%%%%%%%%%

cost=259.2167392476;

%%%%%%%%%

