TMZout0_Ka_XTMZ(norm)=0.16581;
MGMT_P0(norm)=0.36686;
k_MGMT(norm)=0.41748;
k_addO(norm)=0.00010;
k_addN(norm)=0.52215;
DSB_72h_fac(norm)=0.37551;
k_DSBO(norm)=0.37365;
k_DSBN(norm)=0.31104;
k_CyA(norm)=0.13781;
fVX(norm)=0.68065;
kf_ATR_MGMT_P(norm)=0.41559;
k_ATR(norm)=0.88857;
K_add(norm)=0.38005;
kd_pATR(norm)=0.43254;
k_Chk1(norm)=0.73255;
C_Chk1(norm)=0.28642;
pChk1_ref12_5_24h(norm)=0.16101;
pChk1_ref100_24h(norm)=0.40466;
pChk1_ref100_48h(norm)=0.40374;
kd_pChk1(norm)=0.48869;
k_cdc25(norm)=0.83647;
K_cdc25(norm)=0.79297;
kf_p53(norm)=0.46416;
k_p53(norm)=0.42840;
K_ATR(norm)=0.21005;
p53ser46_ref50_72h(norm)=0.76698;
kp_ser46(norm)=0.66180;
K_p53(norm)=0.49047;
upAsy(norm)=0.42032;
sness(norm)=0.28894;
k_apop(norm)=0.77513;
tED50(norm)=0.21322;
cell_pop_norm0_Jack_MGMT_P(norm)=0.22431;
k_dis(norm)=0.65935;

%%%%%%%%%

TMZout0_Ka_XTMZ=32.2027563677;
MGMT_P0=1.6865111118;
k_MGMT=40.6972353393;
k_addO=0.0067446269;
k_addN=0.1436760375;
DSB_72h_fac=0.8887514937;
k_DSBO=0.0002617940;
k_DSBN=0.0000292608;
k_CyA=1.3962757710;
fVX=0.0015290908;
kf_ATR_MGMT_P=0.0000094045;
k_ATR=0.0268800849;
K_add=0.0000589348;
kd_pATR=0.0034076252;
k_Chk1=544.1617697534;
C_Chk1=0.5776325129;
pChk1_ref12_5_24h=0.0053190813;
pChk1_ref100_24h=0.0065537053;
pChk1_ref100_48h=0.0074037518;
kd_pChk1=0.0752339046;
k_cdc25=298.4119970100;
K_cdc25=1.6084361400;
kf_p53=0.0006236766;
k_p53=32.5267753093;
K_ATR=0.0003019165;
p53ser46_ref50_72h=0.0006355293;
kp_ser46=4.1028930471;
K_p53=0.4887156475;
upAsy=0.2191108112;
sness=0.0032392740;
k_apop=0.0749436909;
tED50=271.8523149503;
cell_pop_norm0_Jack_MGMT_P=75.8304588888;
k_dis=0.0172638387;

%%%%%%%%%

cost=254.7580613290;

%%%%%%%%%

