TMZout0_Ka_XTMZ(norm)=0.00010;
MGMT_P0(norm)=0.82179;
k_MGMT(norm)=0.00010;
k_addO(norm)=0.21935;
k_addN(norm)=0.11728;
DSB_72h_fac(norm)=0.65634;
k_DSBO(norm)=0.66020;
k_DSBN(norm)=0.89003;
k_CyA(norm)=0.93346;
fVX(norm)=0.04093;
kf_ATR_MGMT_P(norm)=0.55768;
k_ATR(norm)=0.60745;
K_add(norm)=0.47002;
kd_pATR(norm)=0.28495;
k_Chk1(norm)=0.59442;
C_Chk1(norm)=0.65753;
pChk1_ref12_5_24h(norm)=0.05133;
pChk1_ref100_24h(norm)=0.17570;
pChk1_ref100_48h(norm)=0.18042;
kd_pChk1(norm)=1.00000;
k_cdc25(norm)=0.42234;
K_cdc25(norm)=0.00010;
kf_p53(norm)=0.92090;
k_p53(norm)=0.70947;
K_ATR(norm)=0.00010;
p53ser46_ref50_72h(norm)=0.63670;
kp_ser46(norm)=0.30620;
K_p53(norm)=0.79702;
upAsy(norm)=0.19682;
sness(norm)=0.38951;
k_apop(norm)=0.30686;
tED50(norm)=0.46301;
cell_pop_norm0_Jack_MGMT_P(norm)=0.41924;
k_dis(norm)=1.00000;

%%%%%%%%%

TMZout0_Ka_XTMZ=31.0007116889;
MGMT_P0=2.2378073011;
k_MGMT=28.5745592480;
k_addO=0.0081215101;
k_addN=0.1019526144;
DSB_72h_fac=1.0902562837;
k_DSBO=0.0003337369;
k_DSBN=0.0000477904;
k_CyA=2.7400004971;
fVX=0.0008892604;
kf_ATR_MGMT_P=0.0000106077;
k_ATR=0.0211829831;
K_add=0.0000636031;
kd_pATR=0.0030070753;
k_Chk1=484.0588187767;
C_Chk1=0.7910589244;
pChk1_ref12_5_24h=0.0048470568;
pChk1_ref100_24h=0.0053980126;
pChk1_ref100_48h=0.0061274153;
kd_pChk1=0.1160280820;
k_cdc25=210.1005229350;
K_cdc25=0.8215711239;
kf_p53=0.0009183946;
k_p53=41.2730926927;
K_ATR=0.0002527144;
p53ser46_ref50_72h=0.0005691058;
kp_ser46=3.0355463802;
K_p53=0.6336653789;
upAsy=0.1813098633;
sness=0.0035274064;
k_apop=0.0503992575;
tED50=335.9317532309;
cell_pop_norm0_Jack_MGMT_P=81.2902880760;
k_dis=0.0230403219;

%%%%%%%%%

cost=2922.6142148247;

%%%%%%%%%

