TMZout0_Ka_XTMZ(norm)=0.78417;
MGMT_P0(norm)=0.42702;
k_MGMT(norm)=0.29632;
k_addO(norm)=0.56723;
k_addN(norm)=0.59411;
DSB_72h_fac(norm)=0.49813;
k_DSBO(norm)=0.26303;
k_DSBN(norm)=0.47502;
k_CyA(norm)=0.37939;
fVX(norm)=0.15272;
kf_ATR_MGMT_P(norm)=0.57173;
k_ATR(norm)=0.88678;
K_add(norm)=0.85471;
kd_pATR(norm)=0.16573;
k_Chk1(norm)=0.61515;
C_Chk1(norm)=0.57565;
pChk1_ref12_5_24h(norm)=0.00010;
pChk1_ref100_24h(norm)=0.33084;
pChk1_ref100_48h(norm)=0.48647;
kd_pChk1(norm)=0.54928;
k_cdc25(norm)=0.47401;
K_cdc25(norm)=0.42663;
kf_p53(norm)=0.73781;
k_p53(norm)=0.29164;
K_ATR(norm)=0.00010;
p53ser46_ref50_72h(norm)=0.76563;
kp_ser46(norm)=0.46859;
K_p53(norm)=0.24483;
upAsy(norm)=0.71794;
sness(norm)=0.89859;
k_apop(norm)=0.51930;
tED50(norm)=0.52419;
cell_pop_norm0_Jack_MGMT_P(norm)=0.48180;
k_dis(norm)=0.43471;

%%%%%%%%%

TMZout0_Ka_XTMZ=37.1146848663;
MGMT_P0=1.7507869405;
k_MGMT=36.7265397233;
k_addO=0.0109055870;
k_addN=0.1527079090;
DSB_72h_fac=0.9716940995;
k_DSBO=0.0002383706;
k_DSBN=0.0000336220;
k_CyA=1.7134275889;
fVX=0.0009776085;
kf_ATR_MGMT_P=0.0000107347;
k_ATR=0.0268394214;
K_add=0.0000881126;
kd_pATR=0.0027181458;
k_Chk1=492.6382945224;
C_Chk1=0.7380369211;
pChk1_ref12_5_24h=0.0046411643;
pChk1_ref100_24h=0.0061563354;
pChk1_ref100_48h=0.0079413667;
kd_pChk1=0.0791967759;
k_cdc25=219.5026986665;
K_cdc25=1.1792285242;
kf_p53=0.0007864263;
k_p53=28.9678993308;
K_ATR=0.0002527144;
p53ser46_ref50_72h=0.0006347998;
kp_ser46=3.4833296489;
K_p53=0.3968874282;
upAsy=0.2819555024;
sness=0.0054298314;
k_apop=0.0603387959;
tED50=353.8036354570;
cell_pop_norm0_Jack_MGMT_P=83.1245469286;
k_dis=0.0142716855;

%%%%%%%%%

cost=340.3888526663;

%%%%%%%%%

