TMZout0_Ka_XTMZ(norm)=0.78017;
MGMT_P0(norm)=0.94048;
k_MGMT(norm)=0.17816;
k_addO(norm)=0.29321;
k_addN(norm)=0.74183;
DSB_72h_fac(norm)=0.41821;
k_DSBO(norm)=0.80714;
k_DSBN(norm)=0.26806;
k_CyA(norm)=0.86565;
fVX(norm)=0.50522;
kf_ATR_MGMT_P(norm)=0.67735;
k_ATR(norm)=0.29037;
K_add(norm)=0.00010;
kd_pATR(norm)=0.15612;
k_Chk1(norm)=0.46276;
C_Chk1(norm)=0.29404;
pChk1_ref12_5_24h(norm)=0.43939;
pChk1_ref100_24h(norm)=0.49899;
pChk1_ref100_48h(norm)=1.00000;
kd_pChk1(norm)=0.87080;
k_cdc25(norm)=0.24381;
K_cdc25(norm)=0.32353;
kf_p53(norm)=0.73472;
k_p53(norm)=0.89352;
K_ATR(norm)=0.38597;
p53ser46_ref50_72h(norm)=0.00010;
kp_ser46(norm)=0.48735;
K_p53(norm)=0.19681;
upAsy(norm)=0.45052;
sness(norm)=0.37050;
k_apop(norm)=0.31093;
tED50(norm)=0.80362;
cell_pop_norm0_Jack_MGMT_P(norm)=1.00000;
k_dis(norm)=0.68995;

%%%%%%%%%

TMZout0_Ka_XTMZ=37.0806255900;
MGMT_P0=2.4091790229;
k_MGMT=33.2277783574;
k_addO=0.0086460312;
k_addN=0.1730691710;
DSB_72h_fac=0.9168016647;
k_DSBO=0.0003779838;
k_DSBN=0.0000282143;
k_CyA=2.5870198461;
fVX=0.0013178933;
kf_ATR_MGMT_P=0.0000117397;
k_ATR=0.0161923253;
K_add=0.0000427130;
kd_pATR=0.0026961094;
k_Chk1=432.9646291604;
C_Chk1=0.5813726254;
pChk1_ref12_5_24h=0.0067340389;
pChk1_ref100_24h=0.0070990309;
pChk1_ref100_48h=0.0122705020;
kd_pChk1=0.1039972977;
k_cdc25=180.6049021980;
K_cdc25=1.0805829983;
kf_p53=0.0007843702;
k_p53=48.2384540255;
K_ATR=0.0003504456;
p53ser46_ref50_72h=0.0003318488;
kp_ser46=3.5391462290;
K_p53=0.3810635219;
upAsy=0.2247905072;
sness=0.0034710559;
k_apop=0.0505730400;
tED50=448.3162511120;
cell_pop_norm0_Jack_MGMT_P=100.0000000000;
k_dis=0.0177172294;

%%%%%%%%%

cost=3899.0354744719;

%%%%%%%%%

