TMZout0_Ka_XTMZ(norm)=0.27617;
MGMT_P0(norm)=0.96555;
k_MGMT(norm)=0.69472;
k_addO(norm)=0.61651;
k_addN(norm)=0.73036;
DSB_72h_fac(norm)=0.80459;
k_DSBO(norm)=0.67128;
k_DSBN(norm)=0.42186;
k_CyA(norm)=0.41239;
fVX(norm)=0.66981;
kf_ATR_MGMT_P(norm)=0.61869;
k_ATR(norm)=0.64929;
K_add(norm)=0.56785;
kd_pATR(norm)=0.97472;
k_Chk1(norm)=0.64122;
C_Chk1(norm)=0.63301;
pChk1_ref12_5_24h(norm)=0.46803;
pChk1_ref100_24h(norm)=0.48593;
pChk1_ref100_48h(norm)=0.46359;
kd_pChk1(norm)=0.75991;
k_cdc25(norm)=0.49975;
K_cdc25(norm)=0.52690;
kf_p53(norm)=0.46707;
k_p53(norm)=0.62087;
K_ATR(norm)=0.61116;
p53ser46_ref50_72h(norm)=0.44142;
kp_ser46(norm)=0.55574;
K_p53(norm)=0.27276;
upAsy(norm)=0.52968;
sness(norm)=0.85632;
k_apop(norm)=0.67273;
tED50(norm)=0.45012;
cell_pop_norm0_Jack_MGMT_P(norm)=0.13415;
k_dis(norm)=0.58784;

%%%%%%%%%

TMZout0_Ka_XTMZ=33.0290753005;
MGMT_P0=2.4535493371;
k_MGMT=45.9283957107;
k_addO=0.0112073372;
k_addN=0.1581030502;
DSB_72h_fac=1.2089180938;
k_DSBO=0.0003425362;
k_DSBN=0.0000361096;
k_CyA=1.7898923711;
fVX=0.0014760989;
kf_ATR_MGMT_P=0.0000111851;
k_ATR=0.0200805714;
K_add=0.0000715085;
kd_pATR=0.0044196843;
k_Chk1=456.6093606947;
C_Chk1=0.7760073404;
pChk1_ref12_5_24h=0.0064402645;
pChk1_ref100_24h=0.0065472259;
pChk1_ref100_48h=0.0075445910;
kd_pChk1=0.0909961445;
k_cdc25=275.2208506101;
K_cdc25=1.2749685437;
kf_p53=0.0006084835;
k_p53=30.9337520560;
K_ATR=0.0003521187;
p53ser46_ref50_72h=0.0004895199;
kp_ser46=4.1515080117;
K_p53=0.6344752592;
upAsy=0.2646838668;
sness=0.0049693256;
k_apop=0.0684004068;
tED50=365.3309769937;
cell_pop_norm0_Jack_MGMT_P=73.4307048810;
k_dis=0.0162935836;

%%%%%%%%%

cost=123.1146076125;

%%%%%%%%%

