TMZout0_Ka_XTMZ(norm)=0.58748;
MGMT_P0(norm)=0.74627;
k_MGMT(norm)=0.77400;
k_addO(norm)=0.52322;
k_addN(norm)=0.50256;
DSB_72h_fac(norm)=0.73261;
k_DSBO(norm)=0.65935;
k_DSBN(norm)=0.67121;
k_CyA(norm)=0.58601;
fVX(norm)=0.60176;
kf_ATR_MGMT_P(norm)=0.60873;
k_ATR(norm)=0.86926;
K_add(norm)=0.59136;
kd_pATR(norm)=0.75403;
k_Chk1(norm)=0.13567;
C_Chk1(norm)=0.58298;
pChk1_ref12_5_24h(norm)=0.51218;
pChk1_ref100_24h(norm)=0.51049;
pChk1_ref100_48h(norm)=0.58916;
kd_pChk1(norm)=0.43985;
k_cdc25(norm)=0.56076;
K_cdc25(norm)=0.47886;
kf_p53(norm)=0.52648;
k_p53(norm)=0.60644;
K_ATR(norm)=0.80315;
p53ser46_ref50_72h(norm)=0.55113;
kp_ser46(norm)=0.46279;
K_p53(norm)=0.48833;
upAsy(norm)=0.88976;
sness(norm)=0.62298;
k_apop(norm)=0.71345;
tED50(norm)=0.77680;
cell_pop_norm0_Jack_MGMT_P(norm)=0.15307;
k_dis(norm)=0.61728;

%%%%%%%%%

TMZout0_Ka_XTMZ=35.4760361422;
MGMT_P0=2.1351678749;
k_MGMT=55.0499965804;
k_addO=0.0105063598;
k_addN=0.1413104178;
DSB_72h_fac=1.1524665223;
k_DSBO=0.0003334954;
k_DSBN=0.0000397027;
k_CyA=2.0412584379;
fVX=0.0014302191;
kf_ATR_MGMT_P=0.0000110765;
k_ATR=0.0264439884;
K_add=0.0000704902;
kd_pATR=0.0044745818;
k_Chk1=328.1626582421;
C_Chk1=0.7426387516;
pChk1_ref12_5_24h=0.0071624092;
pChk1_ref100_24h=0.0071685176;
pChk1_ref100_48h=0.0086633227;
kd_pChk1=0.0721840622;
k_cdc25=236.2446023180;
K_cdc25=1.2325893942;
kf_p53=0.0006574956;
k_p53=37.8228197481;
K_ATR=0.0004990402;
p53ser46_ref50_72h=0.0005293045;
kp_ser46=3.4662546719;
K_p53=0.4878291627;
upAsy=0.3261429535;
sness=0.0042990100;
k_apop=0.0711277681;
tED50=438.2466802946;
cell_pop_norm0_Jack_MGMT_P=73.9280720177;
k_dis=0.0166592314;

%%%%%%%%%

cost=123.6020278883;

%%%%%%%%%

