TMZout0_Ka_XTMZ(norm)=0.75000;
MGMT_P0(norm)=0.75000;
k_MGMT(norm)=0.50000;
k_addO(norm)=0.75000;
k_addN(norm)=0.75000;
DSB_72h_fac(norm)=0.25000;
k_DSBO(norm)=0.50000;
k_DSBN(norm)=0.50000;
k_CyA(norm)=0.75000;
fVX(norm)=0.25000;
kf_ATR_MGMT_P(norm)=0.50000;
k_ATR(norm)=0.50000;
K_add(norm)=0.50000;
kd_pATR(norm)=0.75000;
k_Chk1(norm)=0.25000;
C_Chk1(norm)=0.75000;
pChk1_ref12_5_24h(norm)=0.50000;
pChk1_ref100_24h(norm)=0.25000;
pChk1_ref100_48h(norm)=0.25000;
kd_pChk1(norm)=0.75000;
k_cdc25(norm)=0.50000;
K_cdc25(norm)=0.25000;
kf_p53(norm)=0.50000;
k_p53(norm)=0.50000;
K_ATR(norm)=0.25000;
p53ser46_ref50_72h(norm)=0.75000;
kp_ser46(norm)=0.25000;
K_p53(norm)=0.75000;
upAsy(norm)=0.25000;
sness(norm)=0.75000;
k_apop(norm)=0.25000;
tED50(norm)=0.25000;
cell_pop_norm0_Jack_MGMT_P(norm)=0.25000;
k_dis(norm)=0.50000;

%%%%%%%%%

TMZout0_Ka_XTMZ=36.8246712783;
MGMT_P0=2.1401222973;
k_MGMT=43.6446620750;
k_addO=0.0127322079;
k_addN=0.1742715221;
DSB_72h_fac=0.8111826310;
k_DSBO=0.0002913760;
k_DSBN=0.0000343414;
k_CyA=2.3455343899;
fVX=0.0010616062;
kf_ATR_MGMT_P=0.0000101017;
k_ATR=0.0193395730;
K_add=0.0000652397;
kd_pATR=0.0044593368;
k_Chk1=361.5440952822;
C_Chk1=0.8555327210;
pChk1_ref12_5_24h=0.0070888949;
pChk1_ref100_24h=0.0057487889;
pChk1_ref100_48h=0.0064994969;
kd_pChk1=0.0938790998;
k_cdc25=224.3896375286;
K_cdc25=1.0153191211;
kf_p53=0.0006429082;
k_p53=34.5610918502;
K_ATR=0.0003123111;
p53ser46_ref50_72h=0.0006264495;
kp_ser46=2.8943931542;
K_p53=0.6089158338;
upAsy=0.1896666674;
sness=0.0047874824;
k_apop=0.0480286135;
tED50=280.4574324317;
cell_pop_norm0_Jack_MGMT_P=76.5285579750;
k_dis=0.0150834313;

%%%%%%%%%

cost=124.0487267545;

%%%%%%%%%

