TMZout0_Ka_XTMZ(norm)=0.63247;
MGMT_P0(norm)=0.82072;
k_MGMT(norm)=0.64283;
k_addO(norm)=0.55777;
k_addN(norm)=0.65312;
DSB_72h_fac(norm)=0.67120;
k_DSBO(norm)=0.70367;
k_DSBN(norm)=0.43985;
k_CyA(norm)=0.56707;
fVX(norm)=0.76801;
kf_ATR_MGMT_P(norm)=0.62083;
k_ATR(norm)=0.73590;
K_add(norm)=0.70138;
kd_pATR(norm)=0.24961;
k_Chk1(norm)=0.31382;
C_Chk1(norm)=0.60611;
pChk1_ref12_5_24h(norm)=0.57332;
pChk1_ref100_24h(norm)=0.57984;
pChk1_ref100_48h(norm)=0.62856;
kd_pChk1(norm)=0.52527;
k_cdc25(norm)=0.83866;
K_cdc25(norm)=0.66266;
kf_p53(norm)=0.45793;
k_p53(norm)=0.34650;
K_ATR(norm)=0.54116;
p53ser46_ref50_72h(norm)=0.53697;
kp_ser46(norm)=0.52825;
K_p53(norm)=0.52156;
upAsy(norm)=0.42643;
sness(norm)=0.77064;
k_apop(norm)=0.46742;
tED50(norm)=0.45387;
cell_pop_norm0_Jack_MGMT_P(norm)=0.15109;
k_dis(norm)=0.56587;

%%%%%%%%%

TMZout0_Ka_XTMZ=35.8443959172;
MGMT_P0=2.2363203290;
k_MGMT=49.2594782213;
k_addO=0.0108185367;
k_addN=0.1605376934;
DSB_72h_fac=1.1021015129;
k_DSBO=0.0003462573;
k_DSBN=0.0000326351;
k_CyA=2.0087518533;
fVX=0.0016465590;
kf_ATR_MGMT_P=0.0000111907;
k_ATR=0.0236186036;
K_add=0.0000773774;
kd_pATR=0.0029183641;
k_Chk1=381.6328951488;
C_Chk1=0.7573356842;
pChk1_ref12_5_24h=0.0075432226;
pChk1_ref100_24h=0.0076023528;
pChk1_ref100_48h=0.0089573714;
kd_pChk1=0.0776019938;
k_cdc25=298.9669210626;
K_cdc25=1.4402948668;
kf_p53=0.0006203960;
k_p53=30.3462264808;
K_ATR=0.0003996936;
p53ser46_ref50_72h=0.0005229918;
kp_ser46=3.6639401257;
K_p53=0.5017599358;
upAsy=0.2202494998;
sness=0.0048719610;
k_apop=0.0577439527;
tED50=333.3391874503;
cell_pop_norm0_Jack_MGMT_P=73.8758847426;
k_dis=0.0159491750;

%%%%%%%%%

cost=124.0552790785;

%%%%%%%%%

