TMZout0_Ka_XTMZ(norm)=0.50504;
MGMT_P0(norm)=0.41465;
k_MGMT(norm)=1.00000;
k_addO(norm)=1.00000;
k_addN(norm)=0.63510;
DSB_72h_fac(norm)=0.93861;
k_DSBO(norm)=0.31706;
k_DSBN(norm)=0.83465;
k_CyA(norm)=0.60669;
fVX(norm)=0.27677;
kf_ATR_MGMT_P(norm)=1.00000;
k_ATR(norm)=0.50427;
K_add(norm)=0.00010;
kd_pATR(norm)=0.28577;
k_Chk1(norm)=0.56641;
C_Chk1(norm)=0.39434;
pChk1_ref12_5_24h(norm)=0.60652;
pChk1_ref100_24h(norm)=1.00000;
pChk1_ref100_48h(norm)=0.94978;
kd_pChk1(norm)=0.00010;
k_cdc25(norm)=1.00000;
K_cdc25(norm)=0.35101;
kf_p53(norm)=0.99621;
k_p53(norm)=0.11883;
K_ATR(norm)=0.42148;
p53ser46_ref50_72h(norm)=0.02407;
kp_ser46(norm)=0.04929;
K_p53(norm)=0.00010;
upAsy(norm)=0.48418;
sness(norm)=0.14141;
k_apop(norm)=0.91111;
tED50(norm)=0.00010;
cell_pop_norm0_Jack_MGMT_P(norm)=0.00010;
k_dis(norm)=0.56559;

%%%%%%%%%

TMZout0_Ka_XTMZ=34.8109525526;
MGMT_P0=1.7373739154;
k_MGMT=66.6683225466;
k_addO=0.0157361294;
k_addN=0.1581057734;
DSB_72h_fac=1.3388424427;
k_DSBO=0.0002495384;
k_DSBN=0.0000455998;
k_CyA=2.0773391052;
fVX=0.0010859570;
kf_ATR_MGMT_P=0.0000154307;
k_ATR=0.0194095967;
K_add=0.0000427130;
kd_pATR=0.0030091490;
k_Chk1=472.7097025725;
C_Chk1=0.6329402300;
pChk1_ref12_5_24h=0.0077584547;
pChk1_ref100_24h=0.0108532287;
pChk1_ref100_48h=0.0117593321;
kd_pChk1=0.0497305343;
k_cdc25=342.7608330462;
K_cdc25=1.1060461073;
kf_p53=0.0009789136;
k_p53=25.0222045275;
K_ATR=0.0003611512;
p53ser46_ref50_72h=0.0003386566;
kp_ser46=2.4417452370;
K_p53=0.3225607171;
upAsy=0.2312935393;
sness=0.0028586407;
k_apop=0.0840954662;
tED50=226.9392185870;
cell_pop_norm0_Jack_MGMT_P=70.0024967691;
k_dis=0.0159454512;

%%%%%%%%%

cost=13009.0348655880;

%%%%%%%%%

