TMZout0_Ka_XTMZ(norm)=0.39156;
MGMT_P0(norm)=0.91549;
k_MGMT(norm)=0.71400;
k_addO(norm)=0.90053;
k_addN(norm)=0.21092;
DSB_72h_fac(norm)=0.25272;
k_DSBO(norm)=0.80148;
k_DSBN(norm)=0.43923;
k_CyA(norm)=0.25323;
fVX(norm)=0.56914;
kf_ATR_MGMT_P(norm)=1.00000;
k_ATR(norm)=0.57856;
K_add(norm)=0.37558;
kd_pATR(norm)=0.73505;
k_Chk1(norm)=0.90877;
C_Chk1(norm)=0.18842;
pChk1_ref12_5_24h(norm)=0.34859;
pChk1_ref100_24h(norm)=0.38330;
pChk1_ref100_48h(norm)=0.28959;
kd_pChk1(norm)=0.61456;
k_cdc25(norm)=0.00225;
K_cdc25(norm)=0.38049;
kf_p53(norm)=0.41725;
k_p53(norm)=0.73729;
K_ATR(norm)=0.44528;
p53ser46_ref50_72h(norm)=0.24384;
kp_ser46(norm)=0.55873;
K_p53(norm)=0.14908;
upAsy(norm)=0.64417;
sness(norm)=0.75300;
k_apop(norm)=0.71627;
tED50(norm)=0.20863;
cell_pop_norm0_Jack_MGMT_P(norm)=0.00010;
k_dis(norm)=0.97065;

%%%%%%%%%

TMZout0_Ka_XTMZ=33.9157516428;
MGMT_P0=2.3720360060;
k_MGMT=52.3212068847;
k_addO=0.0144642408;
k_addN=0.1103714796;
DSB_72h_fac=0.8127878825;
k_DSBO=0.0003761756;
k_DSBN=0.0000326180;
k_CyA=1.5397200849;
fVX=0.0013912299;
kf_ATR_MGMT_P=0.0000154307;
k_ATR=0.0206707838;
K_add=0.0000587120;
kd_pATR=0.0044032061;
k_Chk1=631.7899997014;
C_Chk1=0.5316032733;
pChk1_ref12_5_24h=0.0062354076;
pChk1_ref100_24h=0.0064361674;
pChk1_ref100_48h=0.0067211943;
kd_pChk1=0.0837012481;
k_cdc25=147.1779051311;
K_cdc25=1.1340216153;
kf_p53=0.0005993744;
k_p53=42.2576288348;
K_ATR=0.0003685082;
p53ser46_ref50_72h=0.0004079737;
kp_ser46=3.7597909741;
K_p53=0.3659597232;
upAsy=0.2648716230;
sness=0.0047996781;
k_apop=0.0712978419;
tED50=270.7969402572;
cell_pop_norm0_Jack_MGMT_P=70.0024967691;
k_dis=0.0224743733;

%%%%%%%%%

cost=358.2767061690;

%%%%%%%%%

