TMZout0_Ka_XTMZ(norm)=0.64063;
MGMT_P0(norm)=0.12763;
k_MGMT(norm)=1.00000;
k_addO(norm)=0.49544;
k_addN(norm)=1.00000;
DSB_72h_fac(norm)=0.50870;
k_DSBO(norm)=0.56010;
k_DSBN(norm)=0.18394;
k_CyA(norm)=0.30039;
fVX(norm)=0.77319;
kf_ATR_MGMT_P(norm)=0.66496;
k_ATR(norm)=0.57087;
K_add(norm)=0.71807;
kd_pATR(norm)=0.42554;
k_Chk1(norm)=0.05062;
C_Chk1(norm)=0.84395;
pChk1_ref12_5_24h(norm)=0.29442;
pChk1_ref100_24h(norm)=0.43225;
pChk1_ref100_48h(norm)=0.81317;
kd_pChk1(norm)=0.46702;
k_cdc25(norm)=0.21826;
K_cdc25(norm)=0.70641;
kf_p53(norm)=0.22486;
k_p53(norm)=0.47509;
K_ATR(norm)=0.40014;
p53ser46_ref50_72h(norm)=0.18133;
kp_ser46(norm)=0.60491;
K_p53(norm)=0.63285;
upAsy(norm)=0.44113;
sness(norm)=0.75306;
k_apop(norm)=0.69844;
tED50(norm)=0.69629;
cell_pop_norm0_Jack_MGMT_P(norm)=0.40413;
k_dis(norm)=0.96077;

%%%%%%%%%

TMZout0_Ka_XTMZ=35.9115970096;
MGMT_P0=1.4779628039;
k_MGMT=55.7695448421;
k_addO=0.0094351795;
k_addN=0.1627984655;
DSB_72h_fac=0.9639270940;
k_DSBO=0.0003172180;
k_DSBN=0.0000291252;
k_CyA=1.8404893464;
fVX=0.0014904536;
kf_ATR_MGMT_P=0.0000114444;
k_ATR=0.0243241240;
K_add=0.0000837135;
kd_pATR=0.0029542410;
k_Chk1=256.7675996596;
C_Chk1=0.9450357488;
pChk1_ref12_5_24h=0.0060625795;
pChk1_ref100_24h=0.0068247434;
pChk1_ref100_48h=0.0109870605;
kd_pChk1=0.0688825098;
k_cdc25=186.5981345369;
K_cdc25=1.4611831063;
kf_p53=0.0004353409;
k_p53=33.5351263105;
K_ATR=0.0004026554;
p53ser46_ref50_72h=0.0003330081;
kp_ser46=3.4233875502;
K_p53=0.6416760079;
upAsy=0.2203661902;
sness=0.0043926061;
k_apop=0.0726912299;
tED50=479.7155147488;
cell_pop_norm0_Jack_MGMT_P=80.8533789165;
k_dis=0.0224511622;

%%%%%%%%%

cost=365.4375173602;

%%%%%%%%%

