TMZout0_Ka_XTMZ(norm)=0.51466;
MGMT_P0(norm)=0.86249;
k_MGMT(norm)=0.71201;
k_addO(norm)=0.62584;
k_addN(norm)=0.79141;
DSB_72h_fac(norm)=0.48132;
k_DSBO(norm)=0.94386;
k_DSBN(norm)=0.11293;
k_CyA(norm)=0.87903;
fVX(norm)=0.17657;
kf_ATR_MGMT_P(norm)=0.80896;
k_ATR(norm)=0.10782;
K_add(norm)=0.55342;
kd_pATR(norm)=0.28306;
k_Chk1(norm)=0.29402;
C_Chk1(norm)=0.55015;
pChk1_ref12_5_24h(norm)=0.53446;
pChk1_ref100_24h(norm)=0.68700;
pChk1_ref100_48h(norm)=0.81069;
kd_pChk1(norm)=0.84225;
k_cdc25(norm)=0.25168;
K_cdc25(norm)=0.51189;
kf_p53(norm)=0.25394;
k_p53(norm)=0.31507;
K_ATR(norm)=0.12475;
p53ser46_ref50_72h(norm)=0.41362;
kp_ser46(norm)=0.68579;
K_p53(norm)=0.84524;
upAsy(norm)=0.16030;
sness(norm)=0.91951;
k_apop(norm)=0.87353;
tED50(norm)=0.37411;
cell_pop_norm0_Jack_MGMT_P(norm)=0.59846;
k_dis(norm)=0.66200;

%%%%%%%%%

TMZout0_Ka_XTMZ=34.8879124840;
MGMT_P0=2.2951530443;
k_MGMT=52.2332655189;
k_addO=0.0114608191;
k_addN=0.1804945724;
DSB_72h_fac=0.9598810442;
k_DSBO=0.0004244084;
k_DSBN=0.0000247392;
k_CyA=2.6165164705;
fVX=0.0009975669;
kf_ATR_MGMT_P=0.0000131246;
k_ATR=0.0138717925;
K_add=0.0000682603;
kd_pATR=0.0030022413;
k_Chk1=375.2845724406;
C_Chk1=0.7222666315;
pChk1_ref12_5_24h=0.0072989247;
pChk1_ref100_24h=0.0083249660;
pChk1_ref100_48h=0.0104520515;
kd_pChk1=0.1015117099;
k_cdc25=181.8138749630;
K_cdc25=1.2675672708;
kf_p53=0.0005219187;
k_p53=29.5485729627;
K_ATR=0.0002808645;
p53ser46_ref50_72h=0.0004710929;
kp_ser46=4.1871558952;
K_p53=0.6600887572;
upAsy=0.1757853392;
sness=0.0055269054;
k_apop=0.0814598144;
tED50=311.5554030872;
cell_pop_norm0_Jack_MGMT_P=86.6564571474;
k_dis=0.0173027080;

%%%%%%%%%

cost=212.9312232357;

%%%%%%%%%

