TMZout0_Ka_XTMZ(norm)=0.24968;
MGMT_P0(norm)=0.57755;
k_MGMT(norm)=0.77771;
k_addO(norm)=0.20782;
k_addN(norm)=0.49413;
DSB_72h_fac(norm)=0.25663;
k_DSBO(norm)=0.42305;
k_DSBN(norm)=0.36239;
k_CyA(norm)=0.84227;
fVX(norm)=1.00000;
kf_ATR_MGMT_P(norm)=0.67500;
k_ATR(norm)=0.84350;
K_add(norm)=0.54727;
kd_pATR(norm)=0.81801;
k_Chk1(norm)=0.27591;
C_Chk1(norm)=0.26732;
pChk1_ref12_5_24h(norm)=0.29683;
pChk1_ref100_24h(norm)=0.61640;
pChk1_ref100_48h(norm)=1.00000;
kd_pChk1(norm)=0.40960;
k_cdc25(norm)=0.74806;
K_cdc25(norm)=0.52790;
kf_p53(norm)=0.73218;
k_p53(norm)=0.40768;
K_ATR(norm)=0.43360;
p53ser46_ref50_72h(norm)=0.85209;
kp_ser46(norm)=0.42923;
K_p53(norm)=0.30722;
upAsy(norm)=0.62578;
sness(norm)=0.33753;
k_apop(norm)=0.47336;
tED50(norm)=0.98087;
cell_pop_norm0_Jack_MGMT_P(norm)=0.52785;
k_dis(norm)=0.52737;

%%%%%%%%%

TMZout0_Ka_XTMZ=32.8288586264;
MGMT_P0=1.9225439490;
k_MGMT=55.2234365490;
k_addO=0.0080425613;
k_addN=0.1403049684;
DSB_72h_fac=0.8151027647;
k_DSBO=0.0002729852;
k_DSBN=0.0000305620;
k_CyA=2.5362662910;
fVX=0.0020042231;
kf_ATR_MGMT_P=0.0000117164;
k_ATR=0.0258729522;
K_add=0.0000679057;
kd_pATR=0.0047238646;
k_Chk1=369.5695447599;
C_Chk1=0.5683569220;
pChk1_ref12_5_24h=0.0059678240;
pChk1_ref100_24h=0.0078415491;
pChk1_ref100_48h=0.0122705020;
kd_pChk1=0.0703574001;
k_cdc25=276.8749157121;
K_cdc25=1.2848868454;
kf_p53=0.0007826801;
k_p53=31.9606126941;
K_ATR=0.0003648796;
p53ser46_ref50_72h=0.0006830497;
kp_ser46=3.3690621512;
K_p53=0.4184311939;
upAsy=0.2607768177;
sness=0.0033754223;
k_apop=0.0580349882;
tED50=520.9683939770;
cell_pop_norm0_Jack_MGMT_P=84.5011124506;
k_dis=0.0154373351;

%%%%%%%%%

cost=219.5464200399;

%%%%%%%%%

