TMZout0_Ka_XTMZ(norm)=0.15872;
MGMT_P0(norm)=0.34249;
k_MGMT(norm)=0.92239;
k_addO(norm)=0.54929;
k_addN(norm)=0.01250;
DSB_72h_fac(norm)=0.11204;
k_DSBO(norm)=0.62202;
k_DSBN(norm)=0.45984;
k_CyA(norm)=0.71829;
fVX(norm)=0.36544;
kf_ATR_MGMT_P(norm)=0.85532;
k_ATR(norm)=0.71807;
K_add(norm)=0.26687;
kd_pATR(norm)=0.59204;
k_Chk1(norm)=0.52640;
C_Chk1(norm)=0.77334;
pChk1_ref12_5_24h(norm)=0.30244;
pChk1_ref100_24h(norm)=0.49262;
pChk1_ref100_48h(norm)=0.83410;
kd_pChk1(norm)=0.95031;
k_cdc25(norm)=0.41596;
K_cdc25(norm)=0.08751;
kf_p53(norm)=0.46529;
k_p53(norm)=0.63939;
K_ATR(norm)=0.74434;
p53ser46_ref50_72h(norm)=0.59132;
kp_ser46(norm)=0.74770;
K_p53(norm)=0.24223;
upAsy(norm)=0.47156;
sness(norm)=0.73503;
k_apop(norm)=0.39308;
tED50(norm)=0.24274;
cell_pop_norm0_Jack_MGMT_P(norm)=0.44771;
k_dis(norm)=0.43631;

%%%%%%%%%

TMZout0_Ka_XTMZ=32.1504127449;
MGMT_P0=1.7477972234;
k_MGMT=55.7004872334;
k_addO=0.0105868427;
k_addN=0.0860566340;
DSB_72h_fac=0.7186565818;
k_DSBO=0.0003285338;
k_DSBN=0.0000372903;
k_CyA=2.3194831936;
fVX=0.0011405517;
kf_ATR_MGMT_P=0.0000136684;
k_ATR=0.0212854643;
K_add=0.0000554118;
kd_pATR=0.0031957517;
k_Chk1=414.2809190974;
C_Chk1=0.8739809211;
pChk1_ref12_5_24h=0.0055971781;
pChk1_ref100_24h=0.0065844326;
pChk1_ref100_48h=0.0103270560;
kd_pChk1=0.1069265888;
k_cdc25=256.3602016946;
K_cdc25=0.8786460339;
kf_p53=0.0006075685;
k_p53=31.4229637837;
K_ATR=0.0003941827;
p53ser46_ref50_72h=0.0005558165;
kp_ser46=4.8847551258;
K_p53=0.6182736510;
upAsy=0.2519652988;
sness=0.0044839948;
k_apop=0.0539701241;
tED50=306.4597330940;
cell_pop_norm0_Jack_MGMT_P=82.1199118769;
k_dis=0.0143302843;

%%%%%%%%%

cost=202.8868241064;

%%%%%%%%%

