TMZout0_Ka_XTMZ(norm)=1.00000;
MGMT_P0(norm)=0.16918;
k_MGMT(norm)=0.39263;
k_addO(norm)=0.18466;
k_addN(norm)=0.00010;
DSB_72h_fac(norm)=0.00010;
k_DSBO(norm)=0.56848;
k_DSBN(norm)=0.42270;
k_CyA(norm)=0.51793;
fVX(norm)=0.65882;
kf_ATR_MGMT_P(norm)=0.48161;
k_ATR(norm)=0.10569;
K_add(norm)=0.34655;
kd_pATR(norm)=0.82525;
k_Chk1(norm)=0.48525;
C_Chk1(norm)=0.78969;
pChk1_ref12_5_24h(norm)=0.16631;
pChk1_ref100_24h(norm)=0.39524;
pChk1_ref100_48h(norm)=0.71375;
kd_pChk1(norm)=0.32909;
k_cdc25(norm)=0.86553;
K_cdc25(norm)=0.34257;
kf_p53(norm)=1.00000;
k_p53(norm)=0.64160;
K_ATR(norm)=0.00010;
p53ser46_ref50_72h(norm)=0.92463;
kp_ser46(norm)=0.75660;
K_p53(norm)=1.00000;
upAsy(norm)=0.14284;
sness(norm)=0.10286;
k_apop(norm)=0.51517;
tED50(norm)=0.77349;
cell_pop_norm0_Jack_MGMT_P(norm)=0.24366;
k_dis(norm)=0.46734;

%%%%%%%%%

TMZout0_Ka_XTMZ=39.0000000000;
MGMT_P0=1.4914646513;
k_MGMT=39.8495108652;
k_addO=0.0078862926;
k_addN=0.0923167769;
DSB_72h_fac=0.6763120313;
k_DSBO=0.0003087828;
k_DSBN=0.0000321641;
k_CyA=1.9268320146;
fVX=0.0015010719;
kf_ATR_MGMT_P=0.0000099456;
k_ATR=0.0138467869;
K_add=0.0000572856;
kd_pATR=0.0047529363;
k_Chk1=441.2930804461;
C_Chk1=0.8847943302;
pChk1_ref12_5_24h=0.0053430582;
pChk1_ref100_24h=0.0065016134;
pChk1_ref100_48h=0.0096278218;
kd_pChk1=0.0657178396;
k_cdc25=305.8500745402;
K_cdc25=1.0981616291;
kf_p53=0.0009820586;
k_p53=38.9665565968;
K_ATR=0.0002527144;
p53ser46_ref50_72h=0.0007263513;
kp_ser46=4.4460574971;
K_p53=0.7525779048;
upAsy=0.1732048302;
sness=0.0027667875;
k_apop=0.0601278036;
tED50=437.0171544990;
cell_pop_norm0_Jack_MGMT_P=76.3556901280;
k_dis=0.0146717773;

%%%%%%%%%

cost=226.9520592086;

%%%%%%%%%

