TMZout0_Ka_XTMZ(norm)=0.08593;
MGMT_P0(norm)=0.62543;
k_MGMT(norm)=0.11706;
k_addO(norm)=0.36234;
k_addN(norm)=0.07687;
DSB_72h_fac(norm)=0.13628;
k_DSBO(norm)=0.04619;
k_DSBN(norm)=0.45954;
k_CyA(norm)=0.30544;
fVX(norm)=0.41929;
kf_ATR_MGMT_P(norm)=0.67088;
k_ATR(norm)=0.85655;
K_add(norm)=1.00000;
kd_pATR(norm)=0.42508;
k_Chk1(norm)=0.66110;
C_Chk1(norm)=0.36596;
pChk1_ref12_5_24h(norm)=0.27402;
pChk1_ref100_24h(norm)=0.56150;
pChk1_ref100_48h(norm)=0.53855;
kd_pChk1(norm)=0.58517;
k_cdc25(norm)=0.32768;
K_cdc25(norm)=0.68190;
kf_p53(norm)=0.47946;
k_p53(norm)=1.00000;
K_ATR(norm)=0.55785;
p53ser46_ref50_72h(norm)=0.69049;
kp_ser46(norm)=0.53448;
K_p53(norm)=0.09529;
upAsy(norm)=0.73316;
sness(norm)=0.83893;
k_apop(norm)=0.48120;
tED50(norm)=0.64917;
cell_pop_norm0_Jack_MGMT_P(norm)=0.36476;
k_dis(norm)=0.74295;

%%%%%%%%%

TMZout0_Ka_XTMZ=31.6176552653;
MGMT_P0=1.9806344063;
k_MGMT=31.5514086674;
k_addO=0.0091675243;
k_addN=0.0985211249;
DSB_72h_fac=0.7467601728;
k_DSBO=0.0001983632;
k_DSBN=0.0000331841;
k_CyA=1.6093618780;
fVX=0.0012253404;
kf_ATR_MGMT_P=0.0000116755;
k_ATR=0.0261607220;
K_add=0.0000996552;
kd_pATR=0.0033861714;
k_Chk1=512.1971557868;
C_Chk1=0.6179008118;
pChk1_ref12_5_24h=0.0058535843;
pChk1_ref100_24h=0.0074851520;
pChk1_ref100_48h=0.0082996531;
kd_pChk1=0.0816422926;
k_cdc25=193.9065275441;
K_cdc25=1.4639682869;
kf_p53=0.0006318164;
k_p53=52.7929398346;
K_ATR=0.0004053872;
p53ser46_ref50_72h=0.0005956441;
kp_ser46=3.6833054641;
K_p53=0.3496542730;
upAsy=0.2856160685;
sness=0.0051621470;
k_apop=0.0584221812;
tED50=393.3244411491;
cell_pop_norm0_Jack_MGMT_P=79.7260969469;
k_dis=0.0185310070;

%%%%%%%%%

cost=489.3485978486;

%%%%%%%%%

