TMZout0_Ka_XTMZ(norm)=0.32011;
MGMT_P0(norm)=0.48969;
k_MGMT(norm)=0.00010;
k_addO(norm)=0.24041;
k_addN(norm)=0.51976;
DSB_72h_fac(norm)=0.43724;
k_DSBO(norm)=0.25581;
k_DSBN(norm)=0.40106;
k_CyA(norm)=0.16743;
fVX(norm)=0.13026;
kf_ATR_MGMT_P(norm)=0.57847;
k_ATR(norm)=1.00000;
K_add(norm)=0.23231;
kd_pATR(norm)=0.57071;
k_Chk1(norm)=0.22385;
C_Chk1(norm)=0.71351;
pChk1_ref12_5_24h(norm)=0.00010;
pChk1_ref100_24h(norm)=0.00010;
pChk1_ref100_48h(norm)=0.36953;
kd_pChk1(norm)=1.00000;
k_cdc25(norm)=0.71408;
K_cdc25(norm)=0.29586;
kf_p53(norm)=0.55824;
k_p53(norm)=0.84220;
K_ATR(norm)=0.87544;
p53ser46_ref50_72h(norm)=1.00000;
kp_ser46(norm)=0.52271;
K_p53(norm)=0.57900;
upAsy(norm)=0.31315;
sness(norm)=0.02134;
k_apop(norm)=0.69949;
tED50(norm)=0.40112;
cell_pop_norm0_Jack_MGMT_P(norm)=0.11424;
k_dis(norm)=0.42819;

%%%%%%%%%

TMZout0_Ka_XTMZ=33.3639925856;
MGMT_P0=1.8203492336;
k_MGMT=28.5745592480;
k_addO=0.0082677114;
k_addN=0.1433850368;
DSB_72h_fac=0.9295854469;
k_DSBO=0.0002369183;
k_DSBN=0.0000315799;
k_CyA=1.4317610410;
fVX=0.0009591804;
kf_ATR_MGMT_P=0.0000107962;
k_ATR=0.0295416857;
K_add=0.0000520004;
kd_pATR=0.0038308411;
k_Chk1=353.6222487221;
C_Chk1=0.8294850254;
pChk1_ref12_5_24h=0.0046411643;
pChk1_ref100_24h=0.0046517778;
pChk1_ref100_48h=0.0071922510;
kd_pChk1=0.1160280820;
k_cdc25=269.0174676560;
K_cdc25=1.0555467767;
kf_p53=0.0006754311;
k_p53=46.1856878226;
K_ATR=0.0005305612;
p53ser46_ref50_72h=0.0007742483;
kp_ser46=3.6467765604;
K_p53=0.5267847533;
upAsy=0.2000908071;
sness=0.0025821190;
k_apop=0.0702915060;
tED50=318.7698881358;
cell_pop_norm0_Jack_MGMT_P=72.9112516148;
k_dis=0.0141929974;

%%%%%%%%%

cost=236.0309397189;

%%%%%%%%%

