TMZout0_Ka_XTMZ(norm)=0.56606;
MGMT_P0(norm)=0.58057;
k_MGMT(norm)=0.46590;
k_addO(norm)=0.00010;
k_addN(norm)=0.49874;
DSB_72h_fac(norm)=0.52418;
k_DSBO(norm)=0.89570;
k_DSBN(norm)=0.45964;
k_CyA(norm)=0.34394;
fVX(norm)=0.43088;
kf_ATR_MGMT_P(norm)=0.71104;
k_ATR(norm)=0.11760;
K_add(norm)=0.64694;
kd_pATR(norm)=0.15288;
k_Chk1(norm)=0.56215;
C_Chk1(norm)=0.58743;
pChk1_ref12_5_24h(norm)=0.25930;
pChk1_ref100_24h(norm)=0.35654;
pChk1_ref100_48h(norm)=0.83421;
kd_pChk1(norm)=0.32924;
k_cdc25(norm)=0.27790;
K_cdc25(norm)=0.62565;
kf_p53(norm)=0.56042;
k_p53(norm)=0.85004;
K_ATR(norm)=0.15691;
p53ser46_ref50_72h(norm)=0.75958;
kp_ser46(norm)=0.75345;
K_p53(norm)=0.45175;
upAsy(norm)=0.49498;
sness(norm)=0.42981;
k_apop(norm)=0.59805;
tED50(norm)=0.75248;
cell_pop_norm0_Jack_MGMT_P(norm)=0.42768;
k_dis(norm)=0.48655;

%%%%%%%%%

TMZout0_Ka_XTMZ=35.3020387030;
MGMT_P0=1.9261552639;
k_MGMT=42.4016053954;
k_addO=0.0067446269;
k_addN=0.1408543188;
DSB_72h_fac=0.9902890237;
k_DSBO=0.0004074392;
k_DSBN=0.0000331869;
k_CyA=1.6627282779;
fVX=0.0012374372;
kf_ATR_MGMT_P=0.0000120797;
k_ATR=0.0139872580;
K_add=0.0000738893;
kd_pATR=0.0026886997;
k_Chk1=471.0057689266;
C_Chk1=0.7454417970;
pChk1_ref12_5_24h=0.0057810302;
pChk1_ref100_24h=0.0062919019;
pChk1_ref100_48h=0.0106624535;
kd_pChk1=0.0657260523;
k_cdc25=185.8981244828;
K_cdc25=1.3958275400;
kf_p53=0.0006766780;
k_p53=46.4938481867;
K_ATR=0.0002886238;
p53ser46_ref50_72h=0.0006315541;
kp_ser46=4.4342097780;
K_p53=0.4729426810;
upAsy=0.2334201652;
sness=0.0036499310;
k_apop=0.0645020052;
tED50=429.3080842529;
cell_pop_norm0_Jack_MGMT_P=81.5353428404;
k_dis=0.0149125332;

%%%%%%%%%

cost=190.6446579257;

%%%%%%%%%

