TMZout0_Ka_XTMZ(norm)=0.51441;
MGMT_P0(norm)=0.53117;
k_MGMT(norm)=0.00010;
k_addO(norm)=0.58026;
k_addN(norm)=0.47400;
DSB_72h_fac(norm)=0.68776;
k_DSBO(norm)=0.69917;
k_DSBN(norm)=0.67420;
k_CyA(norm)=0.45963;
fVX(norm)=0.71229;
kf_ATR_MGMT_P(norm)=0.71996;
k_ATR(norm)=0.72005;
K_add(norm)=0.61944;
kd_pATR(norm)=0.28751;
k_Chk1(norm)=0.18502;
C_Chk1(norm)=0.64391;
pChk1_ref12_5_24h(norm)=0.09143;
pChk1_ref100_24h(norm)=0.50967;
pChk1_ref100_48h(norm)=0.75437;
kd_pChk1(norm)=0.32785;
k_cdc25(norm)=0.55235;
K_cdc25(norm)=0.00010;
kf_p53(norm)=0.42649;
k_p53(norm)=0.31471;
K_ATR(norm)=0.41147;
p53ser46_ref50_72h(norm)=0.64065;
kp_ser46(norm)=0.71414;
K_p53(norm)=0.53834;
upAsy(norm)=0.39483;
sness(norm)=0.38414;
k_apop(norm)=0.75861;
tED50(norm)=0.01940;
cell_pop_norm0_Jack_MGMT_P(norm)=0.72196;
k_dis(norm)=0.64800;

%%%%%%%%%

TMZout0_Ka_XTMZ=34.8858722975;
MGMT_P0=1.8679037263;
k_MGMT=28.5745592480;
k_addO=0.0110266689;
k_addN=0.1379314482;
DSB_72h_fac=1.1154623898;
k_DSBO=0.0003449407;
k_DSBN=0.0000398034;
k_CyA=1.8339657389;
fVX=0.0015706307;
kf_ATR_MGMT_P=0.0000121712;
k_ATR=0.0233035205;
K_add=0.0000721874;
kd_pATR=0.0030135896;
k_Chk1=342.1771218753;
C_Chk1=0.7819857054;
pChk1_ref12_5_24h=0.0050145830;
pChk1_ref100_24h=0.0071635878;
pChk1_ref100_48h=0.0099649934;
kd_pChk1=0.0656487260;
k_cdc25=234.5669905235;
K_cdc25=0.8215711239;
kf_p53=0.0006040841;
k_p53=29.5395663985;
K_ATR=0.0003581016;
p53ser46_ref50_72h=0.0005710177;
kp_ser46=4.2889312145;
K_p53=0.5089433704;
upAsy=0.2144298034;
sness=0.0035113775;
k_apop=0.0739018659;
tED50=230.6811502979;
cell_pop_norm0_Jack_MGMT_P=90.5589518610;
k_dis=0.0170986646;

%%%%%%%%%

cost=222.6235710813;

%%%%%%%%%

