TMZout0_Ka_XTMZ(norm)=0.57688;
MGMT_P0(norm)=1.00000;
k_MGMT(norm)=0.00010;
k_addO(norm)=0.90074;
k_addN(norm)=1.00000;
DSB_72h_fac(norm)=0.80045;
k_DSBO(norm)=1.00000;
k_DSBN(norm)=0.60880;
k_CyA(norm)=0.00010;
fVX(norm)=0.59716;
kf_ATR_MGMT_P(norm)=0.72719;
k_ATR(norm)=0.77911;
K_add(norm)=0.65743;
kd_pATR(norm)=0.00010;
k_Chk1(norm)=0.10166;
C_Chk1(norm)=1.00000;
pChk1_ref12_5_24h(norm)=1.00000;
pChk1_ref100_24h(norm)=1.00000;
pChk1_ref100_48h(norm)=0.84646;
kd_pChk1(norm)=0.67817;
k_cdc25(norm)=0.61690;
K_cdc25(norm)=0.89908;
kf_p53(norm)=0.00010;
k_p53(norm)=0.36401;
K_ATR(norm)=0.00010;
p53ser46_ref50_72h(norm)=0.36140;
kp_ser46(norm)=0.40007;
K_p53(norm)=1.00000;
upAsy(norm)=0.53889;
sness(norm)=0.00010;
k_apop(norm)=0.86669;
tED50(norm)=1.00000;
cell_pop_norm0_Jack_MGMT_P(norm)=0.00010;
k_dis(norm)=0.64161;

%%%%%%%%%

TMZout0_Ka_XTMZ=35.3897922026;
MGMT_P0=2.5000000000;
k_MGMT=25.4963091117;
k_addO=0.0142591818;
k_addN=0.1986826538;
DSB_72h_fac=1.2051585152;
k_DSBO=0.0004525506;
k_DSBN=0.0000423069;
k_CyA=1.2621549907;
fVX=0.0013879749;
kf_ATR_MGMT_P=0.0000122622;
k_ATR=0.0224153165;
K_add=0.0000771471;
kd_pATR=0.0019353174;
k_Chk1=289.0667694049;
C_Chk1=1.0590316885;
pChk1_ref12_5_24h=0.0101077523;
pChk1_ref100_24h=0.0101209671;
pChk1_ref100_48h=0.0104358150;
kd_pChk1=0.0849071082;
k_cdc25=303.9406337097;
K_cdc25=1.7476472720;
kf_p53=0.0004096532;
k_p53=24.8836014134;
K_ATR=0.0002098135;
p53ser46_ref50_72h=0.0004574295;
kp_ser46=3.6384876915;
K_p53=1.1749573564;
upAsy=0.2667566738;
sness=0.0024056203;
k_apop=0.0806180405;
tED50=582.1404884586;
cell_pop_norm0_Jack_MGMT_P=70.0024967691;
k_dis=0.0170529903;

%%%%%%%%%

cost=810.8557311894;

%%%%%%%%%

