TMZout0_Ka_XTMZ(norm)=0.45912;
MGMT_P0(norm)=0.93959;
k_MGMT(norm)=0.54046;
k_addO(norm)=0.59580;
k_addN(norm)=0.72206;
DSB_72h_fac(norm)=0.70099;
k_DSBO(norm)=0.63804;
k_DSBN(norm)=0.36722;
k_CyA(norm)=0.57220;
fVX(norm)=0.17225;
kf_ATR_MGMT_P(norm)=0.59658;
k_ATR(norm)=0.65594;
K_add(norm)=0.62191;
kd_pATR(norm)=0.66560;
k_Chk1(norm)=0.35785;
C_Chk1(norm)=0.61501;
pChk1_ref12_5_24h(norm)=0.46010;
pChk1_ref100_24h(norm)=0.49407;
pChk1_ref100_48h(norm)=0.55651;
kd_pChk1(norm)=0.53130;
k_cdc25(norm)=0.27375;
K_cdc25(norm)=0.56021;
kf_p53(norm)=0.80613;
k_p53(norm)=0.48477;
K_ATR(norm)=0.54467;
p53ser46_ref50_72h(norm)=0.79754;
kp_ser46(norm)=0.54147;
K_p53(norm)=0.51317;
upAsy(norm)=0.67989;
sness(norm)=0.65770;
k_apop(norm)=0.64595;
tED50(norm)=0.45758;
cell_pop_norm0_Jack_MGMT_P(norm)=0.16886;
k_dis(norm)=0.60623;

%%%%%%%%%

TMZout0_Ka_XTMZ=34.4458554646;
MGMT_P0=2.4191211896;
k_MGMT=40.3011678143;
k_addO=0.0110123803;
k_addN=0.1569950587;
DSB_72h_fac=1.1184234655;
k_DSBO=0.0003330232;
k_DSBN=0.0000344760;
k_CyA=2.0494341478;
fVX=0.0009683339;
kf_ATR_MGMT_P=0.0000109776;
k_ATR=0.0201939460;
K_add=0.0000748600;
kd_pATR=0.0034012815;
k_Chk1=359.1461446601;
C_Chk1=0.7642622804;
pChk1_ref12_5_24h=0.0063971064;
pChk1_ref100_24h=0.0065925276;
pChk1_ref100_48h=0.0081626267;
kd_pChk1=0.0749723357;
k_cdc25=227.2573478588;
K_cdc25=1.3114623948;
kf_p53=0.0008109899;
k_p53=27.5646472052;
K_ATR=0.0003328308;
p53ser46_ref50_72h=0.0006619351;
kp_ser46=4.1015939512;
K_p53=0.7778233593;
upAsy=0.3006082712;
sness=0.0041995930;
k_apop=0.0668661617;
tED50=367.6468288364;
cell_pop_norm0_Jack_MGMT_P=74.3454817967;
k_dis=0.0165494855;

%%%%%%%%%

cost=124.4066814110;

%%%%%%%%%

