TMZout0_Ka_XTMZ(norm)=0.24663;
MGMT_P0(norm)=0.79631;
k_MGMT(norm)=0.73741;
k_addO(norm)=0.61995;
k_addN(norm)=0.69817;
DSB_72h_fac(norm)=0.71129;
k_DSBO(norm)=0.58325;
k_DSBN(norm)=0.46549;
k_CyA(norm)=0.58436;
fVX(norm)=0.63367;
kf_ATR_MGMT_P(norm)=0.60134;
k_ATR(norm)=0.70781;
K_add(norm)=0.56246;
kd_pATR(norm)=0.83815;
k_Chk1(norm)=0.71859;
C_Chk1(norm)=0.60105;
pChk1_ref12_5_24h(norm)=0.68418;
pChk1_ref100_24h(norm)=0.68533;
pChk1_ref100_48h(norm)=0.64050;
kd_pChk1(norm)=0.64961;
k_cdc25(norm)=0.36165;
K_cdc25(norm)=0.61103;
kf_p53(norm)=0.63490;
k_p53(norm)=0.85462;
K_ATR(norm)=0.82246;
p53ser46_ref50_72h(norm)=0.58540;
kp_ser46(norm)=0.48293;
K_p53(norm)=0.07712;
upAsy(norm)=0.48924;
sness(norm)=0.66521;
k_apop(norm)=0.60831;
tED50(norm)=0.49098;
cell_pop_norm0_Jack_MGMT_P(norm)=0.15588;
k_dis(norm)=0.59965;

%%%%%%%%%

TMZout0_Ka_XTMZ=32.8058671534;
MGMT_P0=2.2376032847;
k_MGMT=47.6202303904;
k_addO=0.0112400924;
k_addN=0.1538482587;
DSB_72h_fac=1.1271047025;
k_DSBO=0.0003179173;
k_DSBN=0.0000374695;
k_CyA=2.0706560496;
fVX=0.0014315879;
kf_ATR_MGMT_P=0.0000110219;
k_ATR=0.0211012041;
K_add=0.0000711823;
kd_pATR=0.0039367373;
k_Chk1=487.5462567023;
C_Chk1=0.7552709574;
pChk1_ref12_5_24h=0.0077346184;
pChk1_ref100_24h=0.0077523062;
pChk1_ref100_48h=0.0087646443;
kd_pChk1=0.0828772014;
k_cdc25=244.8291664616;
K_cdc25=1.3691691921;
kf_p53=0.0007014704;
k_p53=37.7092427390;
K_ATR=0.0004211550;
p53ser46_ref50_72h=0.0005530345;
kp_ser46=3.9031215450;
K_p53=0.5375556463;
upAsy=0.2557676226;
sness=0.0042264268;
k_apop=0.0647671225;
tED50=378.1999848170;
cell_pop_norm0_Jack_MGMT_P=74.0019919655;
k_dis=0.0164573728;

%%%%%%%%%

cost=122.6070109439;

%%%%%%%%%

