TMZout0_Ka_XTMZ(norm)=0.70090;
MGMT_P0(norm)=0.74455;
k_MGMT(norm)=0.43336;
k_addO(norm)=0.62592;
k_addN(norm)=0.20564;
DSB_72h_fac(norm)=0.00010;
k_DSBO(norm)=0.07609;
k_DSBN(norm)=0.34345;
k_CyA(norm)=0.77074;
fVX(norm)=0.50232;
kf_ATR_MGMT_P(norm)=0.87444;
k_ATR(norm)=1.00000;
K_add(norm)=1.00000;
kd_pATR(norm)=0.14424;
k_Chk1(norm)=0.82214;
C_Chk1(norm)=0.22143;
pChk1_ref12_5_24h(norm)=0.18687;
pChk1_ref100_24h(norm)=0.95857;
pChk1_ref100_48h(norm)=1.00000;
kd_pChk1(norm)=0.21824;
k_cdc25(norm)=0.38306;
K_cdc25(norm)=0.00010;
kf_p53(norm)=0.69210;
k_p53(norm)=0.75348;
K_ATR(norm)=0.53026;
p53ser46_ref50_72h(norm)=0.77779;
kp_ser46(norm)=0.25707;
K_p53(norm)=0.61515;
upAsy(norm)=0.85799;
sness(norm)=0.02970;
k_apop(norm)=0.68492;
tED50(norm)=0.37716;
cell_pop_norm0_Jack_MGMT_P(norm)=0.16999;
k_dis(norm)=0.14417;

%%%%%%%%%

TMZout0_Ka_XTMZ=36.4119369127;
MGMT_P0=2.1433584065;
k_MGMT=34.5052882754;
k_addO=0.0105381673;
k_addN=0.0830509943;
DSB_72h_fac=0.6550158473;
k_DSBO=0.0002105013;
k_DSBN=0.0000333398;
k_CyA=2.7416294793;
fVX=0.0011847984;
kf_ATR_MGMT_P=0.0000136672;
k_ATR=0.0349902468;
K_add=0.0001063010;
kd_pATR=0.0023277251;
k_Chk1=493.6733102506;
C_Chk1=0.5576650063;
pChk1_ref12_5_24h=0.0055345350;
pChk1_ref100_24h=0.0106601049;
pChk1_ref100_48h=0.0128714905;
kd_pChk1=0.0557911299;
k_cdc25=214.5611330803;
K_cdc25=0.8031538638;
kf_p53=0.0006467919;
k_p53=42.4562114696;
K_ATR=0.0004495867;
p53ser46_ref50_72h=0.0005520010;
kp_ser46=2.5495168651;
K_p53=0.6321241011;
upAsy=0.3137202416;
sness=0.0023798190;
k_apop=0.0718632527;
tED50=366.0603150983;
cell_pop_norm0_Jack_MGMT_P=74.3754820688;
k_dis=0.0112395495;

%%%%%%%%%

cost=392.4536039570;

%%%%%%%%%

