TMZout0_Ka_XTMZ(norm)=0.02215;
MGMT_P0(norm)=0.12377;
k_MGMT(norm)=0.16624;
k_addO(norm)=0.56285;
k_addN(norm)=1.00000;
DSB_72h_fac(norm)=0.27825;
k_DSBO(norm)=0.76302;
k_DSBN(norm)=0.56089;
k_CyA(norm)=0.32299;
fVX(norm)=0.36287;
kf_ATR_MGMT_P(norm)=0.65460;
k_ATR(norm)=0.63189;
K_add(norm)=0.74698;
kd_pATR(norm)=0.86089;
k_Chk1(norm)=0.79296;
C_Chk1(norm)=0.37994;
pChk1_ref12_5_24h(norm)=0.33656;
pChk1_ref100_24h(norm)=0.68050;
pChk1_ref100_48h(norm)=0.58534;
kd_pChk1(norm)=0.90513;
k_cdc25(norm)=0.85872;
K_cdc25(norm)=0.22950;
kf_p53(norm)=0.49096;
k_p53(norm)=0.41427;
K_ATR(norm)=0.03413;
p53ser46_ref50_72h(norm)=0.50477;
kp_ser46(norm)=0.00010;
K_p53(norm)=0.40219;
upAsy(norm)=0.87564;
sness(norm)=0.66637;
k_apop(norm)=0.64851;
tED50(norm)=0.89759;
cell_pop_norm0_Jack_MGMT_P(norm)=0.31637;
k_dis(norm)=0.44418;

%%%%%%%%%

TMZout0_Ka_XTMZ=31.1580643135;
MGMT_P0=1.4499472003;
k_MGMT=32.8939104666;
k_addO=0.0108651814;
k_addN=0.2153875622;
DSB_72h_fac=0.8280310919;
k_DSBO=0.0003641146;
k_DSBN=0.0000361598;
k_CyA=1.6334705539;
fVX=0.0011681466;
kf_ATR_MGMT_P=0.0000115156;
k_ATR=0.0216261311;
K_add=0.0000804254;
kd_pATR=0.0048986242;
k_Chk1=572.7419984073;
C_Chk1=0.6252633495;
pChk1_ref12_5_24h=0.0061721682;
pChk1_ref100_24h=0.0082792156;
pChk1_ref100_48h=0.0086352679;
kd_pChk1=0.1070665262;
k_cdc25=304.0909505589;
K_cdc25=0.9978383233;
kf_p53=0.0006380026;
k_p53=32.1396255893;
K_ATR=0.0002601064;
p53ser46_ref50_72h=0.0005089153;
kp_ser46=2.3420713618;
K_p53=0.4534947364;
upAsy=0.3222651762;
sness=0.0044599682;
k_apop=0.0673198591;
tED50=485.4724084961;
cell_pop_norm0_Jack_MGMT_P=78.3619151654;
k_dis=0.0143866162;

%%%%%%%%%

cost=255.6566420498;

%%%%%%%%%

