TMZout0_Ka_XTMZ(norm)=0.89390;
MGMT_P0(norm)=0.79241;
k_MGMT(norm)=0.63310;
k_addO(norm)=1.00000;
k_addN(norm)=0.66016;
DSB_72h_fac(norm)=0.67170;
k_DSBO(norm)=0.78923;
k_DSBN(norm)=0.41081;
k_CyA(norm)=0.38705;
fVX(norm)=0.35027;
kf_ATR_MGMT_P(norm)=0.99350;
k_ATR(norm)=0.29710;
K_add(norm)=0.70671;
kd_pATR(norm)=0.51779;
k_Chk1(norm)=0.72683;
C_Chk1(norm)=0.35836;
pChk1_ref12_5_24h(norm)=0.55612;
pChk1_ref100_24h(norm)=0.57719;
pChk1_ref100_48h(norm)=0.47457;
kd_pChk1(norm)=0.49171;
k_cdc25(norm)=0.68650;
K_cdc25(norm)=0.44844;
kf_p53(norm)=0.58447;
k_p53(norm)=0.26797;
K_ATR(norm)=0.27794;
p53ser46_ref50_72h(norm)=0.40956;
kp_ser46(norm)=0.59620;
K_p53(norm)=0.44264;
upAsy(norm)=0.20474;
sness(norm)=0.52630;
k_apop(norm)=0.84554;
tED50(norm)=0.21290;
cell_pop_norm0_Jack_MGMT_P(norm)=0.55402;
k_dis(norm)=0.42085;

%%%%%%%%%

TMZout0_Ka_XTMZ=38.0615018943;
MGMT_P0=2.1972944350;
k_MGMT=48.8549066171;
k_addO=0.0157361294;
k_addN=0.1614987278;
DSB_72h_fac=1.1025047264;
k_DSBO=0.0003722929;
k_DSBN=0.0000318417;
k_CyA=1.7245880408;
fVX=0.0011557419;
kf_ATR_MGMT_P=0.0000153460;
k_ATR=0.0162848283;
K_add=0.0000777278;
kd_pATR=0.0036628742;
k_Chk1=541.5305572934;
C_Chk1=0.6139331406;
pChk1_ref12_5_24h=0.0074341203;
pChk1_ref100_24h=0.0075853320;
pChk1_ref100_48h=0.0078617251;
kd_pChk1=0.0754265695;
k_cdc25=262.8020275052;
K_cdc25=1.2012245002;
kf_p53=0.0006906067;
k_p53=28.3926283090;
K_ATR=0.0003197928;
p53ser46_ref50_72h=0.0004694764;
kp_ser46=3.8810823073;
K_p53=0.4693056881;
upAsy=0.1825306891;
sness=0.0039608684;
k_apop=0.0795511984;
tED50=271.7778762321;
cell_pop_norm0_Jack_MGMT_P=85.2936229771;
k_dis=0.0141050418;

%%%%%%%%%

cost=246.2657486943;

%%%%%%%%%

