TMZout0_Ka_XTMZ(norm)=0.77579;
MGMT_P0(norm)=0.48767;
k_MGMT(norm)=0.63906;
k_addO(norm)=0.31392;
k_addN(norm)=0.44430;
DSB_72h_fac(norm)=0.08818;
k_DSBO(norm)=0.60312;
k_DSBN(norm)=0.32058;
k_CyA(norm)=0.65077;
fVX(norm)=0.99116;
kf_ATR_MGMT_P(norm)=0.45300;
k_ATR(norm)=0.29279;
K_add(norm)=0.57187;
kd_pATR(norm)=0.37441;
k_Chk1(norm)=0.35719;
C_Chk1(norm)=0.61875;
pChk1_ref12_5_24h(norm)=0.27097;
pChk1_ref100_24h(norm)=0.67224;
pChk1_ref100_48h(norm)=0.61838;
kd_pChk1(norm)=0.55774;
k_cdc25(norm)=0.47065;
K_cdc25(norm)=0.00010;
kf_p53(norm)=0.60477;
k_p53(norm)=0.49643;
K_ATR(norm)=0.28623;
p53ser46_ref50_72h(norm)=0.55013;
kp_ser46(norm)=0.67490;
K_p53(norm)=0.11469;
upAsy(norm)=0.78950;
sness(norm)=0.62582;
k_apop(norm)=0.77578;
tED50(norm)=0.90402;
cell_pop_norm0_Jack_MGMT_P(norm)=0.00541;
k_dis(norm)=0.61771;

%%%%%%%%%

TMZout0_Ka_XTMZ=37.0433624639;
MGMT_P0=1.8180614086;
k_MGMT=49.1024209998;
k_addO=0.0087990537;
k_addN=0.1345042904;
DSB_72h_fac=0.7210764319;
k_DSBO=0.0003179792;
k_DSBN=0.0000294982;
k_CyA=2.1563832271;
fVX=0.0019892610;
kf_ATR_MGMT_P=0.0000097074;
k_ATR=0.0162254676;
K_add=0.0000693357;
kd_pATR=0.0032438687;
k_Chk1=395.9178831042;
C_Chk1=0.7654882214;
pChk1_ref12_5_24h=0.0058384921;
pChk1_ref100_24h=0.0082214813;
pChk1_ref100_48h=0.0088804876;
kd_pChk1=0.0797664785;
k_cdc25=218.8789947687;
K_cdc25=0.8215711239;
kf_p53=0.0007025899;
k_p53=34.4565718595;
K_ATR=0.0003220463;
p53ser46_ref50_72h=0.0005288592;
kp_ser46=4.1486980645;
K_p53=0.3554495732;
upAsy=0.2995822593;
sness=0.0043093664;
k_apop=0.0749850021;
tED50=488.1266936750;
cell_pop_norm0_Jack_MGMT_P=70.1351635025;
k_dis=0.0166653155;

%%%%%%%%%

cost=198.1155580990;

%%%%%%%%%

