TMZout0_Ka_XTMZ(norm)=0.16829;
MGMT_P0(norm)=0.63797;
k_MGMT(norm)=1.00000;
k_addO(norm)=0.59853;
k_addN(norm)=0.06518;
DSB_72h_fac(norm)=0.26998;
k_DSBO(norm)=0.55359;
k_DSBN(norm)=0.66007;
k_CyA(norm)=0.72524;
fVX(norm)=0.00499;
kf_ATR_MGMT_P(norm)=0.79331;
k_ATR(norm)=0.39127;
K_add(norm)=0.79281;
kd_pATR(norm)=0.53410;
k_Chk1(norm)=0.49702;
C_Chk1(norm)=0.59467;
pChk1_ref12_5_24h(norm)=0.52374;
pChk1_ref100_24h(norm)=0.52579;
pChk1_ref100_48h(norm)=0.46665;
kd_pChk1(norm)=0.98921;
k_cdc25(norm)=0.56893;
K_cdc25(norm)=0.54634;
kf_p53(norm)=0.75155;
k_p53(norm)=0.62161;
K_ATR(norm)=0.32993;
p53ser46_ref50_72h(norm)=0.25110;
kp_ser46(norm)=0.74141;
K_p53(norm)=0.67971;
upAsy(norm)=0.38844;
sness(norm)=0.53482;
k_apop(norm)=0.91726;
tED50(norm)=0.78555;
cell_pop_norm0_Jack_MGMT_P(norm)=1.00000;
k_dis(norm)=0.13336;

%%%%%%%%%

TMZout0_Ka_XTMZ=32.2211382016;
MGMT_P0=1.9961386779;
k_MGMT=66.6683225466;
k_addO=0.0111986616;
k_addN=0.0975506054;
DSB_72h_fac=0.8230606536;
k_DSBO=0.0003049110;
k_DSBN=0.0000393296;
k_CyA=2.2968375720;
fVX=0.0008625915;
kf_ATR_MGMT_P=0.0000129518;
k_ATR=0.0176375470;
K_add=0.0000836099;
kd_pATR=0.0037138460;
k_Chk1=445.7167425364;
C_Chk1=0.7500320681;
pChk1_ref12_5_24h=0.0072329216;
pChk1_ref100_24h=0.0072620593;
pChk1_ref100_48h=0.0078091145;
kd_pChk1=0.1149726306;
k_cdc25=237.8858483223;
K_cdc25=1.3051169135;
kf_p53=0.0007956319;
k_p53=38.3121665057;
K_ATR=0.0003341962;
p53ser46_ref50_72h=0.0004104904;
kp_ser46=4.3892042831;
K_p53=0.5737081005;
upAsy=0.2132719145;
sness=0.0039895557;
k_apop=0.0845345832;
tED50=441.5070045308;
cell_pop_norm0_Jack_MGMT_P=100.0000000000;
k_dis=0.0110556835;

%%%%%%%%%

cost=553.0240592591;

%%%%%%%%%

