TMZout0_Ka_XTMZ(norm)=0.47637;
MGMT_P0(norm)=0.98873;
k_MGMT(norm)=0.48086;
k_addO(norm)=0.55030;
k_addN(norm)=0.21077;
DSB_72h_fac(norm)=0.77701;
k_DSBO(norm)=0.69695;
k_DSBN(norm)=0.80396;
k_CyA(norm)=0.44733;
fVX(norm)=0.40234;
kf_ATR_MGMT_P(norm)=0.59115;
k_ATR(norm)=0.58306;
K_add(norm)=0.63492;
kd_pATR(norm)=0.65599;
k_Chk1(norm)=0.35720;
C_Chk1(norm)=0.60806;
pChk1_ref12_5_24h(norm)=0.37710;
pChk1_ref100_24h(norm)=0.37693;
pChk1_ref100_48h(norm)=0.48784;
kd_pChk1(norm)=0.61204;
k_cdc25(norm)=0.41673;
K_cdc25(norm)=0.62806;
kf_p53(norm)=0.81536;
k_p53(norm)=0.37340;
K_ATR(norm)=0.40468;
p53ser46_ref50_72h(norm)=0.84939;
kp_ser46(norm)=0.61781;
K_p53(norm)=0.52611;
upAsy(norm)=0.62754;
sness(norm)=0.96732;
k_apop(norm)=0.71252;
tED50(norm)=0.11883;
cell_pop_norm0_Jack_MGMT_P(norm)=0.14357;
k_dis(norm)=0.59055;

%%%%%%%%%

TMZout0_Ka_XTMZ=34.5825720134;
MGMT_P0=2.4847128605;
k_MGMT=38.3164508581;
k_addO=0.0105959502;
k_addN=0.1017987605;
DSB_72h_fac=1.1841302631;
k_DSBO=0.0003500687;
k_DSBN=0.0000499145;
k_CyA=1.8436651625;
fVX=0.0011767726;
kf_ATR_MGMT_P=0.0000109272;
k_ATR=0.0189846444;
K_add=0.0000756894;
kd_pATR=0.0033736776;
k_Chk1=358.9494597745;
C_Chk1=0.7597748364;
pChk1_ref12_5_24h=0.0059627085;
pChk1_ref100_24h=0.0059696269;
pChk1_ref100_48h=0.0077012597;
kd_pChk1=0.0802806461;
k_cdc25=256.5276094447;
K_cdc25=1.3890663239;
kf_p53=0.0008173610;
k_p53=25.0824342943;
K_ATR=0.0002956025;
p53ser46_ref50_72h=0.0006916626;
kp_ser46=4.3756641506;
K_p53=0.7863944856;
upAsy=0.2875671730;
sness=0.0054593547;
k_apop=0.0707457790;
tED50=275.9164093310;
cell_pop_norm0_Jack_MGMT_P=73.6779404896;
k_dis=0.0163310033;

%%%%%%%%%

cost=124.2984204214;

%%%%%%%%%

