TMZout0_Ka_XTMZ(norm)=0.90855;
MGMT_P0(norm)=0.69382;
k_MGMT(norm)=0.78196;
k_addO(norm)=0.46859;
k_addN(norm)=0.61606;
DSB_72h_fac(norm)=0.75771;
k_DSBO(norm)=0.81114;
k_DSBN(norm)=0.52465;
k_CyA(norm)=0.29818;
fVX(norm)=0.36808;
kf_ATR_MGMT_P(norm)=0.64471;
k_ATR(norm)=0.35963;
K_add(norm)=0.52591;
kd_pATR(norm)=0.65395;
k_Chk1(norm)=0.56210;
C_Chk1(norm)=0.60703;
pChk1_ref12_5_24h(norm)=0.51519;
pChk1_ref100_24h(norm)=0.51614;
pChk1_ref100_48h(norm)=0.54050;
kd_pChk1(norm)=0.58479;
k_cdc25(norm)=0.48145;
K_cdc25(norm)=0.72531;
kf_p53(norm)=0.55620;
k_p53(norm)=0.65947;
K_ATR(norm)=0.43137;
p53ser46_ref50_72h(norm)=0.62030;
kp_ser46(norm)=0.82781;
K_p53(norm)=0.47202;
upAsy(norm)=0.33477;
sness(norm)=0.69131;
k_apop(norm)=0.43329;
tED50(norm)=0.36511;
cell_pop_norm0_Jack_MGMT_P(norm)=0.16647;
k_dis(norm)=0.58125;

%%%%%%%%%

TMZout0_Ka_XTMZ=38.1897401974;
MGMT_P0=2.0666623407;
k_MGMT=55.4222420348;
k_addO=0.0100311483;
k_addN=0.1555753225;
DSB_72h_fac=1.1737156455;
k_DSBO=0.0003792687;
k_DSBN=0.0000350663;
k_CyA=1.5994924219;
fVX=0.0011733173;
kf_ATR_MGMT_P=0.0000114194;
k_ATR=0.0171709647;
K_add=0.0000666879;
kd_pATR=0.0041108005;
k_Chk1=470.9841444134;
C_Chk1=0.7579236862;
pChk1_ref12_5_24h=0.0071807382;
pChk1_ref100_24h=0.0072029092;
pChk1_ref100_48h=0.0083133804;
kd_pChk1=0.0816159537;
k_cdc25=220.8900892434;
K_cdc25=1.5188194278;
kf_p53=0.0006742654;
k_p53=39.5610046611;
K_ATR=0.0003641906;
p53ser46_ref50_72h=0.0005612562;
kp_ser46=4.7225537012;
K_p53=0.4811371259;
upAsy=0.2037906772;
sness=0.0045552456;
k_apop=0.0560980014;
tED50=309.1889009157;
cell_pop_norm0_Jack_MGMT_P=74.2820484840;
k_dis=0.0161583331;

%%%%%%%%%

cost=124.4110923557;

%%%%%%%%%

