TMZout0_Ka_XTMZ(norm)=0.47242;
MGMT_P0(norm)=0.48800;
k_MGMT(norm)=0.78532;
k_addO(norm)=0.31307;
k_addN(norm)=0.91861;
DSB_72h_fac(norm)=0.73160;
k_DSBO(norm)=0.58370;
k_DSBN(norm)=0.34244;
k_CyA(norm)=0.85789;
fVX(norm)=0.53779;
kf_ATR_MGMT_P(norm)=0.48720;
k_ATR(norm)=0.99627;
K_add(norm)=1.00000;
kd_pATR(norm)=0.68770;
k_Chk1(norm)=0.21588;
C_Chk1(norm)=0.76428;
pChk1_ref12_5_24h(norm)=0.16031;
pChk1_ref100_24h(norm)=0.43158;
pChk1_ref100_48h(norm)=0.40161;
kd_pChk1(norm)=0.59649;
k_cdc25(norm)=0.38488;
K_cdc25(norm)=0.30061;
kf_p53(norm)=0.78663;
k_p53(norm)=0.26743;
K_ATR(norm)=0.43915;
p53ser46_ref50_72h(norm)=0.58702;
kp_ser46(norm)=0.56553;
K_p53(norm)=0.48833;
upAsy(norm)=0.70469;
sness(norm)=0.39564;
k_apop(norm)=0.57212;
tED50(norm)=0.83291;
cell_pop_norm0_Jack_MGMT_P(norm)=0.38900;
k_dis(norm)=0.68877;

%%%%%%%%%

TMZout0_Ka_XTMZ=34.5512317012;
MGMT_P0=1.8363870557;
k_MGMT=46.4941306831;
k_addO=0.0080843400;
k_addN=0.1519505992;
DSB_72h_fac=1.1417719695;
k_DSBO=0.0003236243;
k_DSBN=0.0000333115;
k_CyA=2.9517594571;
fVX=0.0012209476;
kf_ATR_MGMT_P=0.0000098443;
k_ATR=0.0348797947;
K_add=0.0001063010;
kd_pATR=0.0036890308;
k_Chk1=295.3592878057;
C_Chk1=0.8833426626;
pChk1_ref12_5_24h=0.0054113423;
pChk1_ref100_24h=0.0068208634;
pChk1_ref100_48h=0.0077523921;
kd_pChk1=0.0768693839;
k_cdc25=214.8909815547;
K_cdc25=1.0360505166;
kf_p53=0.0007007278;
k_p53=28.1245595098;
K_ATR=0.0004161863;
p53ser46_ref50_72h=0.0004696145;
kp_ser46=3.3110434142;
K_p53=0.5677181975;
upAsy=0.2755057999;
sness=0.0032448804;
k_apop=0.0653129145;
tED50=538.5892538236;
cell_pop_norm0_Jack_MGMT_P=80.4183107984;
k_dis=0.0178297978;

%%%%%%%%%

cost=212.9394835987;

%%%%%%%%%

