TMZout0_Ka_XTMZ(norm)=0.74378;
MGMT_P0(norm)=0.37993;
k_MGMT(norm)=0.32767;
k_addO(norm)=0.41178;
k_addN(norm)=0.72145;
DSB_72h_fac(norm)=0.64206;
k_DSBO(norm)=0.39687;
k_DSBN(norm)=0.38908;
k_CyA(norm)=0.82649;
fVX(norm)=0.59893;
kf_ATR_MGMT_P(norm)=0.81670;
k_ATR(norm)=0.63106;
K_add(norm)=0.56510;
kd_pATR(norm)=0.82453;
k_Chk1(norm)=0.92527;
C_Chk1(norm)=0.84117;
pChk1_ref12_5_24h(norm)=0.59555;
pChk1_ref100_24h(norm)=0.71479;
pChk1_ref100_48h(norm)=0.81531;
kd_pChk1(norm)=0.44098;
k_cdc25(norm)=0.79360;
K_cdc25(norm)=0.25255;
kf_p53(norm)=0.48369;
k_p53(norm)=0.50413;
K_ATR(norm)=0.28525;
p53ser46_ref50_72h(norm)=0.82235;
kp_ser46(norm)=0.51921;
K_p53(norm)=0.55541;
upAsy(norm)=0.29010;
sness(norm)=0.50720;
k_apop(norm)=0.56500;
tED50(norm)=0.53066;
cell_pop_norm0_Jack_MGMT_P(norm)=0.37855;
k_dis(norm)=0.57837;

%%%%%%%%%

TMZout0_Ka_XTMZ=36.7721269012;
MGMT_P0=1.6318875258;
k_MGMT=40.8539371179;
k_addO=0.0089344047;
k_addN=0.1618564460;
DSB_72h_fac=1.0472505969;
k_DSBO=0.0003120486;
k_DSBN=0.0000299936;
k_CyA=3.4034570101;
fVX=0.0014710717;
kf_ATR_MGMT_P=0.0000132706;
k_ATR=0.0293088071;
K_add=0.0000889312;
kd_pATR=0.0024308079;
k_Chk1=425.1840896540;
C_Chk1=0.9377300232;
pChk1_ref12_5_24h=0.0089159458;
pChk1_ref100_24h=0.0099217518;
pChk1_ref100_48h=0.0130579878;
kd_pChk1=0.0539304084;
k_cdc25=252.9313171572;
K_cdc25=1.0313097907;
kf_p53=0.0004325079;
k_p53=28.5335814567;
K_ATR=0.0003772233;
p53ser46_ref50_72h=0.0004715222;
kp_ser46=2.9220710447;
K_p53=0.5696893986;
upAsy=0.2191277912;
sness=0.0050285611;
k_apop=0.0606623200;
tED50=394.8729235755;
cell_pop_norm0_Jack_MGMT_P=80.1191672655;
k_dis=0.0156163244;

%%%%%%%%%

cost=228.5413999402;

%%%%%%%%%

