TMZout0_Ka_XTMZ(norm)=0.15598;
MGMT_P0(norm)=0.38150;
k_MGMT(norm)=0.53198;
k_addO(norm)=0.45179;
k_addN(norm)=0.12155;
DSB_72h_fac(norm)=0.58298;
k_DSBO(norm)=1.00000;
k_DSBN(norm)=0.89892;
k_CyA(norm)=0.69517;
fVX(norm)=0.00010;
kf_ATR_MGMT_P(norm)=0.54707;
k_ATR(norm)=0.76019;
K_add(norm)=0.82590;
kd_pATR(norm)=0.72661;
k_Chk1(norm)=0.64775;
C_Chk1(norm)=0.44218;
pChk1_ref12_5_24h(norm)=0.36467;
pChk1_ref100_24h(norm)=0.39429;
pChk1_ref100_48h(norm)=0.76455;
kd_pChk1(norm)=0.99586;
k_cdc25(norm)=0.14380;
K_cdc25(norm)=0.55831;
kf_p53(norm)=0.47194;
k_p53(norm)=0.27998;
K_ATR(norm)=0.50538;
p53ser46_ref50_72h(norm)=0.41831;
kp_ser46(norm)=0.60979;
K_p53(norm)=0.53473;
upAsy(norm)=0.39417;
sness(norm)=0.47679;
k_apop(norm)=0.64408;
tED50(norm)=1.00000;
cell_pop_norm0_Jack_MGMT_P(norm)=0.82870;
k_dis(norm)=0.45654;

%%%%%%%%%

TMZout0_Ka_XTMZ=32.1301979251;
MGMT_P0=1.7019273188;
k_MGMT=44.8433049477;
k_addO=0.0098893506;
k_addN=0.1023224503;
DSB_72h_fac=1.0335808698;
k_DSBO=0.0004450842;
k_DSBN=0.0000481516;
k_CyA=2.2390680373;
fVX=0.0008590255;
kf_ATR_MGMT_P=0.0000105128;
k_ATR=0.0241095606;
K_add=0.0000859874;
kd_pATR=0.0043718486;
k_Chk1=506.4334211934;
C_Chk1=0.6591201150;
pChk1_ref12_5_24h=0.0063209324;
pChk1_ref100_24h=0.0064963782;
pChk1_ref100_48h=0.0100513042;
kd_pChk1=0.1156220894;
k_cdc25=165.9313197902;
K_cdc25=1.3184164197;
kf_p53=0.0006278056;
k_p53=28.6829559648;
K_ATR=0.0003877569;
p53ser46_ref50_72h=0.0004729697;
kp_ser46=3.9260303861;
K_p53=0.5073925730;
upAsy=0.2143102277;
sness=0.0037981499;
k_apop=0.0670676634;
tED50=529.4799787438;
cell_pop_norm0_Jack_MGMT_P=94.0732212420;
k_dis=0.0145381685;

%%%%%%%%%

cost=276.5646916963;

%%%%%%%%%

