TMZout0_Ka_XTMZ(norm)=1.00000;
MGMT_P0(norm)=0.23863;
k_MGMT(norm)=0.65093;
k_addO(norm)=0.72455;
k_addN(norm)=0.84580;
DSB_72h_fac(norm)=0.51140;
k_DSBO(norm)=0.57392;
k_DSBN(norm)=0.33703;
k_CyA(norm)=0.24695;
fVX(norm)=0.90915;
kf_ATR_MGMT_P(norm)=0.99372;
k_ATR(norm)=0.16793;
K_add(norm)=0.27261;
kd_pATR(norm)=0.40160;
k_Chk1(norm)=0.43200;
C_Chk1(norm)=0.43222;
pChk1_ref12_5_24h(norm)=0.38000;
pChk1_ref100_24h(norm)=0.43232;
pChk1_ref100_48h(norm)=0.53609;
kd_pChk1(norm)=0.00010;
k_cdc25(norm)=0.20465;
K_cdc25(norm)=0.96224;
kf_p53(norm)=0.22309;
k_p53(norm)=0.41629;
K_ATR(norm)=0.25646;
p53ser46_ref50_72h(norm)=0.44814;
kp_ser46(norm)=0.67475;
K_p53(norm)=0.88212;
upAsy(norm)=0.79887;
sness(norm)=0.91935;
k_apop(norm)=0.50739;
tED50(norm)=0.88153;
cell_pop_norm0_Jack_MGMT_P(norm)=0.45754;
k_dis(norm)=1.00000;

%%%%%%%%%

TMZout0_Ka_XTMZ=39.0000000000;
MGMT_P0=1.5572767788;
k_MGMT=49.5985081573;
k_addO=0.0124605580;
k_addN=0.1890075463;
DSB_72h_fac=0.9811276832;
k_DSBO=0.0003102099;
k_DSBN=0.0000299123;
k_CyA=1.5315472799;
fVX=0.0018557323;
kf_ATR_MGMT_P=0.0000153488;
k_ATR=0.0145966759;
K_add=0.0000538067;
kd_pATR=0.0033194625;
k_Chk1=421.8246764488;
C_Chk1=0.6535857007;
pChk1_ref12_5_24h=0.0064035477;
pChk1_ref100_24h=0.0067091335;
pChk1_ref100_48h=0.0082823556;
kd_pChk1=0.0497305343;
k_cdc25=174.7111234252;
K_cdc25=1.8564735812;
kf_p53=0.0005084535;
k_p53=32.1947913961;
K_ATR=0.0003140261;
p53ser46_ref50_72h=0.0004850739;
kp_ser46=4.1481787605;
K_p53=0.6810418545;
upAsy=0.3019692966;
sness=0.0055261841;
k_apop=0.0597327283;
tED50=478.9101093749;
cell_pop_norm0_Jack_MGMT_P=82.4083504643;
k_dis=0.0230403219;

%%%%%%%%%

cost=607.8437615423;

%%%%%%%%%

