TMZout0_Ka_XTMZ(norm)=0.30894;
MGMT_P0(norm)=0.41706;
k_MGMT(norm)=0.14866;
k_addO(norm)=0.47181;
k_addN(norm)=0.20357;
DSB_72h_fac(norm)=0.74383;
k_DSBO(norm)=0.36840;
k_DSBN(norm)=0.97490;
k_CyA(norm)=0.22227;
fVX(norm)=0.61562;
kf_ATR_MGMT_P(norm)=1.00000;
k_ATR(norm)=0.51741;
K_add(norm)=0.51722;
kd_pATR(norm)=0.59337;
k_Chk1(norm)=0.22467;
C_Chk1(norm)=0.17790;
pChk1_ref12_5_24h(norm)=0.57221;
pChk1_ref100_24h(norm)=0.74274;
pChk1_ref100_48h(norm)=0.77815;
kd_pChk1(norm)=1.00000;
k_cdc25(norm)=0.75629;
K_cdc25(norm)=1.00000;
kf_p53(norm)=0.46116;
k_p53(norm)=0.69360;
K_ATR(norm)=0.23321;
p53ser46_ref50_72h(norm)=0.76513;
kp_ser46(norm)=0.52626;
K_p53(norm)=0.49417;
upAsy(norm)=0.64488;
sness(norm)=1.00000;
k_apop(norm)=0.73852;
tED50(norm)=0.02581;
cell_pop_norm0_Jack_MGMT_P(norm)=1.00000;
k_dis(norm)=0.35383;

%%%%%%%%%

TMZout0_Ka_XTMZ=33.2784911436;
MGMT_P0=1.7399694369;
k_MGMT=32.4074123857;
k_addO=0.0100585283;
k_addN=0.1096868655;
DSB_72h_fac=1.1619188787;
k_DSBO=0.0002606327;
k_DSBN=0.0000513534;
k_CyA=1.4998561285;
fVX=0.0014471098;
kf_ATR_MGMT_P=0.0000154307;
k_ATR=0.0196270357;
K_add=0.0000661986;
kd_pATR=0.0039051234;
k_Chk1=353.8672569724;
C_Chk1=0.5268879995;
pChk1_ref12_5_24h=0.0075361588;
pChk1_ref100_24h=0.0087275927;
pChk1_ref100_48h=0.0101677965;
kd_pChk1=0.1160280820;
k_cdc25=278.8111260083;
K_cdc25=1.9168368689;
kf_p53=0.0006220963;
k_p53=40.7218952541;
K_ATR=0.0003078994;
p53ser46_ref50_72h=0.0006345326;
kp_ser46=3.6577606257;
K_p53=0.4902510494;
upAsy=0.2650324579;
sness=0.0059169975;
k_apop=0.0726545979;
tED50=231.9375429802;
cell_pop_norm0_Jack_MGMT_P=100.0000000000;
k_dis=0.0133263950;

%%%%%%%%%

cost=311.1331121926;

%%%%%%%%%

