TMZout0_Ka_XTMZ(norm)=0.38812;
MGMT_P0(norm)=0.00010;
k_MGMT(norm)=0.43874;
k_addO(norm)=0.86210;
k_addN(norm)=0.68345;
DSB_72h_fac(norm)=0.06761;
k_DSBO(norm)=0.42149;
k_DSBN(norm)=0.00010;
k_CyA(norm)=0.79377;
fVX(norm)=0.19545;
kf_ATR_MGMT_P(norm)=0.75991;
k_ATR(norm)=0.71817;
K_add(norm)=0.82127;
kd_pATR(norm)=0.26271;
k_Chk1(norm)=0.86731;
C_Chk1(norm)=0.48753;
pChk1_ref12_5_24h(norm)=0.49741;
pChk1_ref100_24h(norm)=0.72309;
pChk1_ref100_48h(norm)=0.68677;
kd_pChk1(norm)=0.89629;
k_cdc25(norm)=0.10539;
K_cdc25(norm)=0.06671;
kf_p53(norm)=0.69725;
k_p53(norm)=0.80798;
K_ATR(norm)=0.55184;
p53ser46_ref50_72h(norm)=0.78870;
kp_ser46(norm)=0.54351;
K_p53(norm)=0.60470;
upAsy(norm)=0.04833;
sness(norm)=0.54728;
k_apop(norm)=0.12426;
tED50(norm)=0.33371;
cell_pop_norm0_Jack_MGMT_P(norm)=0.09829;
k_dis(norm)=0.47419;

%%%%%%%%%

TMZout0_Ka_XTMZ=33.8890060972;
MGMT_P0=1.3686497659;
k_MGMT=34.6630955867;
k_addO=0.0128728281;
k_addN=0.1244992633;
DSB_72h_fac=0.6894856193;
k_DSBO=0.0002820664;
k_DSBN=0.0000249241;
k_CyA=2.7956702186;
fVX=0.0009135322;
kf_ATR_MGMT_P=0.0000124033;
k_ATR=0.0275575593;
K_add=0.0000913630;
kd_pATR=0.0025735152;
k_Chk1=512.9359486775;
C_Chk1=0.6986997025;
pChk1_ref12_5_24h=0.0072003095;
pChk1_ref100_24h=0.0087318894;
pChk1_ref100_48h=0.0098711730;
kd_pChk1=0.0990993349;
k_cdc25=169.5796433087;
K_cdc25=0.8497857842;
kf_p53=0.0006496184;
k_p53=44.4626450658;
K_ATR=0.0004578845;
p53ser46_ref50_72h=0.0005571262;
kp_ser46=3.2498280072;
K_p53=0.6265484816;
upAsy=0.1579809501;
sness=0.0036897733;
k_apop=0.0446887105;
tED50=352.8296836029;
cell_pop_norm0_Jack_MGMT_P=72.4976505341;
k_dis=0.0148658185;

%%%%%%%%%

cost=236.5354648045;

%%%%%%%%%

