TMZout0_Ka_XTMZ(norm)=0.36225;
MGMT_P0(norm)=0.46210;
k_MGMT(norm)=0.68143;
k_addO(norm)=0.22420;
k_addN(norm)=0.01636;
DSB_72h_fac(norm)=0.33264;
k_DSBO(norm)=1.00000;
k_DSBN(norm)=0.58735;
k_CyA(norm)=0.58875;
fVX(norm)=0.32064;
kf_ATR_MGMT_P(norm)=0.59415;
k_ATR(norm)=0.58404;
K_add(norm)=0.55274;
kd_pATR(norm)=0.62824;
k_Chk1(norm)=0.16900;
C_Chk1(norm)=0.57923;
pChk1_ref12_5_24h(norm)=0.12166;
pChk1_ref100_24h(norm)=0.70880;
pChk1_ref100_48h(norm)=1.00000;
kd_pChk1(norm)=0.61677;
k_cdc25(norm)=0.67295;
K_cdc25(norm)=0.00010;
kf_p53(norm)=0.43416;
k_p53(norm)=0.30841;
K_ATR(norm)=0.01528;
p53ser46_ref50_72h(norm)=0.98217;
kp_ser46(norm)=0.59681;
K_p53(norm)=0.28179;
upAsy(norm)=0.28716;
sness(norm)=1.00000;
k_apop(norm)=0.35030;
tED50(norm)=0.31040;
cell_pop_norm0_Jack_MGMT_P(norm)=0.38204;
k_dis(norm)=0.72330;

%%%%%%%%%

TMZout0_Ka_XTMZ=33.6883212775;
MGMT_P0=1.8653958329;
k_MGMT=45.4140006785;
k_addO=0.0080378973;
k_addN=0.0863382917;
DSB_72h_fac=0.8481450978;
k_DSBO=0.0004525506;
k_DSBN=0.0000415449;
k_CyA=2.0783591116;
fVX=0.0010980639;
kf_ATR_MGMT_P=0.0000109550;
k_ATR=0.0190004452;
K_add=0.0000705985;
kd_pATR=0.0032952909;
k_Chk1=306.0412753895;
C_Chk1=0.7414411755;
pChk1_ref12_5_24h=0.0048022789;
pChk1_ref100_24h=0.0079079872;
pChk1_ref100_48h=0.0118856711;
kd_pChk1=0.0806031483;
k_cdc25=318.7238816307;
K_cdc25=0.8159212781;
kf_p53=0.0005917528;
k_p53=23.7385219746;
K_ATR=0.0002125287;
p53ser46_ref50_72h=0.0007740233;
kp_ser46=4.2985172059;
K_p53=0.6393500047;
upAsy=0.2155194420;
sness=0.0056126384;
k_apop=0.0520489982;
tED50=324.5432795672;
cell_pop_norm0_Jack_MGMT_P=80.2190250529;
k_dis=0.0182752639;

%%%%%%%%%

cost=299.0221180645;

%%%%%%%%%

