TMZout0_Ka_XTMZ(norm)=1.00000;
MGMT_P0(norm)=0.39607;
k_MGMT(norm)=0.89173;
k_addO(norm)=0.57033;
k_addN(norm)=0.67477;
DSB_72h_fac(norm)=0.21179;
k_DSBO(norm)=1.00000;
k_DSBN(norm)=0.85534;
k_CyA(norm)=0.15524;
fVX(norm)=0.67971;
kf_ATR_MGMT_P(norm)=0.71763;
k_ATR(norm)=0.41522;
K_add(norm)=0.46590;
kd_pATR(norm)=0.74729;
k_Chk1(norm)=1.00000;
C_Chk1(norm)=0.75147;
pChk1_ref12_5_24h(norm)=0.38422;
pChk1_ref100_24h(norm)=0.50532;
pChk1_ref100_48h(norm)=0.53579;
kd_pChk1(norm)=0.49814;
k_cdc25(norm)=0.70335;
K_cdc25(norm)=0.12382;
kf_p53(norm)=0.51832;
k_p53(norm)=0.00052;
K_ATR(norm)=0.00010;
p53ser46_ref50_72h(norm)=0.71101;
kp_ser46(norm)=1.00000;
K_p53(norm)=1.00000;
upAsy(norm)=1.00000;
sness(norm)=0.56139;
k_apop(norm)=0.62107;
tED50(norm)=0.99649;
cell_pop_norm0_Jack_MGMT_P(norm)=0.49097;
k_dis(norm)=0.73997;

%%%%%%%%%

TMZout0_Ka_XTMZ=39.0000000000;
MGMT_P0=1.7800091602;
k_MGMT=52.6249584365;
k_addO=0.0102520205;
k_addN=0.1328516745;
DSB_72h_fac=0.7718552424;
k_DSBO=0.0004599560;
k_DSBN=0.0000497879;
k_CyA=1.7019576834;
fVX=0.0015409579;
kf_ATR_MGMT_P=0.0000121612;
k_ATR=0.0228342530;
K_add=0.0000733902;
kd_pATR=0.0031225584;
k_Chk1=476.7979224120;
C_Chk1=0.8654326645;
pChk1_ref12_5_24h=0.0071864559;
pChk1_ref100_24h=0.0079808013;
pChk1_ref100_48h=0.0101086397;
kd_pChk1=0.0585916062;
k_cdc25=255.5201829239;
K_cdc25=0.9413317583;
kf_p53=0.0005446418;
k_p53=19.9179911479;
K_ATR=0.0002815805;
p53ser46_ref50_72h=0.0005339144;
kp_ser46=4.7057774264;
K_p53=0.9167617528;
upAsy=0.2795178953;
sness=0.0036846173;
k_apop=0.0598981275;
tED50=537.3036097375;
cell_pop_norm0_Jack_MGMT_P=83.3968269846;
k_dis=0.0183985811;

%%%%%%%%%

cost=213.5746187194;

%%%%%%%%%

