TMZout0_Ka_XTMZ(norm)=0.45000;
MGMT_P0(norm)=0.42303;
k_MGMT(norm)=0.58113;
k_addO(norm)=0.72696;
k_addN(norm)=0.63703;
DSB_72h_fac(norm)=0.57576;
k_DSBO(norm)=0.33904;
k_DSBN(norm)=0.48148;
k_CyA(norm)=0.00010;
fVX(norm)=0.36373;
kf_ATR_MGMT_P(norm)=0.67312;
k_ATR(norm)=0.39710;
K_add(norm)=0.39946;
kd_pATR(norm)=0.50550;
k_Chk1(norm)=0.20748;
C_Chk1(norm)=0.46797;
pChk1_ref12_5_24h(norm)=0.31455;
pChk1_ref100_24h(norm)=0.54953;
pChk1_ref100_48h(norm)=0.92769;
kd_pChk1(norm)=0.79421;
k_cdc25(norm)=0.72730;
K_cdc25(norm)=0.44999;
kf_p53(norm)=0.69301;
k_p53(norm)=0.49028;
K_ATR(norm)=0.30863;
p53ser46_ref50_72h(norm)=0.39195;
kp_ser46(norm)=0.73231;
K_p53(norm)=0.19485;
upAsy(norm)=0.58068;
sness(norm)=0.23563;
k_apop(norm)=0.68226;
tED50(norm)=0.61778;
cell_pop_norm0_Jack_MGMT_P(norm)=0.94689;
k_dis(norm)=0.30919;

%%%%%%%%%

TMZout0_Ka_XTMZ=34.3738579367;
MGMT_P0=1.7464447658;
k_MGMT=46.7504002027;
k_addO=0.0124860993;
k_addN=0.1583639255;
DSB_72h_fac=1.0281662094;
k_DSBO=0.0002542279;
k_DSBN=0.0000338067;
k_CyA=1.2424989020;
fVX=0.0011689989;
kf_ATR_MGMT_P=0.0000116977;
k_ATR=0.0177248391;
K_add=0.0000599121;
kd_pATR=0.0036249234;
k_Chk1=348.7491210223;
C_Chk1=0.6736848465;
pChk1_ref12_5_24h=0.0060581347;
pChk1_ref100_24h=0.0074096045;
pChk1_ref100_48h=0.0115412901;
kd_pChk1=0.0974624767;
k_cdc25=272.0479141911;
K_cdc25=1.2028038309;
kf_p53=0.0007571304;
k_p53=34.2775344012;
K_ATR=0.0003282168;
p53ser46_ref50_72h=0.0004625205;
kp_ser46=4.3554981517;
K_p53=0.3804288318;
upAsy=0.2510006209;
sness=0.0030962107;
k_apop=0.0692728769;
tED50=383.0021644788;
cell_pop_norm0_Jack_MGMT_P=98.1236099248;
k_dis=0.0128317496;

%%%%%%%%%

cost=354.7653524839;

%%%%%%%%%

