TMZout0_Ka_XTMZ(norm)=0.35073;
MGMT_P0(norm)=0.64470;
k_MGMT(norm)=0.22645;
k_addO(norm)=0.63743;
k_addN(norm)=0.30220;
DSB_72h_fac(norm)=0.15422;
k_DSBO(norm)=0.00010;
k_DSBN(norm)=0.24452;
k_CyA(norm)=0.61641;
fVX(norm)=1.00000;
kf_ATR_MGMT_P(norm)=0.68190;
k_ATR(norm)=0.52743;
K_add(norm)=0.12353;
kd_pATR(norm)=0.55675;
k_Chk1(norm)=0.76744;
C_Chk1(norm)=0.38070;
pChk1_ref12_5_24h(norm)=0.39401;
pChk1_ref100_24h(norm)=0.48296;
pChk1_ref100_48h(norm)=0.41038;
kd_pChk1(norm)=0.65239;
k_cdc25(norm)=0.00272;
K_cdc25(norm)=0.75866;
kf_p53(norm)=0.62242;
k_p53(norm)=0.63773;
K_ATR(norm)=0.57292;
p53ser46_ref50_72h(norm)=0.83580;
kp_ser46(norm)=0.25234;
K_p53(norm)=0.60969;
upAsy(norm)=0.39370;
sness(norm)=0.95290;
k_apop(norm)=0.84331;
tED50(norm)=0.38031;
cell_pop_norm0_Jack_MGMT_P(norm)=0.39209;
k_dis(norm)=0.32466;

%%%%%%%%%

TMZout0_Ka_XTMZ=33.5992888149;
MGMT_P0=2.0045035402;
k_MGMT=34.6154087181;
k_addO=0.0115739405;
k_addN=0.1192471821;
DSB_72h_fac=0.7565711754;
k_DSBO=0.0001907665;
k_DSBN=0.0000276571;
k_CyA=2.0945149728;
fVX=0.0020042231;
kf_ATR_MGMT_P=0.0000117850;
k_ATR=0.0197943466;
K_add=0.0000474219;
kd_pATR=0.0037858180;
k_Chk1=560.4890729482;
C_Chk1=0.6256669084;
pChk1_ref12_5_24h=0.0064800443;
pChk1_ref100_24h=0.0070032584;
pChk1_ref100_48h=0.0074455365;
kd_pChk1=0.0864272187;
k_cdc25=147.2366777857;
K_cdc25=1.5623528462;
kf_p53=0.0007131766;
k_p53=38.8389885571;
K_ATR=0.0004105944;
p53ser46_ref50_72h=0.0006736872;
kp_ser46=2.9001496144;
K_p53=0.5406645355;
upAsy=0.2142243777;
sness=0.0056855368;
k_apop=0.0794006794;
tED50=313.1985206809;
cell_pop_norm0_Jack_MGMT_P=80.5068416592;
k_dis=0.0130010384;

%%%%%%%%%

cost=247.5876076107;

%%%%%%%%%

