TMZout0_Ka_XTMZ(norm)=0.62149;
MGMT_P0(norm)=0.97450;
k_MGMT(norm)=0.54730;
k_addO(norm)=0.57209;
k_addN(norm)=0.50697;
DSB_72h_fac(norm)=0.73605;
k_DSBO(norm)=0.79035;
k_DSBN(norm)=0.68176;
k_CyA(norm)=0.33524;
fVX(norm)=0.51220;
kf_ATR_MGMT_P(norm)=0.61564;
k_ATR(norm)=0.51352;
K_add(norm)=0.59617;
kd_pATR(norm)=0.84959;
k_Chk1(norm)=0.86190;
C_Chk1(norm)=0.60624;
pChk1_ref12_5_24h(norm)=0.76113;
pChk1_ref100_24h(norm)=0.76293;
pChk1_ref100_48h(norm)=0.74012;
kd_pChk1(norm)=0.50113;
k_cdc25(norm)=0.44347;
K_cdc25(norm)=0.68208;
kf_p53(norm)=0.64873;
k_p53(norm)=0.53966;
K_ATR(norm)=0.48677;
p53ser46_ref50_72h(norm)=0.58487;
kp_ser46(norm)=0.66296;
K_p53(norm)=0.42441;
upAsy(norm)=0.28562;
sness(norm)=0.17007;
k_apop(norm)=0.54406;
tED50(norm)=0.62381;
cell_pop_norm0_Jack_MGMT_P(norm)=0.14642;
k_dis(norm)=0.60479;

%%%%%%%%%

TMZout0_Ka_XTMZ=35.7540765380;
MGMT_P0=2.4644060345;
k_MGMT=39.3051142072;
k_addO=0.0102672866;
k_addN=0.1152443531;
DSB_72h_fac=1.1469177809;
k_DSBO=0.0003850961;
k_DSBN=0.0000429785;
k_CyA=1.9823765462;
fVX=0.0013370557;
kf_ATR_MGMT_P=0.0000111545;
k_ATR=0.0248176131;
K_add=0.0000819551;
kd_pATR=0.0034053083;
k_Chk1=424.1458202389;
C_Chk1=0.7652305054;
pChk1_ref12_5_24h=0.0098903314;
pChk1_ref100_24h=0.0099274876;
pChk1_ref100_48h=0.0120193663;
kd_pChk1=0.0587405080;
k_cdc25=205.0204897371;
K_cdc25=1.5106707363;
kf_p53=0.0006082732;
k_p53=31.4512673477;
K_ATR=0.0004252891;
p53ser46_ref50_72h=0.0004797944;
kp_ser46=3.5367752485;
K_p53=0.5629282319;
upAsy=0.1525934041;
sness=0.0026448061;
k_apop=0.0561142375;
tED50=391.8153464809;
cell_pop_norm0_Jack_MGMT_P=73.7527950322;
k_dis=0.0164074564;

%%%%%%%%%

cost=123.8439779500;

%%%%%%%%%

