TMZout0_Ka_XTMZ(norm)=0.43059;
MGMT_P0(norm)=0.00010;
k_MGMT(norm)=0.44965;
k_addO(norm)=0.30461;
k_addN(norm)=0.50743;
DSB_72h_fac(norm)=0.87299;
k_DSBO(norm)=0.07986;
k_DSBN(norm)=0.84082;
k_CyA(norm)=0.42198;
fVX(norm)=0.51111;
kf_ATR_MGMT_P(norm)=0.61955;
k_ATR(norm)=0.92794;
K_add(norm)=0.43609;
kd_pATR(norm)=0.42501;
k_Chk1(norm)=0.93136;
C_Chk1(norm)=0.32168;
pChk1_ref12_5_24h(norm)=0.34012;
pChk1_ref100_24h(norm)=0.41548;
pChk1_ref100_48h(norm)=0.84005;
kd_pChk1(norm)=0.48100;
k_cdc25(norm)=0.53440;
K_cdc25(norm)=0.30680;
kf_p53(norm)=0.38412;
k_p53(norm)=0.72192;
K_ATR(norm)=0.73626;
p53ser46_ref50_72h(norm)=0.55940;
kp_ser46(norm)=0.71306;
K_p53(norm)=0.29618;
upAsy(norm)=0.80389;
sness(norm)=0.58057;
k_apop(norm)=0.52707;
tED50(norm)=0.68705;
cell_pop_norm0_Jack_MGMT_P(norm)=0.68451;
k_dis(norm)=0.75114;

%%%%%%%%%

TMZout0_Ka_XTMZ=34.2210249486;
MGMT_P0=1.4505888932;
k_MGMT=37.3165541959;
k_addO=0.0086046129;
k_addN=0.1308895382;
DSB_72h_fac=1.2726393624;
k_DSBO=0.0002075289;
k_DSBN=0.0000514980;
k_CyA=1.8044984213;
fVX=0.0012903744;
kf_ATR_MGMT_P=0.0000111933;
k_ATR=0.0254278513;
K_add=0.0000639545;
kd_pATR=0.0027740282;
k_Chk1=583.8622577522;
C_Chk1=0.5960753867;
pChk1_ref12_5_24h=0.0057787364;
pChk1_ref100_24h=0.0061678112;
pChk1_ref100_48h=0.0103792756;
kd_pChk1=0.0718441149;
k_cdc25=283.4220896259;
K_cdc25=1.0580556021;
kf_p53=0.0005671889;
k_p53=33.6990439875;
K_ATR=0.0003914912;
p53ser46_ref50_72h=0.0005409836;
kp_ser46=4.7434713020;
K_p53=0.6471886581;
upAsy=0.3339101287;
sness=0.0039339337;
k_apop=0.0604589426;
tED50=446.5493900409;
cell_pop_norm0_Jack_MGMT_P=89.3572953120;
k_dis=0.0187114883;

%%%%%%%%%

cost=798.3381383446;

%%%%%%%%%

