TMZout0_Ka_XTMZ(norm)=0.41065;
MGMT_P0(norm)=0.95204;
k_MGMT(norm)=0.53872;
k_addO(norm)=0.56159;
k_addN(norm)=0.40143;
DSB_72h_fac(norm)=0.68061;
k_DSBO(norm)=0.59512;
k_DSBN(norm)=0.54618;
k_CyA(norm)=0.76855;
fVX(norm)=0.60501;
kf_ATR_MGMT_P(norm)=0.57728;
k_ATR(norm)=0.79516;
K_add(norm)=0.66439;
kd_pATR(norm)=0.64272;
k_Chk1(norm)=0.44862;
C_Chk1(norm)=0.59711;
pChk1_ref12_5_24h(norm)=0.81222;
pChk1_ref100_24h(norm)=0.81111;
pChk1_ref100_48h(norm)=0.87867;
kd_pChk1(norm)=0.27175;
k_cdc25(norm)=0.82011;
K_cdc25(norm)=0.52906;
kf_p53(norm)=0.79865;
k_p53(norm)=0.44283;
K_ATR(norm)=0.63976;
p53ser46_ref50_72h(norm)=0.77680;
kp_ser46(norm)=0.45720;
K_p53(norm)=0.97229;
upAsy(norm)=0.25568;
sness(norm)=0.52874;
k_apop(norm)=0.71967;
tED50(norm)=0.01859;
cell_pop_norm0_Jack_MGMT_P(norm)=0.14524;
k_dis(norm)=0.63085;

%%%%%%%%%

TMZout0_Ka_XTMZ=34.0646805405;
MGMT_P0=2.4355798552;
k_MGMT=40.2417478318;
k_addO=0.0106978105;
k_addN=0.1196465911;
DSB_72h_fac=1.1014383206;
k_DSBO=0.0003211300;
k_DSBN=0.0000401207;
k_CyA=2.4203924356;
fVX=0.0013972339;
kf_ATR_MGMT_P=0.0000107996;
k_ATR=0.0227223518;
K_add=0.0000776030;
kd_pATR=0.0033359567;
k_Chk1=387.8560866047;
C_Chk1=0.7527568388;
pChk1_ref12_5_24h=0.0086209425;
pChk1_ref100_24h=0.0086240944;
pChk1_ref100_48h=0.0107244998;
kd_pChk1=0.0601717922;
k_cdc25=361.0507123457;
K_cdc25=1.2773053953;
kf_p53=0.0008058713;
k_p53=26.6021787744;
K_ATR=0.0003607567;
p53ser46_ref50_72h=0.0006504027;
kp_ser46=3.8189400463;
K_p53=1.1476909862;
upAsy=0.2098460854;
sness=0.0037649227;
k_apop=0.0711757619;
tED50=253.4502843195;
cell_pop_norm0_Jack_MGMT_P=73.7218303805;
k_dis=0.0168983032;

%%%%%%%%%

cost=123.3073427872;

%%%%%%%%%

