TMZout0_Ka_XTMZ(norm)=0.29963;
MGMT_P0(norm)=0.64689;
k_MGMT(norm)=0.42621;
k_addO(norm)=0.61851;
k_addN(norm)=0.72296;
DSB_72h_fac(norm)=0.51571;
k_DSBO(norm)=0.49785;
k_DSBN(norm)=0.82627;
k_CyA(norm)=0.39281;
fVX(norm)=0.00010;
kf_ATR_MGMT_P(norm)=0.75652;
k_ATR(norm)=0.51167;
K_add(norm)=0.40332;
kd_pATR(norm)=0.78052;
k_Chk1(norm)=0.71257;
C_Chk1(norm)=0.84945;
pChk1_ref12_5_24h(norm)=0.24280;
pChk1_ref100_24h(norm)=0.44203;
pChk1_ref100_48h(norm)=0.90879;
kd_pChk1(norm)=0.84393;
k_cdc25(norm)=0.46124;
K_cdc25(norm)=0.39161;
kf_p53(norm)=0.55162;
k_p53(norm)=0.52665;
K_ATR(norm)=0.33882;
p53ser46_ref50_72h(norm)=0.67317;
kp_ser46(norm)=0.40686;
K_p53(norm)=1.00000;
upAsy(norm)=0.45429;
sness(norm)=0.52896;
k_apop(norm)=0.70779;
tED50(norm)=0.32720;
cell_pop_norm0_Jack_MGMT_P(norm)=0.15458;
k_dis(norm)=0.59713;

%%%%%%%%%

TMZout0_Ka_XTMZ=33.2074773037;
MGMT_P0=2.0208789254;
k_MGMT=34.2970504628;
k_addO=0.0104722031;
k_addN=0.1287372854;
DSB_72h_fac=0.9690702564;
k_DSBO=0.0003009190;
k_DSBN=0.0000501917;
k_CyA=1.9904013486;
fVX=0.0007741765;
kf_ATR_MGMT_P=0.0000123677;
k_ATR=0.0231341618;
K_add=0.0000641172;
kd_pATR=0.0039908861;
k_Chk1=449.9047812103;
C_Chk1=0.9494429578;
pChk1_ref12_5_24h=0.0058031226;
pChk1_ref100_24h=0.0068815167;
pChk1_ref100_48h=0.0119141936;
kd_pChk1=0.0947991686;
k_cdc25=229.2550247652;
K_cdc25=1.1190872318;
kf_p53=0.0005742093;
k_p53=35.0326553109;
K_ATR=0.0003822693;
p53ser46_ref50_72h=0.0005051745;
kp_ser46=2.8945185250;
K_p53=0.8758248289;
upAsy=0.2228371595;
sness=0.0036329277;
k_apop=0.0732693101;
tED50=350.8881420509;
cell_pop_norm0_Jack_MGMT_P=73.9678133497;
k_dis=0.0164978529;

%%%%%%%%%

cost=174.9130127241;

%%%%%%%%%

