TMZout0_Ka_XTMZ(norm)=1.00000;
MGMT_P0(norm)=0.41184;
k_MGMT(norm)=0.35087;
k_addO(norm)=0.07074;
k_addN(norm)=0.86759;
DSB_72h_fac(norm)=1.00000;
k_DSBO(norm)=0.83651;
k_DSBN(norm)=0.14312;
k_CyA(norm)=0.70781;
fVX(norm)=0.53046;
kf_ATR_MGMT_P(norm)=0.00010;
k_ATR(norm)=0.52403;
K_add(norm)=0.08396;
kd_pATR(norm)=0.83254;
k_Chk1(norm)=0.40607;
C_Chk1(norm)=1.00000;
pChk1_ref12_5_24h(norm)=0.75716;
pChk1_ref100_24h(norm)=0.00010;
pChk1_ref100_48h(norm)=0.42823;
kd_pChk1(norm)=0.04676;
k_cdc25(norm)=0.00010;
K_cdc25(norm)=0.28197;
kf_p53(norm)=0.98220;
k_p53(norm)=1.00000;
K_ATR(norm)=0.50887;
p53ser46_ref50_72h(norm)=0.76382;
kp_ser46(norm)=0.00010;
K_p53(norm)=0.90815;
upAsy(norm)=1.00000;
sness(norm)=0.84483;
k_apop(norm)=0.52440;
tED50(norm)=0.51040;
cell_pop_norm0_Jack_MGMT_P(norm)=0.81184;
k_dis(norm)=0.49474;

%%%%%%%%%

TMZout0_Ka_XTMZ=39.0000000000;
MGMT_P0=1.7343417249;
k_MGMT=38.4640877906;
k_addO=0.0071606246;
k_addN=0.1925285160;
DSB_72h_fac=1.4000000000;
k_DSBO=0.0003875103;
k_DSBN=0.0000253800;
k_CyA=2.2631682151;
fVX=0.0013463728;
kf_ATR_MGMT_P=0.0000066137;
k_ATR=0.0197374091;
K_add=0.0000458584;
kd_pATR=0.0047823672;
k_Chk1=412.6586997453;
C_Chk1=1.0573793404;
pChk1_ref12_5_24h=0.0088146624;
pChk1_ref100_24h=0.0046517778;
pChk1_ref100_48h=0.0075589981;
kd_pChk1=0.0517361376;
k_cdc25=146.9099469980;
K_cdc25=1.0431962623;
kf_p53=0.0009673583;
k_p53=52.7929398346;
K_ATR=0.0003889066;
p53ser46_ref50_72h=0.0006338263;
kp_ser46=2.3420713618;
K_p53=0.6962289566;
upAsy=0.3580746716;
sness=0.0051880131;
k_apop=0.0605999305;
tED50=349.6939158328;
cell_pop_norm0_Jack_MGMT_P=93.5089230225;
k_dis=0.0150163559;

%%%%%%%%%

cost=100000.0000000000;

%%%%%%%%%

