TMZout0_Ka_XTMZ(norm)=0.77652;
MGMT_P0(norm)=0.27188;
k_MGMT(norm)=0.39455;
k_addO(norm)=0.53510;
k_addN(norm)=0.87558;
DSB_72h_fac(norm)=0.32344;
k_DSBO(norm)=1.00000;
k_DSBN(norm)=0.41597;
k_CyA(norm)=0.00010;
fVX(norm)=0.69436;
kf_ATR_MGMT_P(norm)=0.98766;
k_ATR(norm)=0.90959;
K_add(norm)=0.74803;
kd_pATR(norm)=0.35996;
k_Chk1(norm)=0.78019;
C_Chk1(norm)=0.07140;
pChk1_ref12_5_24h(norm)=0.34672;
pChk1_ref100_24h(norm)=0.70904;
pChk1_ref100_48h(norm)=0.67144;
kd_pChk1(norm)=0.92599;
k_cdc25(norm)=0.71762;
K_cdc25(norm)=0.72995;
kf_p53(norm)=0.35293;
k_p53(norm)=0.05155;
K_ATR(norm)=0.26311;
p53ser46_ref50_72h(norm)=0.25587;
kp_ser46(norm)=0.59111;
K_p53(norm)=0.00010;
upAsy(norm)=0.55603;
sness(norm)=0.00010;
k_apop(norm)=1.00000;
tED50(norm)=0.57037;
cell_pop_norm0_Jack_MGMT_P(norm)=0.25701;
k_dis(norm)=0.48564;

%%%%%%%%%

TMZout0_Ka_XTMZ=37.0495928135;
MGMT_P0=1.5898074559;
k_MGMT=39.9141038410;
k_addO=0.0106126476;
k_addN=0.1938363130;
DSB_72h_fac=0.8557120613;
k_DSBO=0.0004450842;
k_DSBN=0.0000319812;
k_CyA=1.2424989020;
fVX=0.0015469550;
kf_ATR_MGMT_P=0.0000152701;
k_ATR=0.0273630599;
K_add=0.0000804970;
kd_pATR=0.0032043819;
k_Chk1=566.5776478400;
C_Chk1=0.4814217920;
pChk1_ref12_5_24h=0.0062255162;
pChk1_ref100_24h=0.0084819032;
pChk1_ref100_48h=0.0092887740;
kd_pChk1=0.1089755178;
k_cdc25=269.8240718184;
K_cdc25=1.5247974693;
kf_p53=0.0005675847;
k_p53=23.6356662836;
K_ATR=0.0003158000;
p53ser46_ref50_72h=0.0004121509;
kp_ser46=3.8643745681;
K_p53=0.3225607171;
upAsy=0.2458124097;
sness=0.0025360710;
k_apop=0.0906739715;
tED50=367.9211597009;
cell_pop_norm0_Jack_MGMT_P=76.7201471029;
k_dis=0.0149010364;

%%%%%%%%%

cost=285.8082940786;

%%%%%%%%%

