TMZout0_Ka_XTMZ(norm)=0.03951;
MGMT_P0(norm)=0.14268;
k_MGMT(norm)=0.88923;
k_addO(norm)=0.17991;
k_addN(norm)=0.70646;
DSB_72h_fac(norm)=0.60316;
k_DSBO(norm)=0.75458;
k_DSBN(norm)=0.15000;
k_CyA(norm)=0.09616;
fVX(norm)=0.00301;
kf_ATR_MGMT_P(norm)=0.33822;
k_ATR(norm)=0.50899;
K_add(norm)=0.32883;
kd_pATR(norm)=0.35023;
k_Chk1(norm)=0.34480;
C_Chk1(norm)=0.26958;
pChk1_ref12_5_24h(norm)=1.00000;
pChk1_ref100_24h(norm)=0.17451;
pChk1_ref100_48h(norm)=0.64167;
kd_pChk1(norm)=0.99224;
k_cdc25(norm)=0.14108;
K_cdc25(norm)=1.00000;
kf_p53(norm)=0.11212;
k_p53(norm)=0.01009;
K_ATR(norm)=0.11669;
p53ser46_ref50_72h(norm)=0.32307;
kp_ser46(norm)=0.40337;
K_p53(norm)=0.97736;
upAsy(norm)=0.53778;
sness(norm)=0.77008;
k_apop(norm)=0.00010;
tED50(norm)=0.72950;
cell_pop_norm0_Jack_MGMT_P(norm)=0.33714;
k_dis(norm)=0.54437;

%%%%%%%%%

TMZout0_Ka_XTMZ=31.2824922982;
MGMT_P0=1.4914274222;
k_MGMT=50.7734948484;
k_addO=0.0072217491;
k_addN=0.1269505105;
DSB_72h_fac=1.0356338561;
k_DSBO=0.0003740436;
k_DSBN=0.0000282995;
k_CyA=1.5480394546;
fVX=0.0007760882;
kf_ATR_MGMT_P=0.0000086769;
k_ATR=0.0230816644;
K_add=0.0000601951;
kd_pATR=0.0027716035;
k_Chk1=329.4505461723;
C_Chk1=0.5808890582;
pChk1_ref12_5_24h=0.0110228320;
pChk1_ref100_24h=0.0054858357;
pChk1_ref100_48h=0.0095010211;
kd_pChk1=0.1074925720;
k_cdc25=174.7858261898;
K_cdc25=1.8738669030;
kf_p53=0.0003956802;
k_p53=22.6147303028;
K_ATR=0.0003166884;
p53ser46_ref50_72h=0.0003755029;
kp_ser46=2.8859657444;
K_p53=0.8591869218;
upAsy=0.2391731201;
sness=0.0044564017;
k_apop=0.0402262473;
tED50=493.4053577092;
cell_pop_norm0_Jack_MGMT_P=78.9444635142;
k_dis=0.0157765974;

%%%%%%%%%

cost=100000.0000000000;

%%%%%%%%%

