TMZout0_Ka_XTMZ(norm)=0.22138;
MGMT_P0(norm)=0.31654;
k_MGMT(norm)=0.44733;
k_addO(norm)=0.45185;
k_addN(norm)=1.00000;
DSB_72h_fac(norm)=0.38672;
k_DSBO(norm)=0.65926;
k_DSBN(norm)=0.36807;
k_CyA(norm)=0.99932;
fVX(norm)=1.00000;
kf_ATR_MGMT_P(norm)=0.79359;
k_ATR(norm)=0.60345;
K_add(norm)=0.74213;
kd_pATR(norm)=0.79404;
k_Chk1(norm)=0.48100;
C_Chk1(norm)=0.75684;
pChk1_ref12_5_24h(norm)=0.34719;
pChk1_ref100_24h(norm)=0.37176;
pChk1_ref100_48h(norm)=0.65007;
kd_pChk1(norm)=0.63671;
k_cdc25(norm)=0.55888;
K_cdc25(norm)=0.26642;
kf_p53(norm)=0.59973;
k_p53(norm)=0.54275;
K_ATR(norm)=0.44483;
p53ser46_ref50_72h(norm)=0.54505;
kp_ser46(norm)=0.39925;
K_p53(norm)=0.35314;
upAsy(norm)=0.00010;
sness(norm)=0.31397;
k_apop(norm)=0.44038;
tED50(norm)=0.30551;
cell_pop_norm0_Jack_MGMT_P(norm)=0.43737;
k_dis(norm)=0.59259;

%%%%%%%%%

TMZout0_Ka_XTMZ=32.6162126474;
MGMT_P0=1.6345639569;
k_MGMT=41.7398624647;
k_addO=0.0098898789;
k_addN=0.2153875622;
DSB_72h_fac=0.8960352515;
k_DSBO=0.0003334699;
k_DSBN=0.0000307093;
k_CyA=2.8972566196;
fVX=0.0020042231;
kf_ATR_MGMT_P=0.0000129548;
k_ATR=0.0211112404;
K_add=0.0000800958;
kd_pATR=0.0046288861;
k_Chk1=439.7087206102;
C_Chk1=0.8605076719;
pChk1_ref12_5_24h=0.0062279891;
pChk1_ref100_24h=0.0063735600;
pChk1_ref100_48h=0.0091221606;
kd_pChk1=0.0852867721;
k_cdc25=235.8691221137;
K_cdc25=1.0295395613;
kf_p53=0.0006995979;
k_p53=35.8360335799;
K_ATR=0.0003683659;
p53ser46_ref50_72h=0.0005265862;
kp_ser46=3.2845799634;
K_p53=0.4350330816;
upAsy=0.1534735768;
sness=0.0033087026;
k_apop=0.0564358512;
tED50=293.9638531756;
cell_pop_norm0_Jack_MGMT_P=81.8176486882;
k_dis=0.0163143999;

%%%%%%%%%

cost=202.4450511531;

%%%%%%%%%

