TMZout0_Ka_XTMZ(norm)=0.37967;
MGMT_P0(norm)=0.66907;
k_MGMT(norm)=0.76226;
k_addO(norm)=0.56397;
k_addN(norm)=0.47137;
DSB_72h_fac(norm)=0.59702;
k_DSBO(norm)=0.43035;
k_DSBN(norm)=0.40850;
k_CyA(norm)=0.85972;
fVX(norm)=0.75280;
kf_ATR_MGMT_P(norm)=0.58157;
k_ATR(norm)=0.36943;
K_add(norm)=0.55742;
kd_pATR(norm)=0.41759;
k_Chk1(norm)=0.70532;
C_Chk1(norm)=0.59996;
pChk1_ref12_5_24h(norm)=0.55160;
pChk1_ref100_24h(norm)=0.55363;
pChk1_ref100_48h(norm)=0.55776;
kd_pChk1(norm)=0.62093;
k_cdc25(norm)=0.37361;
K_cdc25(norm)=0.59591;
kf_p53(norm)=0.56600;
k_p53(norm)=0.54212;
K_ATR(norm)=0.34800;
p53ser46_ref50_72h(norm)=0.60136;
kp_ser46(norm)=0.73845;
K_p53(norm)=0.53200;
upAsy(norm)=0.16981;
sness(norm)=0.66013;
k_apop(norm)=0.65509;
tED50(norm)=0.12267;
cell_pop_norm0_Jack_MGMT_P(norm)=0.16409;
k_dis(norm)=0.61278;

%%%%%%%%%

TMZout0_Ka_XTMZ=33.8232741937;
MGMT_P0=2.0878604637;
k_MGMT=48.6333034460;
k_addO=0.0107193346;
k_addN=0.1269509266;
DSB_72h_fac=1.0344230109;
k_DSBO=0.0002792868;
k_DSBN=0.0000357031;
k_CyA=2.6147713095;
fVX=0.0015836319;
kf_ATR_MGMT_P=0.0000108389;
k_ATR=0.0158413657;
K_add=0.0000708790;
kd_pATR=0.0027566286;
k_Chk1=482.0928480884;
C_Chk1=0.7545751233;
pChk1_ref12_5_24h=0.0069128246;
pChk1_ref100_24h=0.0069337340;
pChk1_ref100_48h=0.0081712808;
kd_pChk1=0.0808874458;
k_cdc25=247.3224910784;
K_cdc25=1.3517373314;
kf_p53=0.0006616877;
k_p53=28.9371536079;
K_ATR=0.0002817419;
p53ser46_ref50_72h=0.0005605624;
kp_ser46=4.8466189690;
K_p53=0.7903325673;
upAsy=0.1951205812;
sness=0.0042082516;
k_apop=0.0673858333;
tED50=276.8160257143;
cell_pop_norm0_Jack_MGMT_P=74.2190124889;
k_dis=0.0166415058;

%%%%%%%%%

cost=124.2509218466;

%%%%%%%%%

