TMZout0_Ka_XTMZ(norm)=0.33198;
MGMT_P0(norm)=0.57577;
k_MGMT(norm)=0.53121;
k_addO(norm)=0.64646;
k_addN(norm)=0.24074;
DSB_72h_fac(norm)=0.22210;
k_DSBO(norm)=0.60570;
k_DSBN(norm)=0.40644;
k_CyA(norm)=0.66181;
fVX(norm)=0.00010;
kf_ATR_MGMT_P(norm)=0.59700;
k_ATR(norm)=0.74436;
K_add(norm)=0.60795;
kd_pATR(norm)=0.66202;
k_Chk1(norm)=0.72277;
C_Chk1(norm)=0.36923;
pChk1_ref12_5_24h(norm)=0.09702;
pChk1_ref100_24h(norm)=0.39242;
pChk1_ref100_48h(norm)=0.27015;
kd_pChk1(norm)=0.35272;
k_cdc25(norm)=0.45918;
K_cdc25(norm)=0.63500;
kf_p53(norm)=0.63784;
k_p53(norm)=0.45089;
K_ATR(norm)=0.52101;
p53ser46_ref50_72h(norm)=0.39202;
kp_ser46(norm)=0.90571;
K_p53(norm)=0.28248;
upAsy(norm)=0.77829;
sness(norm)=0.63369;
k_apop(norm)=0.31316;
tED50(norm)=0.81935;
cell_pop_norm0_Jack_MGMT_P(norm)=0.44355;
k_dis(norm)=0.69560;

%%%%%%%%%

TMZout0_Ka_XTMZ=33.4549819477;
MGMT_P0=1.9204108838;
k_MGMT=44.8141790698;
k_addO=0.0116628270;
k_addN=0.1131958494;
DSB_72h_fac=0.7948804385;
k_DSBO=0.0003186764;
k_DSBN=0.0000317240;
k_CyA=2.1766474584;
fVX=0.0008590255;
kf_ATR_MGMT_P=0.0000109671;
k_ATR=0.0237883519;
K_add=0.0000714885;
kd_pATR=0.0041389889;
k_Chk1=539.6720480545;
C_Chk1=0.6196136743;
pChk1_ref12_5_24h=0.0050383835;
pChk1_ref100_24h=0.0064860837;
pChk1_ref100_48h=0.0066114340;
kd_pChk1=0.0670468031;
k_cdc25=216.7619980265;
K_cdc25=1.4069354853;
kf_p53=0.0007225547;
k_p53=33.1523973248;
K_ATR=0.0003929281;
p53ser46_ref50_72h=0.0004625484;
kp_ser46=5.0447843299;
K_p53=0.4097519492;
upAsy=0.2967478986;
sness=0.0043381723;
k_apop=0.0506689845;
tED50=454.3338887183;
cell_pop_norm0_Jack_MGMT_P=81.9983913527;
k_dis=0.0178023510;

%%%%%%%%%

cost=249.8776802568;

%%%%%%%%%

