TMZout0_Ka_XTMZ(norm)=1.00000;
MGMT_P0(norm)=0.62850;
k_MGMT(norm)=0.44348;
k_addO(norm)=0.43482;
k_addN(norm)=0.52452;
DSB_72h_fac(norm)=0.38648;
k_DSBO(norm)=0.40671;
k_DSBN(norm)=0.26140;
k_CyA(norm)=0.27579;
fVX(norm)=0.57639;
kf_ATR_MGMT_P(norm)=0.59825;
k_ATR(norm)=0.49499;
K_add(norm)=0.35487;
kd_pATR(norm)=0.35004;
k_Chk1(norm)=0.30756;
C_Chk1(norm)=0.35019;
pChk1_ref12_5_24h(norm)=0.36467;
pChk1_ref100_24h(norm)=0.41177;
pChk1_ref100_48h(norm)=0.39507;
kd_pChk1(norm)=0.90479;
k_cdc25(norm)=1.00000;
K_cdc25(norm)=0.70492;
kf_p53(norm)=0.45895;
k_p53(norm)=0.54490;
K_ATR(norm)=0.25770;
p53ser46_ref50_72h(norm)=0.88248;
kp_ser46(norm)=1.00000;
K_p53(norm)=0.26796;
upAsy(norm)=0.46099;
sness(norm)=0.66844;
k_apop(norm)=0.39026;
tED50(norm)=0.29304;
cell_pop_norm0_Jack_MGMT_P(norm)=0.47027;
k_dis(norm)=0.59256;

%%%%%%%%%

TMZout0_Ka_XTMZ=39.0000000000;
MGMT_P0=1.9844196754;
k_MGMT=41.6038861425;
k_addO=0.0097482037;
k_addN=0.1439642040;
DSB_72h_fac=0.8958749227;
k_DSBO=0.0002692306;
k_DSBN=0.0000280554;
k_CyA=1.5694417360;
fVX=0.0013998013;
kf_ATR_MGMT_P=0.0000109786;
k_ATR=0.0192576471;
K_add=0.0000576907;
kd_pATR=0.0031775635;
k_Chk1=379.6133194960;
C_Chk1=0.6096989121;
pChk1_ref12_5_24h=0.0063209201;
pChk1_ref100_24h=0.0065933218;
pChk1_ref100_48h=0.0073495622;
kd_pChk1=0.1070353905;
k_cdc25=342.7608330462;
K_cdc25=1.4928008633;
kf_p53=0.0006209334;
k_p53=35.9011625810;
K_ATR=0.0003143566;
p53ser46_ref50_72h=0.0007008689;
kp_ser46=5.4643701630;
K_p53=0.4047427685;
upAsy=0.2267933324;
sness=0.0044678028;
k_apop=0.0540896090;
tED50=290.8740357806;
cell_pop_norm0_Jack_MGMT_P=82.7835343612;
k_dis=0.0163140148;

%%%%%%%%%

cost=165.7563070804;

%%%%%%%%%

