TMZout0_Ka_XTMZ(norm)=0.59921;
MGMT_P0(norm)=0.84679;
k_MGMT(norm)=0.68289;
k_addO(norm)=0.51380;
k_addN(norm)=0.34961;
DSB_72h_fac(norm)=0.72004;
k_DSBO(norm)=0.83116;
k_DSBN(norm)=0.92771;
k_CyA(norm)=0.50859;
fVX(norm)=0.59333;
kf_ATR_MGMT_P(norm)=0.62159;
k_ATR(norm)=0.50269;
K_add(norm)=0.72299;
kd_pATR(norm)=0.29453;
k_Chk1(norm)=0.50675;
C_Chk1(norm)=0.59911;
pChk1_ref12_5_24h(norm)=0.60714;
pChk1_ref100_24h(norm)=0.60675;
pChk1_ref100_48h(norm)=0.62780;
kd_pChk1(norm)=0.48373;
k_cdc25(norm)=0.54193;
K_cdc25(norm)=0.64849;
kf_p53(norm)=0.68386;
k_p53(norm)=0.33041;
K_ATR(norm)=0.37450;
p53ser46_ref50_72h(norm)=0.73213;
kp_ser46(norm)=0.70799;
K_p53(norm)=0.04618;
upAsy(norm)=0.19239;
sness(norm)=0.37099;
k_apop(norm)=0.47248;
tED50(norm)=0.21741;
cell_pop_norm0_Jack_MGMT_P(norm)=0.14950;
k_dis(norm)=0.60861;

%%%%%%%%%

TMZout0_Ka_XTMZ=35.5716975808;
MGMT_P0=2.2728633422;
k_MGMT=50.9603251329;
k_addO=0.0104228764;
k_addN=0.1241339997;
DSB_72h_fac=1.1419790491;
k_DSBO=0.0003857565;
k_DSBN=0.0000493405;
k_CyA=1.9116476698;
fVX=0.0014200395;
kf_ATR_MGMT_P=0.0000111980;
k_ATR=0.0193836528;
K_add=0.0000788076;
kd_pATR=0.0030315737;
k_Chk1=449.4049335624;
C_Chk1=0.7528546286;
pChk1_ref12_5_24h=0.0077625324;
pChk1_ref100_24h=0.0077777106;
pChk1_ref100_48h=0.0089516518;
kd_pChk1=0.0749185650;
k_cdc25=232.5049943793;
K_cdc25=1.4231097395;
kf_p53=0.0007512862;
k_p53=29.9351301896;
K_ATR=0.0003470579;
p53ser46_ref50_72h=0.0006170365;
kp_ser46=4.2666363141;
K_p53=0.3354027233;
upAsy=0.1806306008;
sness=0.0034724916;
k_apop=0.0579917865;
tED50=272.8196883751;
cell_pop_norm0_Jack_MGMT_P=73.8338245135;
k_dis=0.0165374020;

%%%%%%%%%

cost=124.0210539100;

%%%%%%%%%

