TMZout0_Ka_XTMZ(norm)=0.55618;
MGMT_P0(norm)=0.74021;
k_MGMT(norm)=0.81963;
k_addO(norm)=0.57029;
k_addN(norm)=0.70217;
DSB_72h_fac(norm)=0.76365;
k_DSBO(norm)=0.59143;
k_DSBN(norm)=0.44030;
k_CyA(norm)=0.39981;
fVX(norm)=0.82567;
kf_ATR_MGMT_P(norm)=0.61902;
k_ATR(norm)=0.44724;
K_add(norm)=0.52683;
kd_pATR(norm)=0.95889;
k_Chk1(norm)=0.78049;
C_Chk1(norm)=0.62064;
pChk1_ref12_5_24h(norm)=0.46216;
pChk1_ref100_24h(norm)=0.47146;
pChk1_ref100_48h(norm)=0.46168;
kd_pChk1(norm)=0.73236;
k_cdc25(norm)=0.98452;
K_cdc25(norm)=0.41701;
kf_p53(norm)=0.35901;
k_p53(norm)=0.23768;
K_ATR(norm)=0.19295;
p53ser46_ref50_72h(norm)=0.38385;
kp_ser46(norm)=0.86499;
K_p53(norm)=0.57326;
upAsy(norm)=0.49187;
sness(norm)=0.64795;
k_apop(norm)=0.52974;
tED50(norm)=0.67897;
cell_pop_norm0_Jack_MGMT_P(norm)=0.14770;
k_dis(norm)=0.57968;

%%%%%%%%%

TMZout0_Ka_XTMZ=35.2220343470;
MGMT_P0=2.1271331357;
k_MGMT=57.2201875681;
k_addO=0.0109338815;
k_addN=0.1673501595;
DSB_72h_fac=1.1787921600;
k_DSBO=0.0003148467;
k_DSBN=0.0000326475;
k_CyA=1.7433384975;
fVX=0.0017290132;
kf_ATR_MGMT_P=0.0000111736;
k_ATR=0.0184939936;
K_add=0.0000667397;
kd_pATR=0.0053227522;
k_Chk1=566.7212063477;
C_Chk1=0.7667187762;
pChk1_ref12_5_24h=0.0068652100;
pChk1_ref100_24h=0.0069353799;
pChk1_ref100_48h=0.0077763095;
kd_pChk1=0.0924866095;
k_cdc25=338.2950244715;
K_cdc25=1.1696615161;
kf_p53=0.0005705172;
k_p53=27.6732777678;
K_ATR=0.0002975725;
p53ser46_ref50_72h=0.0004593587;
kp_ser46=4.8737225342;
K_p53=0.5242270431;
upAsy=0.2328048228;
sness=0.0043909136;
k_apop=0.0608746289;
tED50=403.3821741540;
cell_pop_norm0_Jack_MGMT_P=73.7864076961;
k_dis=0.0161369157;

%%%%%%%%%

cost=123.8117435068;

%%%%%%%%%

