TMZout0_Ka_XTMZ(norm)=0.74374;
MGMT_P0(norm)=0.13981;
k_MGMT(norm)=0.73703;
k_addO(norm)=0.56387;
k_addN(norm)=0.42855;
DSB_72h_fac(norm)=0.26101;
k_DSBO(norm)=0.54654;
k_DSBN(norm)=0.36952;
k_CyA(norm)=0.54785;
fVX(norm)=0.14289;
kf_ATR_MGMT_P(norm)=0.80633;
k_ATR(norm)=0.69451;
K_add(norm)=0.66092;
kd_pATR(norm)=0.64818;
k_Chk1(norm)=0.27251;
C_Chk1(norm)=0.46556;
pChk1_ref12_5_24h(norm)=0.42430;
pChk1_ref100_24h(norm)=0.55069;
pChk1_ref100_48h(norm)=0.56304;
kd_pChk1(norm)=0.19192;
k_cdc25(norm)=0.70802;
K_cdc25(norm)=0.22607;
kf_p53(norm)=0.54462;
k_p53(norm)=0.38948;
K_ATR(norm)=0.60900;
p53ser46_ref50_72h(norm)=0.65583;
kp_ser46(norm)=0.65849;
K_p53(norm)=0.49193;
upAsy(norm)=0.66727;
sness(norm)=0.73895;
k_apop(norm)=0.68425;
tED50(norm)=0.68580;
cell_pop_norm0_Jack_MGMT_P(norm)=0.48966;
k_dis(norm)=0.26563;

%%%%%%%%%

TMZout0_Ka_XTMZ=36.7717696832;
MGMT_P0=1.4888509828;
k_MGMT=44.6305341264;
k_addO=0.0099983910;
k_addN=0.1003161496;
DSB_72h_fac=0.7985981662;
k_DSBO=0.0003135931;
k_DSBN=0.0000340846;
k_CyA=2.2698137663;
fVX=0.0008737412;
kf_ATR_MGMT_P=0.0000129007;
k_ATR=0.0270105546;
K_add=0.0000797559;
kd_pATR=0.0035675614;
k_Chk1=309.8780402176;
C_Chk1=0.6858157051;
pChk1_ref12_5_24h=0.0067678364;
pChk1_ref100_24h=0.0075451901;
pChk1_ref100_48h=0.0088886808;
kd_pChk1=0.0545606907;
k_cdc25=282.5705648582;
K_cdc25=0.9726376640;
kf_p53=0.0005708127;
k_p53=31.1885844712;
K_ATR=0.0004806062;
p53ser46_ref50_72h=0.0004978059;
kp_ser46=3.5823841550;
K_p53=0.5694560145;
upAsy=0.2669068892;
sness=0.0043404104;
k_apop=0.0718226956;
tED50=475.4728246529;
cell_pop_norm0_Jack_MGMT_P=83.3579893668;
k_dis=0.0124578621;

%%%%%%%%%

cost=266.4731765245;

%%%%%%%%%

