TMZout0_Ka_XTMZ(norm)=0.65910;
MGMT_P0(norm)=0.66310;
k_MGMT(norm)=0.72594;
k_addO(norm)=0.58338;
k_addN(norm)=0.94751;
DSB_72h_fac(norm)=0.28131;
k_DSBO(norm)=0.92618;
k_DSBN(norm)=0.20147;
k_CyA(norm)=0.03595;
fVX(norm)=0.39820;
kf_ATR_MGMT_P(norm)=0.78501;
k_ATR(norm)=0.00010;
K_add(norm)=0.92595;
kd_pATR(norm)=0.32752;
k_Chk1(norm)=0.30779;
C_Chk1(norm)=0.92826;
pChk1_ref12_5_24h(norm)=0.00010;
pChk1_ref100_24h(norm)=0.00010;
pChk1_ref100_48h(norm)=0.72151;
kd_pChk1(norm)=0.29162;
k_cdc25(norm)=0.00010;
K_cdc25(norm)=0.16342;
kf_p53(norm)=0.87856;
k_p53(norm)=0.65013;
K_ATR(norm)=0.12431;
p53ser46_ref50_72h(norm)=1.00000;
kp_ser46(norm)=0.21910;
K_p53(norm)=0.00010;
upAsy(norm)=0.30053;
sness(norm)=0.43170;
k_apop(norm)=0.31468;
tED50(norm)=1.00000;
cell_pop_norm0_Jack_MGMT_P(norm)=0.00010;
k_dis(norm)=0.52210;

%%%%%%%%%

TMZout0_Ka_XTMZ=36.0641864626;
MGMT_P0=2.0275646161;
k_MGMT=52.8531968387;
k_addO=0.0110557968;
k_addN=0.2060175147;
DSB_72h_fac=0.8298729191;
k_DSBO=0.0004180968;
k_DSBN=0.0000266664;
k_CyA=1.2808223371;
fVX=0.0012036428;
kf_ATR_MGMT_P=0.0000128610;
k_ATR=0.0126617952;
K_add=0.0000935951;
kd_pATR=0.0031175082;
k_Chk1=379.6888812455;
C_Chk1=0.9950224987;
pChk1_ref12_5_24h=0.0046411643;
pChk1_ref100_24h=0.0046517778;
pChk1_ref100_48h=0.0096913918;
kd_pChk1=0.0636641079;
k_cdc25=146.9099469980;
K_cdc25=0.9434996636;
kf_p53=0.0008860326;
k_p53=39.2492975834;
K_ATR=0.0002807601;
p53ser46_ref50_72h=0.0007742483;
kp_ser46=2.8195942461;
K_p53=0.3225607171;
upAsy=0.1979630409;
sness=0.0036557824;
k_apop=0.0507343479;
tED50=529.4799787438;
cell_pop_norm0_Jack_MGMT_P=70.0024967691;
k_dis=0.0153685683;

%%%%%%%%%

cost=286.0663420847;

%%%%%%%%%

