TMZout0_Ka_XTMZ(norm)=0.47703;
MGMT_P0(norm)=0.86931;
k_MGMT(norm)=0.49299;
k_addO(norm)=0.53826;
k_addN(norm)=0.63133;
DSB_72h_fac(norm)=0.79819;
k_DSBO(norm)=0.81767;
k_DSBN(norm)=0.55193;
k_CyA(norm)=0.22591;
fVX(norm)=0.44380;
kf_ATR_MGMT_P(norm)=0.61345;
k_ATR(norm)=0.56123;
K_add(norm)=0.59442;
kd_pATR(norm)=0.76295;
k_Chk1(norm)=0.66475;
C_Chk1(norm)=0.63408;
pChk1_ref12_5_24h(norm)=0.54105;
pChk1_ref100_24h(norm)=0.54543;
pChk1_ref100_48h(norm)=0.53058;
kd_pChk1(norm)=0.70796;
k_cdc25(norm)=0.60763;
K_cdc25(norm)=0.63718;
kf_p53(norm)=0.78171;
k_p53(norm)=0.50729;
K_ATR(norm)=0.49097;
p53ser46_ref50_72h(norm)=0.79525;
kp_ser46(norm)=0.66782;
K_p53(norm)=0.25002;
upAsy(norm)=0.93823;
sness(norm)=0.68988;
k_apop(norm)=0.60046;
tED50(norm)=0.64603;
cell_pop_norm0_Jack_MGMT_P(norm)=0.16044;
k_dis(norm)=0.59375;

%%%%%%%%%

TMZout0_Ka_XTMZ=34.5878327548;
MGMT_P0=2.3049054888;
k_MGMT=43.3862456196;
k_addO=0.0106411165;
k_addN=0.1576015218;
DSB_72h_fac=1.2087983896;
k_DSBO=0.0003813729;
k_DSBN=0.0000358862;
k_CyA=1.5044899503;
fVX=0.0012510605;
kf_ATR_MGMT_P=0.0000111209;
k_ATR=0.0203694116;
K_add=0.0000706734;
kd_pATR=0.0045085362;
k_Chk1=513.7844634544;
C_Chk1=0.7755013881;
pChk1_ref12_5_24h=0.0073397904;
pChk1_ref100_24h=0.0073839247;
pChk1_ref100_48h=0.0082437650;
kd_pChk1=0.0905938240;
k_cdc25=245.8158180717;
K_cdc25=1.4095372936;
kf_p53=0.0008162263;
k_p53=34.7753650259;
K_ATR=0.0003830514;
p53ser46_ref50_72h=0.0006509347;
kp_ser46=4.1238720600;
K_p53=0.3986360304;
upAsy=0.3398158459;
sness=0.0045497116;
k_apop=0.0646340331;
tED50=392.2789898082;
cell_pop_norm0_Jack_MGMT_P=74.1226576390;
k_dis=0.0163303785;

%%%%%%%%%

cost=123.3385220854;

%%%%%%%%%

