TMZout0_Ka_XTMZ(norm)=0.36770;
MGMT_P0(norm)=0.63654;
k_MGMT(norm)=0.56122;
k_addO(norm)=0.44767;
k_addN(norm)=0.55454;
DSB_72h_fac(norm)=0.63333;
k_DSBO(norm)=0.17841;
k_DSBN(norm)=0.43008;
k_CyA(norm)=0.63327;
fVX(norm)=0.27959;
kf_ATR_MGMT_P(norm)=0.56730;
k_ATR(norm)=0.38961;
K_add(norm)=0.57905;
kd_pATR(norm)=0.59474;
k_Chk1(norm)=0.50257;
C_Chk1(norm)=0.50153;
pChk1_ref12_5_24h(norm)=0.40029;
pChk1_ref100_24h(norm)=0.42192;
pChk1_ref100_48h(norm)=0.69351;
kd_pChk1(norm)=0.37743;
k_cdc25(norm)=0.02396;
K_cdc25(norm)=0.38742;
kf_p53(norm)=0.76455;
k_p53(norm)=0.88709;
K_ATR(norm)=0.16743;
p53ser46_ref50_72h(norm)=0.75458;
kp_ser46(norm)=0.33314;
K_p53(norm)=0.34000;
upAsy(norm)=0.37799;
sness(norm)=0.43508;
k_apop(norm)=0.42857;
tED50(norm)=0.63125;
cell_pop_norm0_Jack_MGMT_P(norm)=0.16258;
k_dis(norm)=0.57605;

%%%%%%%%%

TMZout0_Ka_XTMZ=33.7304877249;
MGMT_P0=2.0512192251;
k_MGMT=41.0162968838;
k_addO=0.0097134900;
k_addN=0.1362196031;
DSB_72h_fac=1.0630146823;
k_DSBO=0.0002256001;
k_DSBN=0.0000363618;
k_CyA=2.1582703515;
fVX=0.0010605295;
kf_ATR_MGMT_P=0.0000107086;
k_ATR=0.0161146078;
K_add=0.0000721902;
kd_pATR=0.0032030778;
k_Chk1=405.9986413649;
C_Chk1=0.6941997345;
pChk1_ref12_5_24h=0.0060810058;
pChk1_ref100_24h=0.0062015624;
pChk1_ref100_48h=0.0091673399;
kd_pChk1=0.0658081385;
k_cdc25=183.9079262216;
K_cdc25=1.1328475873;
kf_p53=0.0007829147;
k_p53=38.7609303773;
K_ATR=0.0002417719;
p53ser46_ref50_72h=0.0006382736;
kp_ser46=3.4379122030;
K_p53=0.6716726298;
upAsy=0.2327608629;
sness=0.0034776780;
k_apop=0.0556176930;
tED50=425.9289820125;
cell_pop_norm0_Jack_MGMT_P=74.1790931435;
k_dis=0.0161316427;

%%%%%%%%%

cost=162.1625650951;

%%%%%%%%%

