TMZout0_Ka_XTMZ(norm)=0.55480;
MGMT_P0(norm)=0.00010;
k_MGMT(norm)=0.88290;
k_addO(norm)=0.52793;
k_addN(norm)=0.85014;
DSB_72h_fac(norm)=0.55548;
k_DSBO(norm)=0.00010;
k_DSBN(norm)=0.16442;
k_CyA(norm)=1.00000;
fVX(norm)=0.08929;
kf_ATR_MGMT_P(norm)=0.94107;
k_ATR(norm)=0.37251;
K_add(norm)=0.68002;
kd_pATR(norm)=0.10682;
k_Chk1(norm)=1.00000;
C_Chk1(norm)=0.00010;
pChk1_ref12_5_24h(norm)=0.51452;
pChk1_ref100_24h(norm)=0.70859;
pChk1_ref100_48h(norm)=0.63811;
kd_pChk1(norm)=0.66899;
k_cdc25(norm)=0.47321;
K_cdc25(norm)=0.77029;
kf_p53(norm)=0.82605;
k_p53(norm)=0.44759;
K_ATR(norm)=0.56463;
p53ser46_ref50_72h(norm)=0.95746;
kp_ser46(norm)=0.64673;
K_p53(norm)=0.82792;
upAsy(norm)=0.00010;
sness(norm)=0.27291;
k_apop(norm)=0.91605;
tED50(norm)=0.27948;
cell_pop_norm0_Jack_MGMT_P(norm)=0.45935;
k_dis(norm)=0.58794;

%%%%%%%%%

TMZout0_Ka_XTMZ=35.2108413849;
MGMT_P0=1.4505888932;
k_MGMT=53.8677367908;
k_addO=0.0103969623;
k_addN=0.1749901662;
DSB_72h_fac=1.0026484620;
k_DSBO=0.0001939667;
k_DSBN=0.0000290328;
k_CyA=2.9447787905;
fVX=0.0009026027;
kf_ATR_MGMT_P=0.0000146984;
k_ATR=0.0158827742;
K_add=0.0000786376;
kd_pATR=0.0021184638;
k_Chk1=618.8241201006;
C_Chk1=0.4539091817;
pChk1_ref12_5_24h=0.0066989958;
pChk1_ref100_24h=0.0079065936;
pChk1_ref100_48h=0.0087469657;
kd_pChk1=0.0842493439;
k_cdc25=269.1005444761;
K_cdc25=1.5669636742;
kf_p53=0.0008247945;
k_p53=26.7097097062;
K_ATR=0.0003385074;
p53ser46_ref50_72h=0.0007579886;
kp_ser46=4.4842064030;
K_p53=1.0155499727;
upAsy=0.1689873208;
sness=0.0030311998;
k_apop=0.0840609965;
tED50=316.1499060347;
cell_pop_norm0_Jack_MGMT_P=82.4616169992;
k_dis=0.0162949700;

%%%%%%%%%

cost=277.0867776087;

%%%%%%%%%

