TMZout0_Ka_XTMZ(norm)=0.48834;
MGMT_P0(norm)=0.67924;
k_MGMT(norm)=0.02588;
k_addO(norm)=0.58276;
k_addN(norm)=0.63911;
DSB_72h_fac(norm)=0.55498;
k_DSBO(norm)=0.50537;
k_DSBN(norm)=0.30686;
k_CyA(norm)=0.44385;
fVX(norm)=0.59457;
kf_ATR_MGMT_P(norm)=0.71854;
k_ATR(norm)=0.11786;
K_add(norm)=0.50216;
kd_pATR(norm)=0.30892;
k_Chk1(norm)=0.30330;
C_Chk1(norm)=0.67001;
pChk1_ref12_5_24h(norm)=0.44451;
pChk1_ref100_24h(norm)=0.50591;
pChk1_ref100_48h(norm)=0.55298;
kd_pChk1(norm)=0.47063;
k_cdc25(norm)=0.31986;
K_cdc25(norm)=0.20080;
kf_p53(norm)=0.38353;
k_p53(norm)=0.89931;
K_ATR(norm)=0.09898;
p53ser46_ref50_72h(norm)=0.24488;
kp_ser46(norm)=0.35721;
K_p53(norm)=0.60293;
upAsy(norm)=0.04284;
sness(norm)=0.51686;
k_apop(norm)=0.57887;
tED50(norm)=0.30743;
cell_pop_norm0_Jack_MGMT_P(norm)=0.01000;
k_dis(norm)=0.57965;

%%%%%%%%%

TMZout0_Ka_XTMZ=34.6777631022;
MGMT_P0=2.0480177595;
k_MGMT=29.2056088415;
k_addO=0.0110500721;
k_addN=0.1586432941;
DSB_72h_fac=1.0127329621;
k_DSBO=0.0002927041;
k_DSBN=0.0000291573;
k_CyA=1.8096174510;
fVX=0.0014215316;
kf_ATR_MGMT_P=0.0000121566;
k_ATR=0.0139902927;
K_add=0.0000653594;
kd_pATR=0.0030687614;
k_Chk1=378.2461656536;
C_Chk1=0.7994704674;
pChk1_ref12_5_24h=0.0067633227;
pChk1_ref100_24h=0.0071407865;
pChk1_ref100_48h=0.0084017523;
kd_pChk1=0.0740912675;
k_cdc25=192.6261511117;
K_cdc25=0.9738673341;
kf_p53=0.0005824944;
k_p53=48.4756935086;
K_ATR=0.0002747994;
p53ser46_ref50_72h=0.0004083323;
kp_ser46=3.1696226453;
K_p53=0.5375761087;
upAsy=0.1591334925;
sness=0.0039293323;
k_apop=0.0634626676;
tED50=294.4428071251;
cell_pop_norm0_Jack_MGMT_P=70.2500940035;
k_dis=0.0161364878;

%%%%%%%%%

cost=198.5949952120;

%%%%%%%%%

