TMZout0_Ka_XTMZ(norm)=0.46983;
MGMT_P0(norm)=0.21239;
k_MGMT(norm)=0.27966;
k_addO(norm)=0.77649;
k_addN(norm)=0.44807;
DSB_72h_fac(norm)=0.43436;
k_DSBO(norm)=0.16618;
k_DSBN(norm)=0.46791;
k_CyA(norm)=0.43830;
fVX(norm)=0.37204;
kf_ATR_MGMT_P(norm)=0.68909;
k_ATR(norm)=0.76372;
K_add(norm)=0.48588;
kd_pATR(norm)=1.00000;
k_Chk1(norm)=0.65239;
C_Chk1(norm)=0.16948;
pChk1_ref12_5_24h(norm)=0.22464;
pChk1_ref100_24h(norm)=0.72961;
pChk1_ref100_48h(norm)=0.55058;
kd_pChk1(norm)=0.58848;
k_cdc25(norm)=0.90547;
K_cdc25(norm)=0.56640;
kf_p53(norm)=0.73915;
k_p53(norm)=0.49880;
K_ATR(norm)=0.60263;
p53ser46_ref50_72h(norm)=0.62553;
kp_ser46(norm)=0.74736;
K_p53(norm)=0.76324;
upAsy(norm)=0.61407;
sness(norm)=0.83261;
k_apop(norm)=0.76312;
tED50(norm)=0.37617;
cell_pop_norm0_Jack_MGMT_P(norm)=0.50836;
k_dis(norm)=0.41845;

%%%%%%%%%

TMZout0_Ka_XTMZ=34.5306744463;
MGMT_P0=1.6053001078;
k_MGMT=31.3302938181;
k_addO=0.0122087220;
k_addN=0.1096347828;
DSB_72h_fac=0.9131753112;
k_DSBO=0.0002269299;
k_DSBN=0.0000358559;
k_CyA=2.1632681876;
fVX=0.0011873412;
kf_ATR_MGMT_P=0.0000118708;
k_ATR=0.0306781197;
K_add=0.0000746431;
kd_pATR=0.0038681418;
k_Chk1=355.1590623015;
C_Chk1=0.5285347234;
pChk1_ref12_5_24h=0.0062775844;
pChk1_ref100_24h=0.0096511454;
pChk1_ref100_48h=0.0102360572;
kd_pChk1=0.0632524970;
k_cdc25=303.2491460567;
K_cdc25=1.3696234375;
kf_p53=0.0006567081;
k_p53=30.3810805257;
K_ATR=0.0004691588;
p53ser46_ref50_72h=0.0004966114;
kp_ser46=3.7989647746;
K_p53=0.7501285938;
upAsy=0.2015563651;
sness=0.0046365278;
k_apop=0.0675588473;
tED50=317.6555066472;
cell_pop_norm0_Jack_MGMT_P=83.9158182807;
k_dis=0.0140109976;

%%%%%%%%%

cost=214.5086165417;

%%%%%%%%%

