TMZout0_Ka_XTMZ(norm)=0.54899;
MGMT_P0(norm)=0.91293;
k_MGMT(norm)=0.62578;
k_addO(norm)=0.64105;
k_addN(norm)=0.89280;
DSB_72h_fac(norm)=0.66070;
k_DSBO(norm)=0.61341;
k_DSBN(norm)=0.29329;
k_CyA(norm)=0.65354;
fVX(norm)=0.16081;
kf_ATR_MGMT_P(norm)=0.59626;
k_ATR(norm)=0.73593;
K_add(norm)=0.64856;
kd_pATR(norm)=0.49968;
k_Chk1(norm)=0.45704;
C_Chk1(norm)=0.62394;
pChk1_ref12_5_24h(norm)=0.50566;
pChk1_ref100_24h(norm)=0.51411;
pChk1_ref100_48h(norm)=0.43500;
kd_pChk1(norm)=0.73561;
k_cdc25(norm)=0.88882;
K_cdc25(norm)=0.56907;
kf_p53(norm)=0.44796;
k_p53(norm)=0.56731;
K_ATR(norm)=0.69183;
p53ser46_ref50_72h(norm)=0.46024;
kp_ser46(norm)=0.54403;
K_p53(norm)=0.87869;
upAsy(norm)=0.19838;
sness(norm)=0.84735;
k_apop(norm)=0.62038;
tED50(norm)=0.14228;
cell_pop_norm0_Jack_MGMT_P(norm)=0.15290;
k_dis(norm)=0.59296;

%%%%%%%%%

TMZout0_Ka_XTMZ=35.1639156757;
MGMT_P0=2.3805276345;
k_MGMT=42.0077801475;
k_addO=0.0108851221;
k_addN=0.1598080811;
DSB_72h_fac=1.0834603853;
k_DSBO=0.0003314816;
k_DSBN=0.0000309245;
k_CyA=2.5960362866;
fVX=0.0009927704;
kf_ATR_MGMT_P=0.0000109728;
k_ATR=0.0299641937;
K_add=0.0000856749;
kd_pATR=0.0025316096;
k_Chk1=300.9789338942;
C_Chk1=0.7767914171;
pChk1_ref12_5_24h=0.0079653313;
pChk1_ref100_24h=0.0080404636;
pChk1_ref100_48h=0.0092811883;
kd_pChk1=0.0716508247;
k_cdc25=299.0027122216;
K_cdc25=1.3727243779;
kf_p53=0.0005131236;
k_p53=32.1967071105;
K_ATR=0.0005059912;
p53ser46_ref50_72h=0.0004317117;
kp_ser46=3.1977594003;
K_p53=0.8272155107;
upAsy=0.1417197437;
sness=0.0046948151;
k_apop=0.0598631625;
tED50=260.5490611651;
cell_pop_norm0_Jack_MGMT_P=73.9235813884;
k_dis=0.0162437688;

%%%%%%%%%

cost=124.0444789591;

%%%%%%%%%

