TMZout0_Ka_XTMZ(norm)=0.20631;
MGMT_P0(norm)=0.98352;
k_MGMT(norm)=0.46084;
k_addO(norm)=0.66605;
k_addN(norm)=0.79475;
DSB_72h_fac(norm)=0.84627;
k_DSBO(norm)=0.68280;
k_DSBN(norm)=0.70577;
k_CyA(norm)=0.23682;
fVX(norm)=0.63839;
kf_ATR_MGMT_P(norm)=0.60796;
k_ATR(norm)=0.50467;
K_add(norm)=0.56745;
kd_pATR(norm)=0.96325;
k_Chk1(norm)=0.70990;
C_Chk1(norm)=0.60682;
pChk1_ref12_5_24h(norm)=0.65101;
pChk1_ref100_24h(norm)=0.65118;
pChk1_ref100_48h(norm)=0.62612;
kd_pChk1(norm)=0.56891;
k_cdc25(norm)=0.11498;
K_cdc25(norm)=0.68647;
kf_p53(norm)=0.57019;
k_p53(norm)=0.55737;
K_ATR(norm)=0.45644;
p53ser46_ref50_72h(norm)=0.58013;
kp_ser46(norm)=0.70076;
K_p53(norm)=0.65709;
upAsy(norm)=0.47156;
sness(norm)=0.55378;
k_apop(norm)=0.65729;
tED50(norm)=0.54240;
cell_pop_norm0_Jack_MGMT_P(norm)=0.16414;
k_dis(norm)=0.61211;

%%%%%%%%%

TMZout0_Ka_XTMZ=32.5035897598;
MGMT_P0=2.4752987158;
k_MGMT=35.3183223240;
k_addO=0.0109026307;
k_addN=0.1368119129;
DSB_72h_fac=1.2456929951;
k_DSBO=0.0003519707;
k_DSBN=0.0000453201;
k_CyA=1.7439728943;
fVX=0.0013295857;
kf_ATR_MGMT_P=0.0000109048;
k_ATR=0.0229972155;
K_add=0.0000736834;
kd_pATR=0.0046591736;
k_Chk1=448.8878370523;
C_Chk1=0.7730185148;
pChk1_ref12_5_24h=0.0082011053;
pChk1_ref100_24h=0.0082157273;
pChk1_ref100_48h=0.0093767159;
kd_pChk1=0.0750939518;
k_cdc25=170.9625000283;
K_cdc25=1.4367028495;
kf_p53=0.0005833184;
k_p53=35.9564770177;
K_ATR=0.0004223289;
p53ser46_ref50_72h=0.0004668782;
kp_ser46=3.7130012634;
K_p53=0.6549899378;
upAsy=0.2261220434;
sness=0.0037101482;
k_apop=0.0702002273;
tED50=421.0719572372;
cell_pop_norm0_Jack_MGMT_P=74.2205357648;
k_dis=0.0167085177;

%%%%%%%%%

cost=122.9278425307;

%%%%%%%%%

