TMZout0_Ka_XTMZ(norm)=0.25539;
MGMT_P0(norm)=1.00000;
k_MGMT(norm)=0.76189;
k_addO(norm)=0.76138;
k_addN(norm)=0.56308;
DSB_72h_fac(norm)=0.36349;
k_DSBO(norm)=0.91955;
k_DSBN(norm)=0.63477;
k_CyA(norm)=0.31304;
fVX(norm)=0.40002;
kf_ATR_MGMT_P(norm)=1.00000;
k_ATR(norm)=0.83686;
K_add(norm)=0.47973;
kd_pATR(norm)=0.58069;
k_Chk1(norm)=0.31370;
C_Chk1(norm)=0.50976;
pChk1_ref12_5_24h(norm)=0.00010;
pChk1_ref100_24h(norm)=0.79993;
pChk1_ref100_48h(norm)=0.81283;
kd_pChk1(norm)=0.54138;
k_cdc25(norm)=0.60180;
K_cdc25(norm)=1.00000;
kf_p53(norm)=0.21257;
k_p53(norm)=0.51626;
K_ATR(norm)=0.61174;
p53ser46_ref50_72h(norm)=0.55307;
kp_ser46(norm)=0.82393;
K_p53(norm)=0.24044;
upAsy(norm)=1.00000;
sness(norm)=0.66750;
k_apop(norm)=0.63917;
tED50(norm)=0.52415;
cell_pop_norm0_Jack_MGMT_P(norm)=0.31988;
k_dis(norm)=0.71280;

%%%%%%%%%

TMZout0_Ka_XTMZ=32.8719074498;
MGMT_P0=2.5000000000;
k_MGMT=48.6180270218;
k_addO=0.0126710477;
k_addN=0.1372091102;
DSB_72h_fac=0.8680245158;
k_DSBO=0.0004227302;
k_DSBN=0.0000432483;
k_CyA=1.6453902112;
fVX=0.0011744560;
kf_ATR_MGMT_P=0.0000154510;
k_ATR=0.0235393869;
K_add=0.0000663634;
kd_pATR=0.0031651739;
k_Chk1=345.9582879082;
C_Chk1=0.6990562508;
pChk1_ref12_5_24h=0.0043322609;
pChk1_ref100_24h=0.0085428478;
pChk1_ref100_48h=0.0101425978;
kd_pChk1=0.0756154253;
k_cdc25=300.0781497192;
K_cdc25=1.9036550126;
kf_p53=0.0004904553;
k_p53=28.3098224906;
K_ATR=0.0003522905;
p53ser46_ref50_72h=0.0005380881;
kp_ser46=5.2106709564;
K_p53=0.6173370704;
upAsy=0.3942703407;
sness=0.0042346198;
k_apop=0.0664829005;
tED50=388.9773037199;
cell_pop_norm0_Jack_MGMT_P=78.4599432670;
k_dis=0.0181132829;

%%%%%%%%%

cost=221.0032504347;

%%%%%%%%%

