TMZout0_Ka_XTMZ(norm)=0.45820;
MGMT_P0(norm)=0.53540;
k_MGMT(norm)=0.72410;
k_addO(norm)=0.67438;
k_addN(norm)=0.81216;
DSB_72h_fac(norm)=0.66196;
k_DSBO(norm)=0.10069;
k_DSBN(norm)=0.36466;
k_CyA(norm)=0.15450;
fVX(norm)=0.06430;
kf_ATR_MGMT_P(norm)=0.60433;
k_ATR(norm)=0.47225;
K_add(norm)=0.52592;
kd_pATR(norm)=0.58827;
k_Chk1(norm)=0.41187;
C_Chk1(norm)=0.11970;
pChk1_ref12_5_24h(norm)=0.37497;
pChk1_ref100_24h(norm)=0.38786;
pChk1_ref100_48h(norm)=0.49101;
kd_pChk1(norm)=0.33847;
k_cdc25(norm)=0.76290;
K_cdc25(norm)=0.46603;
kf_p53(norm)=0.42138;
k_p53(norm)=0.61364;
K_ATR(norm)=0.01751;
p53ser46_ref50_72h(norm)=0.77541;
kp_ser46(norm)=0.39357;
K_p53(norm)=0.29179;
upAsy(norm)=0.34378;
sness(norm)=0.66128;
k_apop(norm)=0.58183;
tED50(norm)=0.35587;
cell_pop_norm0_Jack_MGMT_P(norm)=0.41413;
k_dis(norm)=0.60311;

%%%%%%%%%

TMZout0_Ka_XTMZ=34.4386118090;
MGMT_P0=1.9251160607;
k_MGMT=45.6570537545;
k_addO=0.0111969051;
k_addN=0.1492528839;
DSB_72h_fac=1.0844881571;
k_DSBO=0.0002146802;
k_DSBN=0.0000328523;
k_CyA=1.7008860979;
fVX=0.0009148167;
kf_ATR_MGMT_P=0.0000110481;
k_ATR=0.0239648690;
K_add=0.0000772188;
kd_pATR=0.0027289581;
k_Chk1=289.6774542691;
C_Chk1=0.5067057086;
pChk1_ref12_5_24h=0.0071303322;
pChk1_ref100_24h=0.0072247688;
pChk1_ref100_48h=0.0097322086;
kd_pChk1=0.0511778274;
k_cdc25=268.7433630900;
K_cdc25=1.2579600868;
kf_p53=0.0005016940;
k_p53=33.4858488643;
K_ATR=0.0002857641;
p53ser46_ref50_72h=0.0005638571;
kp_ser46=2.8149942402;
K_p53=0.5030989970;
upAsy=0.1603014290;
sness=0.0040100231;
k_apop=0.0579394461;
tED50=312.2374560485;
cell_pop_norm0_Jack_MGMT_P=81.1424690717;
k_dis=0.0163841147;

%%%%%%%%%

cost=174.6451609995;

%%%%%%%%%

