TMZout0_Ka_XTMZ(norm)=0.56476;
MGMT_P0(norm)=0.90562;
k_MGMT(norm)=0.79037;
k_addO(norm)=0.24180;
k_addN(norm)=0.54636;
DSB_72h_fac(norm)=0.74119;
k_DSBO(norm)=1.00000;
k_DSBN(norm)=0.61197;
k_CyA(norm)=0.44307;
fVX(norm)=0.13663;
kf_ATR_MGMT_P(norm)=0.61472;
k_ATR(norm)=0.51483;
K_add(norm)=0.90189;
kd_pATR(norm)=0.42363;
k_Chk1(norm)=0.85325;
C_Chk1(norm)=0.81348;
pChk1_ref12_5_24h(norm)=0.68973;
pChk1_ref100_24h(norm)=0.77322;
pChk1_ref100_48h(norm)=0.65688;
kd_pChk1(norm)=0.53420;
k_cdc25(norm)=0.48284;
K_cdc25(norm)=0.36228;
kf_p53(norm)=0.45737;
k_p53(norm)=0.59699;
K_ATR(norm)=0.41881;
p53ser46_ref50_72h(norm)=0.83475;
kp_ser46(norm)=0.63521;
K_p53(norm)=0.55339;
upAsy(norm)=0.36872;
sness(norm)=0.54409;
k_apop(norm)=0.76522;
tED50(norm)=0.79498;
cell_pop_norm0_Jack_MGMT_P(norm)=0.00010;
k_dis(norm)=0.32069;

%%%%%%%%%

TMZout0_Ka_XTMZ=35.2914909761;
MGMT_P0=2.3428416351;
k_MGMT=60.4640145572;
k_addO=0.0077360042;
k_addN=0.1395412568;
DSB_72h_fac=1.1349201884;
k_DSBO=0.0005201897;
k_DSBN=0.0000362282;
k_CyA=2.4594250443;
fVX=0.0009943032;
kf_ATR_MGMT_P=0.0000111833;
k_ATR=0.0265600101;
K_add=0.0001183007;
kd_pATR=0.0017307311;
k_Chk1=400.0171073150;
C_Chk1=0.9159785117;
pChk1_ref12_5_24h=0.0096565208;
pChk1_ref100_24h=0.0104253987;
pChk1_ref100_48h=0.0114176897;
kd_pChk1=0.0583628807;
k_cdc25=194.3793612409;
K_cdc25=1.1317887629;
kf_p53=0.0004229722;
k_p53=30.8692661177;
K_ATR=0.0004224203;
p53ser46_ref50_72h=0.0004765007;
kp_ser46=3.2238492025;
K_p53=0.5687168994;
upAsy=0.2342220950;
sness=0.0051882060;
k_apop=0.0718778466;
tED50=493.9936528949;
cell_pop_norm0_Jack_MGMT_P=70.0024967691;
k_dis=0.0125533460;

%%%%%%%%%

cost=309.8393821156;

%%%%%%%%%

