TMZout0_Ka_XTMZ(norm)=0.65182;
MGMT_P0(norm)=0.70803;
k_MGMT(norm)=0.91745;
k_addO(norm)=0.67704;
k_addN(norm)=0.63997;
DSB_72h_fac(norm)=0.60959;
k_DSBO(norm)=0.73295;
k_DSBN(norm)=0.42852;
k_CyA(norm)=0.17789;
fVX(norm)=0.56276;
kf_ATR_MGMT_P(norm)=0.71942;
k_ATR(norm)=0.50122;
K_add(norm)=0.52880;
kd_pATR(norm)=0.68491;
k_Chk1(norm)=0.00010;
C_Chk1(norm)=0.56606;
pChk1_ref12_5_24h(norm)=0.44883;
pChk1_ref100_24h(norm)=0.53415;
pChk1_ref100_48h(norm)=0.90931;
kd_pChk1(norm)=0.13229;
k_cdc25(norm)=0.76310;
K_cdc25(norm)=0.19632;
kf_p53(norm)=0.43308;
k_p53(norm)=0.27645;
K_ATR(norm)=0.07125;
p53ser46_ref50_72h(norm)=0.98559;
kp_ser46(norm)=0.39542;
K_p53(norm)=0.76425;
upAsy(norm)=0.29632;
sness(norm)=0.21611;
k_apop(norm)=0.34257;
tED50(norm)=0.84144;
cell_pop_norm0_Jack_MGMT_P(norm)=0.07124;
k_dis(norm)=0.54313;

%%%%%%%%%

TMZout0_Ka_XTMZ=36.0039486888;
MGMT_P0=2.0849989008;
k_MGMT=62.1644843093;
k_addO=0.0119689402;
k_addN=0.1587590219;
DSB_72h_fac=1.0537867480;
k_DSBO=0.0003549563;
k_DSBN=0.0000323233;
k_CyA=1.4445005702;
fVX=0.0013837350;
kf_ATR_MGMT_P=0.0000121657;
k_ATR=0.0193595274;
K_add=0.0000668513;
kd_pATR=0.0042200425;
k_Chk1=292.5525408855;
C_Chk1=0.7320683310;
pChk1_ref12_5_24h=0.0067881064;
pChk1_ref100_24h=0.0073136882;
pChk1_ref100_48h=0.0113629697;
kd_pChk1=0.0556246638;
k_cdc25=280.4248219901;
K_cdc25=0.9701715716;
kf_p53=0.0006074708;
k_p53=28.5972782923;
K_ATR=0.0002684183;
p53ser46_ref50_72h=0.0007648553;
kp_ser46=3.2739342529;
K_p53=0.6163134233;
upAsy=0.1972589477;
sness=0.0030454340;
k_apop=0.0519472389;
tED50=462.9169776269;
cell_pop_norm0_Jack_MGMT_P=71.8015715036;
k_dis=0.0156448030;

%%%%%%%%%

cost=209.8413802461;

%%%%%%%%%

