TMZout0_Ka_XTMZ(norm)=0.86380;
MGMT_P0(norm)=0.99863;
k_MGMT(norm)=0.33354;
k_addO(norm)=0.57483;
k_addN(norm)=0.88901;
DSB_72h_fac(norm)=0.61760;
k_DSBO(norm)=0.76850;
k_DSBN(norm)=0.74663;
k_CyA(norm)=0.71487;
fVX(norm)=0.22536;
kf_ATR_MGMT_P(norm)=0.59129;
k_ATR(norm)=0.33165;
K_add(norm)=0.72332;
kd_pATR(norm)=0.21841;
k_Chk1(norm)=0.87077;
C_Chk1(norm)=0.59781;
pChk1_ref12_5_24h(norm)=0.63124;
pChk1_ref100_24h(norm)=0.68803;
pChk1_ref100_48h(norm)=0.67625;
kd_pChk1(norm)=0.58831;
k_cdc25(norm)=0.57867;
K_cdc25(norm)=0.61508;
kf_p53(norm)=0.74334;
k_p53(norm)=0.25959;
K_ATR(norm)=0.20919;
p53ser46_ref50_72h(norm)=0.72745;
kp_ser46(norm)=0.75777;
K_p53(norm)=0.70779;
upAsy(norm)=0.44775;
sness(norm)=0.81357;
k_apop(norm)=0.72007;
tED50(norm)=0.14780;
cell_pop_norm0_Jack_MGMT_P(norm)=0.18391;
k_dis(norm)=0.61189;

%%%%%%%%%

TMZout0_Ka_XTMZ=37.7994463830;
MGMT_P0=2.4979345057;
k_MGMT=31.7069387064;
k_addO=0.0100916767;
k_addN=0.1481869752;
DSB_72h_fac=1.0470571973;
k_DSBO=0.0003784823;
k_DSBN=0.0000469166;
k_CyA=2.6148808737;
fVX=0.0009369821;
kf_ATR_MGMT_P=0.0000107519;
k_ATR=0.0198614705;
K_add=0.0000840864;
kd_pATR=0.0024786984;
k_Chk1=514.4405408772;
C_Chk1=0.7671343446;
pChk1_ref12_5_24h=0.0080649014;
pChk1_ref100_24h=0.0084763392;
pChk1_ref100_48h=0.0097835336;
kd_pChk1=0.0763380725;
k_cdc25=253.2375614349;
K_cdc25=1.3523788572;
kf_p53=0.0006754886;
k_p53=27.9383615345;
K_ATR=0.0003425054;
p53ser46_ref50_72h=0.0005289504;
kp_ser46=3.8967434762;
K_p53=0.6837374181;
upAsy=0.2216060753;
sness=0.0046236907;
k_apop=0.0740356481;
tED50=301.4063813482;
cell_pop_norm0_Jack_MGMT_P=74.7457288322;
k_dis=0.0167054520;

%%%%%%%%%

cost=124.5044763037;

%%%%%%%%%

