TMZout0_Ka_XTMZ(norm)=0.17738;
MGMT_P0(norm)=0.70040;
k_MGMT(norm)=1.00000;
k_addO(norm)=0.63235;
k_addN(norm)=0.96215;
DSB_72h_fac(norm)=0.48673;
k_DSBO(norm)=0.85567;
k_DSBN(norm)=0.54607;
k_CyA(norm)=0.48380;
fVX(norm)=0.41871;
kf_ATR_MGMT_P(norm)=0.67523;
k_ATR(norm)=0.96345;
K_add(norm)=0.79121;
kd_pATR(norm)=0.44128;
k_Chk1(norm)=0.67704;
C_Chk1(norm)=0.70169;
pChk1_ref12_5_24h(norm)=0.33373;
pChk1_ref100_24h(norm)=0.60939;
pChk1_ref100_48h(norm)=0.55400;
kd_pChk1(norm)=0.28925;
k_cdc25(norm)=0.73128;
K_cdc25(norm)=0.47414;
kf_p53(norm)=0.77967;
k_p53(norm)=0.00010;
K_ATR(norm)=0.44340;
p53ser46_ref50_72h(norm)=0.66902;
kp_ser46(norm)=0.61572;
K_p53(norm)=0.12251;
upAsy(norm)=0.64760;
sness(norm)=0.17528;
k_apop(norm)=0.82838;
tED50(norm)=0.23132;
cell_pop_norm0_Jack_MGMT_P(norm)=0.41734;
k_dis(norm)=0.49176;

%%%%%%%%%

TMZout0_Ka_XTMZ=32.2884369056;
MGMT_P0=2.0751377358;
k_MGMT=66.6683225466;
k_addO=0.0115242548;
k_addN=0.2085893001;
DSB_72h_fac=0.9636720584;
k_DSBO=0.0003938516;
k_DSBN=0.0000357084;
k_CyA=1.8719207322;
fVX=0.0012247463;
kf_ATR_MGMT_P=0.0000117186;
k_ATR=0.0286408652;
K_add=0.0000834972;
kd_pATR=0.0034329458;
k_Chk1=519.1588305895;
C_Chk1=0.8212231463;
pChk1_ref12_5_24h=0.0061573570;
pChk1_ref100_24h=0.0077951331;
pChk1_ref100_48h=0.0084090351;
kd_pChk1=0.0635367089;
k_cdc25=272.9661953965;
K_cdc25=1.2276718896;
kf_p53=0.0008148190;
k_p53=22.6274627823;
K_ATR=0.0003679193;
p53ser46_ref50_72h=0.0005849058;
kp_ser46=3.9457832732;
K_p53=0.3578130234;
upAsy=0.2656430457;
sness=0.0029418751;
k_apop=0.0784028125;
tED50=276.0531025374;
cell_pop_norm0_Jack_MGMT_P=81.2352170828;
k_dis=0.0149784276;

%%%%%%%%%

cost=205.5527885201;

%%%%%%%%%

