TMZout0_Ka_XTMZ(norm)=0.00010;
MGMT_P0(norm)=0.70019;
k_MGMT(norm)=0.87456;
k_addO(norm)=0.15862;
k_addN(norm)=0.24729;
DSB_72h_fac(norm)=0.31280;
k_DSBO(norm)=0.66932;
k_DSBN(norm)=0.42025;
k_CyA(norm)=0.35485;
fVX(norm)=0.12500;
kf_ATR_MGMT_P(norm)=0.71155;
k_ATR(norm)=0.80823;
K_add(norm)=0.24262;
kd_pATR(norm)=0.66007;
k_Chk1(norm)=0.59647;
C_Chk1(norm)=0.48809;
pChk1_ref12_5_24h(norm)=0.00010;
pChk1_ref100_24h(norm)=0.30362;
pChk1_ref100_48h(norm)=0.35891;
kd_pChk1(norm)=0.75574;
k_cdc25(norm)=0.68749;
K_cdc25(norm)=1.00000;
kf_p53(norm)=0.50194;
k_p53(norm)=0.83933;
K_ATR(norm)=0.31478;
p53ser46_ref50_72h(norm)=0.68696;
kp_ser46(norm)=0.55255;
K_p53(norm)=0.46500;
upAsy(norm)=0.53998;
sness(norm)=0.00010;
k_apop(norm)=0.75331;
tED50(norm)=0.24676;
cell_pop_norm0_Jack_MGMT_P(norm)=0.99385;
k_dis(norm)=0.32955;

%%%%%%%%%

TMZout0_Ka_XTMZ=31.0007116889;
MGMT_P0=2.0748598772;
k_MGMT=59.9461750232;
k_addO=0.0077141735;
k_addN=0.1138256220;
DSB_72h_fac=0.8491082276;
k_DSBO=0.0003363253;
k_DSBN=0.0000320975;
k_CyA=1.6781638753;
fVX=0.0009549165;
kf_ATR_MGMT_P=0.0000120849;
k_ATR=0.0251113435;
K_add=0.0000524567;
kd_pATR=0.0041321860;
k_Chk1=484.9042674170;
C_Chk1=0.6852651573;
pChk1_ref12_5_24h=0.0046411643;
pChk1_ref100_24h=0.0060159803;
pChk1_ref100_48h=0.0071278275;
kd_pChk1=0.0943371130;
k_cdc25=263.0245228363;
K_cdc25=1.9168368689;
kf_p53=0.0006439681;
k_p53=46.0738467352;
K_ATR=0.0003299326;
p53ser46_ref50_72h=0.0005938690;
kp_ser46=3.7401389183;
K_p53=0.4782814941;
upAsy=0.2424915408;
sness=0.0025360710;
k_apop=0.0735710520;
tED50=279.6893423865;
cell_pop_norm0_Jack_MGMT_P=99.7807526865;
k_dis=0.0130550558;

%%%%%%%%%

cost=448.7557595657;

%%%%%%%%%

