TMZout0_Ka_XTMZ(norm)=0.22803;
MGMT_P0(norm)=0.74644;
k_MGMT(norm)=0.67790;
k_addO(norm)=1.00000;
k_addN(norm)=0.73544;
DSB_72h_fac(norm)=0.62577;
k_DSBO(norm)=0.85760;
k_DSBN(norm)=0.07320;
k_CyA(norm)=0.16015;
fVX(norm)=1.00000;
kf_ATR_MGMT_P(norm)=0.55227;
k_ATR(norm)=0.60974;
K_add(norm)=0.87897;
kd_pATR(norm)=0.49387;
k_Chk1(norm)=0.61070;
C_Chk1(norm)=1.00000;
pChk1_ref12_5_24h(norm)=0.37052;
pChk1_ref100_24h(norm)=0.13928;
pChk1_ref100_48h(norm)=0.22675;
kd_pChk1(norm)=0.00010;
k_cdc25(norm)=0.65480;
K_cdc25(norm)=0.00010;
kf_p53(norm)=0.66906;
k_p53(norm)=0.00010;
K_ATR(norm)=0.34960;
p53ser46_ref50_72h(norm)=1.00000;
kp_ser46(norm)=1.00000;
K_p53(norm)=0.26639;
upAsy(norm)=0.22019;
sness(norm)=0.57202;
k_apop(norm)=0.30937;
tED50(norm)=0.07178;
cell_pop_norm0_Jack_MGMT_P(norm)=0.22346;
k_dis(norm)=0.00695;

%%%%%%%%%

TMZout0_Ka_XTMZ=32.6660711061;
MGMT_P0=2.1353969065;
k_MGMT=50.7453156681;
k_addO=0.0157361294;
k_addN=0.1721349498;
DSB_72h_fac=1.0662711837;
k_DSBO=0.0003944971;
k_DSBN=0.0000239203;
k_CyA=1.4229503951;
fVX=0.0020042231;
kf_ATR_MGMT_P=0.0000105592;
k_ATR=0.0212241095;
K_add=0.0000899420;
kd_pATR=0.0035893844;
k_Chk1=490.7855554688;
C_Chk1=1.0573793404;
pChk1_ref12_5_24h=0.0063523087;
pChk1_ref100_24h=0.0052340092;
pChk1_ref100_48h=0.0063727200;
kd_pChk1=0.0497305343;
k_cdc25=255.8375353673;
K_cdc25=0.8215711239;
kf_p53=0.0007419250;
k_p53=22.6274627823;
K_ATR=0.0003398115;
p53ser46_ref50_72h=0.0007742483;
kp_ser46=5.4643701630;
K_p53=0.4042028834;
upAsy=0.1849353152;
sness=0.0041173376;
k_apop=0.0505065415;
tED50=241.1487610480;
cell_pop_norm0_Jack_MGMT_P=75.8076601108;
k_dis=0.0099327380;

%%%%%%%%%

cost=100000.0000000000;

%%%%%%%%%

