TMZout0_Ka_XTMZ(norm)=0.91196;
MGMT_P0(norm)=0.87046;
k_MGMT(norm)=0.00010;
k_addO(norm)=0.23295;
k_addN(norm)=0.16680;
DSB_72h_fac(norm)=0.31415;
k_DSBO(norm)=0.50686;
k_DSBN(norm)=0.62745;
k_CyA(norm)=0.68474;
fVX(norm)=0.69168;
kf_ATR_MGMT_P(norm)=0.54217;
k_ATR(norm)=0.60211;
K_add(norm)=0.50935;
kd_pATR(norm)=0.27880;
k_Chk1(norm)=0.57084;
C_Chk1(norm)=0.58095;
pChk1_ref12_5_24h(norm)=0.07501;
pChk1_ref100_24h(norm)=0.52751;
pChk1_ref100_48h(norm)=0.51299;
kd_pChk1(norm)=0.53816;
k_cdc25(norm)=0.60920;
K_cdc25(norm)=0.74375;
kf_p53(norm)=0.45912;
k_p53(norm)=0.49643;
K_ATR(norm)=0.43427;
p53ser46_ref50_72h(norm)=0.71263;
kp_ser46(norm)=0.68440;
K_p53(norm)=0.64246;
upAsy(norm)=0.40354;
sness(norm)=0.61655;
k_apop(norm)=0.75382;
tED50(norm)=0.39129;
cell_pop_norm0_Jack_MGMT_P(norm)=0.28325;
k_dis(norm)=0.29509;

%%%%%%%%%

TMZout0_Ka_XTMZ=38.2196152183;
MGMT_P0=2.3065533002;
k_MGMT=28.5745592480;
k_addO=0.0082156195;
k_addN=0.1063219969;
DSB_72h_fac=0.8499442048;
k_DSBO=0.0002930742;
k_DSBN=0.0000382575;
k_CyA=2.2193577523;
fVX=0.0015434446;
kf_ATR_MGMT_P=0.0000104692;
k_ATR=0.0210872564;
K_add=0.0000657585;
kd_pATR=0.0029914455;
k_Chk1=474.4843522254;
C_Chk1=0.7413630368;
pChk1_ref12_5_24h=0.0049453133;
pChk1_ref100_24h=0.0072726888;
pChk1_ref100_48h=0.0081218580;
kd_pChk1=0.0784544048;
k_cdc25=246.1428976704;
K_cdc25=1.5427402586;
kf_p53=0.0006210216;
k_p53=34.4566777671;
K_ATR=0.0003650857;
p53ser46_ref50_72h=0.0006069258;
kp_ser46=4.1822111253;
K_p53=0.5558870641;
upAsy=0.2160176490;
sness=0.0042756429;
k_apop=0.0736029061;
tED50=316.1234147323;
cell_pop_norm0_Jack_MGMT_P=77.4416588279;
k_dis=0.0126794238;

%%%%%%%%%

cost=219.4535232019;

%%%%%%%%%

