TMZout0_Ka_XTMZ(norm)=0.93079;
MGMT_P0(norm)=0.47764;
k_MGMT(norm)=0.08762;
k_addO(norm)=0.58077;
k_addN(norm)=0.23061;
DSB_72h_fac(norm)=0.18279;
k_DSBO(norm)=0.20725;
k_DSBN(norm)=0.50060;
k_CyA(norm)=1.00000;
fVX(norm)=1.00000;
kf_ATR_MGMT_P(norm)=0.69027;
k_ATR(norm)=0.70127;
K_add(norm)=0.58811;
kd_pATR(norm)=0.67929;
k_Chk1(norm)=0.86348;
C_Chk1(norm)=0.47010;
pChk1_ref12_5_24h(norm)=0.93409;
pChk1_ref100_24h(norm)=1.00000;
pChk1_ref100_48h(norm)=0.78259;
kd_pChk1(norm)=0.20300;
k_cdc25(norm)=0.00010;
K_cdc25(norm)=0.22315;
kf_p53(norm)=0.65509;
k_p53(norm)=0.68483;
K_ATR(norm)=0.53920;
p53ser46_ref50_72h(norm)=0.73890;
kp_ser46(norm)=0.81285;
K_p53(norm)=0.59617;
upAsy(norm)=0.53852;
sness(norm)=0.55708;
k_apop(norm)=0.68936;
tED50(norm)=0.35661;
cell_pop_norm0_Jack_MGMT_P(norm)=0.33563;
k_dis(norm)=0.62434;

%%%%%%%%%

TMZout0_Ka_XTMZ=38.3852362957;
MGMT_P0=1.7453448040;
k_MGMT=33.3349399855;
k_addO=0.0103098202;
k_addN=0.1067855414;
DSB_72h_fac=0.7215766371;
k_DSBO=0.0002657336;
k_DSBN=0.0000329658;
k_CyA=3.9424770795;
fVX=0.0020664155;
kf_ATR_MGMT_P=0.0000119225;
k_ATR=0.0311053207;
K_add=0.0000906819;
kd_pATR=0.0021493363;
k_Chk1=403.4966510954;
C_Chk1=0.6847495401;
pChk1_ref12_5_24h=0.0118778889;
pChk1_ref100_24h=0.0126339952;
pChk1_ref100_48h=0.0127009683;
kd_pChk1=0.0440822952;
k_cdc25=129.1256929820;
K_cdc25=1.0059386128;
kf_p53=0.0005001117;
k_p53=33.2542106483;
K_ATR=0.0004677852;
p53ser46_ref50_72h=0.0004393347;
kp_ser46=3.7474955958;
K_p53=0.5897118794;
upAsy=0.2704656749;
sness=0.0052456293;
k_apop=0.0674029920;
tED50=340.7294421608;
cell_pop_norm0_Jack_MGMT_P=78.9019607553;
k_dis=0.0162365473;

%%%%%%%%%

cost=182.8510314588;

%%%%%%%%%

