TMZout0_Ka_XTMZ(norm)=0.35641;
MGMT_P0(norm)=0.68206;
k_MGMT(norm)=0.45133;
k_addO(norm)=0.47943;
k_addN(norm)=0.36269;
DSB_72h_fac(norm)=0.21320;
k_DSBO(norm)=0.36500;
k_DSBN(norm)=0.34271;
k_CyA(norm)=0.29738;
fVX(norm)=0.00010;
kf_ATR_MGMT_P(norm)=0.86332;
k_ATR(norm)=0.69170;
K_add(norm)=0.25720;
kd_pATR(norm)=0.49279;
k_Chk1(norm)=0.59963;
C_Chk1(norm)=0.16300;
pChk1_ref12_5_24h(norm)=0.59143;
pChk1_ref100_24h(norm)=0.61535;
pChk1_ref100_48h(norm)=0.62254;
kd_pChk1(norm)=0.30412;
k_cdc25(norm)=0.43625;
K_cdc25(norm)=0.06602;
kf_p53(norm)=0.62886;
k_p53(norm)=0.26854;
K_ATR(norm)=0.40142;
p53ser46_ref50_72h(norm)=0.53778;
kp_ser46(norm)=0.65430;
K_p53(norm)=0.79579;
upAsy(norm)=0.51970;
sness(norm)=0.74038;
k_apop(norm)=0.45821;
tED50(norm)=0.50909;
cell_pop_norm0_Jack_MGMT_P(norm)=0.15685;
k_dis(norm)=0.63285;

%%%%%%%%%

TMZout0_Ka_XTMZ=33.6431299451;
MGMT_P0=2.0906405721;
k_MGMT=36.2355862886;
k_addO=0.0094920066;
k_addN=0.1019832955;
DSB_72h_fac=0.7726779064;
k_DSBO=0.0002685670;
k_DSBN=0.0000322471;
k_CyA=1.9197901089;
fVX=0.0008663821;
kf_ATR_MGMT_P=0.0000137591;
k_ATR=0.0288619303;
K_add=0.0000614954;
kd_pATR=0.0025168620;
k_Chk1=339.6298286477;
C_Chk1=0.5256436857;
pChk1_ref12_5_24h=0.0085657382;
pChk1_ref100_24h=0.0087605563;
pChk1_ref100_48h=0.0108796265;
kd_pChk1=0.0497097946;
k_cdc25=203.7693397133;
K_cdc25=0.8963407313;
kf_p53=0.0005981185;
k_p53=24.9960212994;
K_ATR=0.0003956220;
p53ser46_ref50_72h=0.0004610260;
kp_ser46=3.5109354670;
K_p53=0.7711017739;
upAsy=0.1860680268;
sness=0.0042880217;
k_apop=0.0521773841;
tED50=355.5234174610;
cell_pop_norm0_Jack_MGMT_P=74.0277408696;
k_dis=0.0168022177;

%%%%%%%%%

cost=221.0572337391;

%%%%%%%%%

