TMZout0_Ka_XTMZ(norm)=0.26184;
MGMT_P0(norm)=0.66642;
k_MGMT(norm)=0.41512;
k_addO(norm)=0.92574;
k_addN(norm)=0.38585;
DSB_72h_fac(norm)=0.35418;
k_DSBO(norm)=0.31822;
k_DSBN(norm)=0.45268;
k_CyA(norm)=0.62405;
fVX(norm)=0.23336;
kf_ATR_MGMT_P(norm)=0.73090;
k_ATR(norm)=0.40106;
K_add(norm)=0.39602;
kd_pATR(norm)=0.51688;
k_Chk1(norm)=0.60522;
C_Chk1(norm)=0.17104;
pChk1_ref12_5_24h(norm)=0.10746;
pChk1_ref100_24h(norm)=0.38258;
pChk1_ref100_48h(norm)=0.36435;
kd_pChk1(norm)=0.43009;
k_cdc25(norm)=0.41165;
K_cdc25(norm)=0.42597;
kf_p53(norm)=0.67872;
k_p53(norm)=0.64797;
K_ATR(norm)=0.45991;
p53ser46_ref50_72h(norm)=0.66565;
kp_ser46(norm)=0.34088;
K_p53(norm)=0.71116;
upAsy(norm)=0.41518;
sness(norm)=0.72652;
k_apop(norm)=0.78872;
tED50(norm)=0.54467;
cell_pop_norm0_Jack_MGMT_P(norm)=0.78230;
k_dis(norm)=0.52575;

%%%%%%%%%

TMZout0_Ka_XTMZ=32.9206294318;
MGMT_P0=2.0317575617;
k_MGMT=40.6160780818;
k_addO=0.0147765079;
k_addN=0.1280049547;
DSB_72h_fac=0.8750671182;
k_DSBO=0.0002497840;
k_DSBN=0.0000329917;
k_CyA=2.1081164490;
fVX=0.0010467474;
kf_ATR_MGMT_P=0.0000122846;
k_ATR=0.0177843530;
K_add=0.0000597376;
kd_pATR=0.0036600525;
k_Chk1=488.5104325286;
C_Chk1=0.5238334016;
pChk1_ref12_5_24h=0.0050831552;
pChk1_ref100_24h=0.0064322613;
pChk1_ref100_48h=0.0071607243;
kd_pChk1=0.0715897064;
k_cdc25=208.2055280779;
K_cdc25=1.1785672608;
kf_p53=0.0007480223;
k_p53=39.1775316195;
K_ATR=0.0003731031;
p53ser46_ref50_72h=0.0005832377;
kp_ser46=3.1260826887;
K_p53=0.5892013776;
upAsy=0.2181582406;
sness=0.0046931868;
k_apop=0.0758116735;
tED50=359.9974791444;
cell_pop_norm0_Jack_MGMT_P=92.5289635685;
k_dis=0.0154161098;

%%%%%%%%%

cost=263.6667641535;

%%%%%%%%%

