TMZout0_Ka_XTMZ(norm)=0.74444;
MGMT_P0(norm)=0.55588;
k_MGMT(norm)=0.77760;
k_addO(norm)=0.22384;
k_addN(norm)=0.35567;
DSB_72h_fac(norm)=0.61852;
k_DSBO(norm)=0.62446;
k_DSBN(norm)=0.78408;
k_CyA(norm)=0.14103;
fVX(norm)=0.52322;
kf_ATR_MGMT_P(norm)=0.66537;
k_ATR(norm)=0.97223;
K_add(norm)=0.40541;
kd_pATR(norm)=1.00000;
k_Chk1(norm)=0.71097;
C_Chk1(norm)=0.39753;
pChk1_ref12_5_24h(norm)=0.57006;
pChk1_ref100_24h(norm)=0.78803;
pChk1_ref100_48h(norm)=0.90625;
kd_pChk1(norm)=0.65081;
k_cdc25(norm)=0.48971;
K_cdc25(norm)=0.22375;
kf_p53(norm)=0.61398;
k_p53(norm)=0.25817;
K_ATR(norm)=0.33763;
p53ser46_ref50_72h(norm)=0.87630;
kp_ser46(norm)=0.66496;
K_p53(norm)=0.73101;
upAsy(norm)=0.08335;
sness(norm)=0.14447;
k_apop(norm)=0.65706;
tED50(norm)=0.21906;
cell_pop_norm0_Jack_MGMT_P(norm)=0.81380;
k_dis(norm)=0.70540;

%%%%%%%%%

TMZout0_Ka_XTMZ=36.7776849557;
MGMT_P0=1.8968143818;
k_MGMT=55.2181969904;
k_addO=0.0081524491;
k_addN=0.1247735296;
DSB_72h_fac=1.0606615459;
k_DSBO=0.0003237822;
k_DSBN=0.0000436871;
k_CyA=1.4000896611;
fVX=0.0013381382;
kf_ATR_MGMT_P=0.0000116211;
k_ATR=0.0288546002;
K_add=0.0000602152;
kd_pATR=0.0055114322;
k_Chk1=534.3046393485;
C_Chk1=0.6346505959;
pChk1_ref12_5_24h=0.0075224354;
pChk1_ref100_24h=0.0090689983;
pChk1_ref100_48h=0.0113335211;
kd_pChk1=0.0863116695;
k_cdc25=222.4422392940;
K_cdc25=0.9929847282;
kf_p53=0.0007080937;
k_p53=28.1577512757;
K_ATR=0.0003363818;
p53ser46_ref50_72h=0.0006972048;
kp_ser46=4.1139063762;
K_p53=0.5991963205;
upAsy=0.1646901596;
sness=0.0028660550;
k_apop=0.0678094349;
tED50=273.1997386214;
cell_pop_norm0_Jack_MGMT_P=93.5744880538;
k_dis=0.0179507660;

%%%%%%%%%

cost=302.2761807463;

%%%%%%%%%

