TMZout0_Ka_XTMZ(norm)=1.00000;
MGMT_P0(norm)=0.74521;
k_MGMT(norm)=0.10299;
k_addO(norm)=0.58904;
k_addN(norm)=0.75157;
DSB_72h_fac(norm)=0.54916;
k_DSBO(norm)=0.44537;
k_DSBN(norm)=0.32909;
k_CyA(norm)=0.49734;
fVX(norm)=0.29868;
kf_ATR_MGMT_P(norm)=0.45091;
k_ATR(norm)=0.43041;
K_add(norm)=0.84421;
kd_pATR(norm)=0.20736;
k_Chk1(norm)=0.64564;
C_Chk1(norm)=0.20612;
pChk1_ref12_5_24h(norm)=0.17411;
pChk1_ref100_24h(norm)=0.65037;
pChk1_ref100_48h(norm)=0.48714;
kd_pChk1(norm)=0.26417;
k_cdc25(norm)=0.48877;
K_cdc25(norm)=0.41335;
kf_p53(norm)=0.61603;
k_p53(norm)=0.07411;
K_ATR(norm)=0.28026;
p53ser46_ref50_72h(norm)=0.38098;
kp_ser46(norm)=1.00000;
K_p53(norm)=0.23961;
upAsy(norm)=0.60350;
sness(norm)=0.40174;
k_apop(norm)=1.00000;
tED50(norm)=0.76577;
cell_pop_norm0_Jack_MGMT_P(norm)=0.78072;
k_dis(norm)=0.27489;

%%%%%%%%%

TMZout0_Ka_XTMZ=39.0000000000;
MGMT_P0=2.1442077502;
k_MGMT=26.0807392837;
k_addO=0.0102139926;
k_addN=0.1318961620;
DSB_72h_fac=0.9940145840;
k_DSBO=0.0002878315;
k_DSBN=0.0000329369;
k_CyA=2.1747247652;
fVX=0.0009970357;
kf_ATR_MGMT_P=0.0000095461;
k_ATR=0.0215949805;
K_add=0.0000931559;
kd_pATR=0.0024556112;
k_Chk1=425.1035891436;
C_Chk1=0.5504787567;
pChk1_ref12_5_24h=0.0054750020;
pChk1_ref100_24h=0.0082101180;
pChk1_ref100_48h=0.0083350521;
kd_pChk1=0.0580051415;
k_cdc25=234.6645866174;
K_cdc25=1.1398996909;
kf_p53=0.0006064188;
k_p53=23.8753042320;
K_ATR=0.0003637649;
p53ser46_ref50_72h=0.0003943858;
kp_ser46=4.7845179616;
K_p53=0.4598433772;
upAsy=0.2528679995;
sness=0.0032617089;
k_apop=0.0938532913;
tED50=508.8056585943;
cell_pop_norm0_Jack_MGMT_P=92.4769336465;
k_dis=0.0125559653;

%%%%%%%%%

cost=296.3253453356;

%%%%%%%%%

