TMZout0_Ka_XTMZ(norm)=0.26119;
MGMT_P0(norm)=0.42822;
k_MGMT(norm)=0.31156;
k_addO(norm)=0.52182;
k_addN(norm)=0.75144;
DSB_72h_fac(norm)=0.68733;
k_DSBO(norm)=0.39849;
k_DSBN(norm)=0.47155;
k_CyA(norm)=0.76234;
fVX(norm)=0.56526;
kf_ATR_MGMT_P(norm)=0.76208;
k_ATR(norm)=0.66685;
K_add(norm)=0.82767;
kd_pATR(norm)=0.28770;
k_Chk1(norm)=0.00010;
C_Chk1(norm)=0.31457;
pChk1_ref12_5_24h(norm)=0.19213;
pChk1_ref100_24h(norm)=0.41878;
pChk1_ref100_48h(norm)=0.60198;
kd_pChk1(norm)=0.54147;
k_cdc25(norm)=0.53419;
K_cdc25(norm)=0.07129;
kf_p53(norm)=0.41500;
k_p53(norm)=0.25454;
K_ATR(norm)=0.47341;
p53ser46_ref50_72h(norm)=0.46781;
kp_ser46(norm)=0.28746;
K_p53(norm)=0.83974;
upAsy(norm)=1.00000;
sness(norm)=0.68887;
k_apop(norm)=0.99325;
tED50(norm)=0.89624;
cell_pop_norm0_Jack_MGMT_P(norm)=0.25263;
k_dis(norm)=0.69886;

%%%%%%%%%

TMZout0_Ka_XTMZ=32.9157366533;
MGMT_P0=1.7714192490;
k_MGMT=31.1220475845;
k_addO=0.0096485034;
k_addN=0.1318819062;
DSB_72h_fac=1.1040131424;
k_DSBO=0.0002766238;
k_DSBN=0.0000371623;
k_CyA=2.7221983425;
fVX=0.0012497012;
kf_ATR_MGMT_P=0.0000124260;
k_ATR=0.0263848231;
K_add=0.0000918593;
kd_pATR=0.0026285898;
k_Chk1=246.0080260526;
C_Chk1=0.6034556551;
pChk1_ref12_5_24h=0.0055592621;
pChk1_ref100_24h=0.0067473177;
pChk1_ref100_48h=0.0091868698;
kd_pChk1=0.0733681728;
k_cdc25=243.8722325346;
K_cdc25=0.8530900490;
kf_p53=0.0005114458;
k_p53=27.8190979943;
K_ATR=0.0004284434;
p53ser46_ref50_72h=0.0004244969;
kp_ser46=2.6160232481;
K_p53=0.7646204400;
upAsy=0.3538326637;
sness=0.0041600755;
k_apop=0.0933184335;
tED50=568.2798019257;
cell_pop_norm0_Jack_MGMT_P=76.6004596530;
k_dis=0.0179830009;

%%%%%%%%%

cost=199.8826304393;

%%%%%%%%%

