TMZout0_Ka_XTMZ(norm)=0.49888;
MGMT_P0(norm)=1.00000;
k_MGMT(norm)=0.35832;
k_addO(norm)=0.27931;
k_addN(norm)=1.00000;
DSB_72h_fac(norm)=0.29571;
k_DSBO(norm)=0.73731;
k_DSBN(norm)=0.52653;
k_CyA(norm)=1.00000;
fVX(norm)=0.49809;
kf_ATR_MGMT_P(norm)=1.00000;
k_ATR(norm)=1.00000;
K_add(norm)=0.62386;
kd_pATR(norm)=0.30672;
k_Chk1(norm)=0.09927;
C_Chk1(norm)=0.61419;
pChk1_ref12_5_24h(norm)=0.65027;
pChk1_ref100_24h(norm)=0.69828;
pChk1_ref100_48h(norm)=0.75197;
kd_pChk1(norm)=0.46514;
k_cdc25(norm)=0.08489;
K_cdc25(norm)=0.22586;
kf_p53(norm)=0.85799;
k_p53(norm)=0.79508;
K_ATR(norm)=0.40925;
p53ser46_ref50_72h(norm)=0.80291;
kp_ser46(norm)=1.00000;
K_p53(norm)=0.95133;
upAsy(norm)=0.00010;
sness(norm)=0.22492;
k_apop(norm)=0.95386;
tED50(norm)=0.33469;
cell_pop_norm0_Jack_MGMT_P(norm)=0.98835;
k_dis(norm)=0.64567;

%%%%%%%%%

TMZout0_Ka_XTMZ=34.7617498299;
MGMT_P0=2.5000000000;
k_MGMT=32.3796878209;
k_addO=0.0078563237;
k_addN=0.1627984655;
DSB_72h_fac=0.8199282611;
k_DSBO=0.0003686098;
k_DSBN=0.0000389344;
k_CyA=3.3294504548;
fVX=0.0011805581;
kf_ATR_MGMT_P=0.0000152013;
k_ATR=0.0349902468;
K_add=0.0000772907;
kd_pATR=0.0026712838;
k_Chk1=267.5730257117;
C_Chk1=0.7778588840;
pChk1_ref12_5_24h=0.0081959784;
pChk1_ref100_24h=0.0085502573;
pChk1_ref100_48h=0.0104318225;
kd_pChk1=0.0687732621;
k_cdc25=166.6596178047;
K_cdc25=0.9724652465;
kf_p53=0.0007444027;
k_p53=43.9791338750;
K_ATR=0.0004057757;
p53ser46_ref50_72h=0.0005638743;
kp_ser46=4.7845179616;
K_p53=0.8404417771;
upAsy=0.1516554193;
sness=0.0028078842;
k_apop=0.0902547779;
tED50=353.1226305834;
cell_pop_norm0_Jack_MGMT_P=99.5854829187;
k_dis=0.0171904341;

%%%%%%%%%

cost=2859.8893166601;

%%%%%%%%%

