TMZout0_Ka_XTMZ(norm)=0.33602;
MGMT_P0(norm)=0.08641;
k_MGMT(norm)=0.34754;
k_addO(norm)=0.22265;
k_addN(norm)=0.03304;
DSB_72h_fac(norm)=0.51042;
k_DSBO(norm)=0.45968;
k_DSBN(norm)=0.79893;
k_CyA(norm)=0.45181;
fVX(norm)=0.14178;
kf_ATR_MGMT_P(norm)=0.57380;
k_ATR(norm)=0.58335;
K_add(norm)=0.52535;
kd_pATR(norm)=0.59823;
k_Chk1(norm)=0.69743;
C_Chk1(norm)=1.00000;
pChk1_ref12_5_24h(norm)=0.38614;
pChk1_ref100_24h(norm)=0.54997;
pChk1_ref100_48h(norm)=0.80714;
kd_pChk1(norm)=0.67474;
k_cdc25(norm)=0.89128;
K_cdc25(norm)=0.49724;
kf_p53(norm)=1.00000;
k_p53(norm)=0.43851;
K_ATR(norm)=0.23024;
p53ser46_ref50_72h(norm)=0.85631;
kp_ser46(norm)=0.56140;
K_p53(norm)=0.32719;
upAsy(norm)=0.36452;
sness(norm)=0.27226;
k_apop(norm)=0.16013;
tED50(norm)=0.71466;
cell_pop_norm0_Jack_MGMT_P(norm)=0.13950;
k_dis(norm)=0.17351;

%%%%%%%%%

TMZout0_Ka_XTMZ=33.4860343180;
MGMT_P0=1.4166591352;
k_MGMT=38.3555545469;
k_addO=0.0081442296;
k_addN=0.0949294549;
DSB_72h_fac=0.9804237081;
k_DSBO=0.0002815909;
k_DSBN=0.0000442403;
k_CyA=1.8218590453;
fVX=0.0009685905;
kf_ATR_MGMT_P=0.0000107535;
k_ATR=0.0207548273;
K_add=0.0000666563;
kd_pATR=0.0039212351;
k_Chk1=528.2100725391;
C_Chk1=1.0573793404;
pChk1_ref12_5_24h=0.0064369533;
pChk1_ref100_24h=0.0074123923;
pChk1_ref100_48h=0.0104205990;
kd_pChk1=0.0880792146;
k_cdc25=312.5982849505;
K_cdc25=1.2519296251;
kf_p53=0.0009820586;
k_p53=32.8064554943;
K_ATR=0.0003071261;
p53ser46_ref50_72h=0.0006854974;
kp_ser46=3.7682888071;
K_p53=0.4255707770;
upAsy=0.2089923663;
sness=0.0031938264;
k_apop=0.0445070958;
tED50=415.7682193133;
cell_pop_norm0_Jack_MGMT_P=73.5710140702;
k_dis=0.0114382797;

%%%%%%%%%

cost=257.4780922277;

%%%%%%%%%

