TMZout0_Ka_XTMZ(norm)=0.87054;
MGMT_P0(norm)=0.00010;
k_MGMT(norm)=0.00010;
k_addO(norm)=0.57026;
k_addN(norm)=0.38590;
DSB_72h_fac(norm)=0.15270;
k_DSBO(norm)=0.10948;
k_DSBN(norm)=0.43878;
k_CyA(norm)=0.90872;
fVX(norm)=0.88124;
kf_ATR_MGMT_P(norm)=0.45522;
k_ATR(norm)=0.71971;
K_add(norm)=0.75727;
kd_pATR(norm)=0.73947;
k_Chk1(norm)=0.85672;
C_Chk1(norm)=0.19686;
pChk1_ref12_5_24h(norm)=0.36417;
pChk1_ref100_24h(norm)=0.67443;
pChk1_ref100_48h(norm)=0.60292;
kd_pChk1(norm)=0.64607;
k_cdc25(norm)=0.18255;
K_cdc25(norm)=0.35348;
kf_p53(norm)=0.58128;
k_p53(norm)=0.93287;
K_ATR(norm)=0.49003;
p53ser46_ref50_72h(norm)=0.82244;
kp_ser46(norm)=0.84944;
K_p53(norm)=0.61458;
upAsy(norm)=0.14461;
sness(norm)=0.30619;
k_apop(norm)=0.68096;
tED50(norm)=0.36073;
cell_pop_norm0_Jack_MGMT_P(norm)=0.45810;
k_dis(norm)=0.73946;

%%%%%%%%%

TMZout0_Ka_XTMZ=37.8579301633;
MGMT_P0=1.3426454420;
k_MGMT=28.5745592480;
k_addO=0.0109336144;
k_addN=0.1280111528;
DSB_72h_fac=0.7557348844;
k_DSBO=0.0002092913;
k_DSBN=0.0000326053;
k_CyA=2.6831587674;
fVX=0.0018123633;
kf_ATR_MGMT_P=0.0000097257;
k_ATR=0.0232967328;
K_add=0.0000811297;
kd_pATR=0.0044197278;
k_Chk1=604.5347296760;
C_Chk1=0.5354170073;
pChk1_ref12_5_24h=0.0063182353;
pChk1_ref100_24h=0.0082367438;
pChk1_ref100_48h=0.0087648707;
kd_pChk1=0.0859653787;
k_cdc25=171.4694916897;
K_cdc25=1.1083631325;
kf_p53=0.0006887447;
k_p53=49.8740239119;
K_ATR=0.0003827486;
p53ser46_ref50_72h=0.0006661030;
kp_ser46=4.8099145902;
K_p53=0.5429058069;
upAsy=0.1734641635;
sness=0.0032869553;
k_apop=0.0691964226;
tED50=308.0438056665;
cell_pop_norm0_Jack_MGMT_P=82.4250052795;
k_dis=0.0184764092;

%%%%%%%%%

cost=343.8802577135;

%%%%%%%%%

