TMZout0_Ka_XTMZ(norm)=0.74208;
MGMT_P0(norm)=0.53570;
k_MGMT(norm)=1.00000;
k_addO(norm)=0.58342;
k_addN(norm)=0.47155;
DSB_72h_fac(norm)=0.29606;
k_DSBO(norm)=0.27854;
k_DSBN(norm)=0.49675;
k_CyA(norm)=0.24084;
fVX(norm)=0.00010;
kf_ATR_MGMT_P(norm)=0.43646;
k_ATR(norm)=1.00000;
K_add(norm)=0.58542;
kd_pATR(norm)=0.58276;
k_Chk1(norm)=0.44800;
C_Chk1(norm)=0.66133;
pChk1_ref12_5_24h(norm)=0.06512;
pChk1_ref100_24h(norm)=0.55926;
pChk1_ref100_48h(norm)=0.54541;
kd_pChk1(norm)=0.57504;
k_cdc25(norm)=0.68439;
K_cdc25(norm)=0.21072;
kf_p53(norm)=0.37824;
k_p53(norm)=0.56869;
K_ATR(norm)=0.58094;
p53ser46_ref50_72h(norm)=0.43568;
kp_ser46(norm)=0.74743;
K_p53(norm)=0.90280;
upAsy(norm)=0.46969;
sness(norm)=0.73687;
k_apop(norm)=0.29838;
tED50(norm)=0.63308;
cell_pop_norm0_Jack_MGMT_P(norm)=0.34666;
k_dis(norm)=0.59425;

%%%%%%%%%

TMZout0_Ka_XTMZ=36.7577911772;
MGMT_P0=1.8731610112;
k_MGMT=66.6683225466;
k_addO=0.0110561988;
k_addN=0.1376460722;
DSB_72h_fac=0.8388331741;
k_DSBO=0.0002415252;
k_DSBN=0.0000342470;
k_CyA=1.5236411159;
fVX=0.0008590255;
kf_ATR_MGMT_P=0.0000095723;
k_ATR=0.0295416857;
K_add=0.0000701367;
kd_pATR=0.0038701822;
k_Chk1=427.5841039175;
C_Chk1=0.7936124064;
pChk1_ref12_5_24h=0.0049040125;
pChk1_ref100_24h=0.0074709754;
pChk1_ref100_48h=0.0083479919;
kd_pChk1=0.0809445058;
k_cdc25=262.3342467918;
K_cdc25=0.9820829098;
kf_p53=0.0005798898;
k_p53=36.6321750769;
K_ATR=0.0004133956;
p53ser46_ref50_72h=0.0004799799;
kp_ser46=4.4116420141;
K_p53=0.6930827085;
upAsy=0.2284710780;
sness=0.0047345022;
k_apop=0.0500381379;
tED50=387.9989963047;
cell_pop_norm0_Jack_MGMT_P=79.2130263738;
k_dis=0.0163373609;

%%%%%%%%%

cost=214.5794679662;

%%%%%%%%%

