TMZout0_Ka_XTMZ(norm)=0.42881;
MGMT_P0(norm)=1.00000;
k_MGMT(norm)=1.00000;
k_addO(norm)=0.94150;
k_addN(norm)=0.40691;
DSB_72h_fac(norm)=0.13218;
k_DSBO(norm)=0.24758;
k_DSBN(norm)=0.00010;
k_CyA(norm)=0.38860;
fVX(norm)=0.72654;
kf_ATR_MGMT_P(norm)=0.60194;
k_ATR(norm)=0.33319;
K_add(norm)=0.80586;
kd_pATR(norm)=0.30278;
k_Chk1(norm)=0.36741;
C_Chk1(norm)=0.15665;
pChk1_ref12_5_24h(norm)=1.00000;
pChk1_ref100_24h(norm)=0.67461;
pChk1_ref100_48h(norm)=0.48527;
kd_pChk1(norm)=0.31182;
k_cdc25(norm)=0.38396;
K_cdc25(norm)=0.00010;
kf_p53(norm)=0.00010;
k_p53(norm)=0.52135;
K_ATR(norm)=0.64154;
p53ser46_ref50_72h(norm)=0.19882;
kp_ser46(norm)=0.25061;
K_p53(norm)=0.74831;
upAsy(norm)=0.00010;
sness(norm)=0.64928;
k_apop(norm)=0.53331;
tED50(norm)=0.00010;
cell_pop_norm0_Jack_MGMT_P(norm)=0.50213;
k_dis(norm)=0.22547;

%%%%%%%%%

TMZout0_Ka_XTMZ=34.2069984524;
MGMT_P0=2.5000000000;
k_MGMT=66.6683225466;
k_addO=0.0149750981;
k_addN=0.1303095273;
DSB_72h_fac=0.7445354469;
k_DSBO=0.0002352722;
k_DSBN=0.0000224836;
k_CyA=1.7268545883;
fVX=0.0015897116;
kf_ATR_MGMT_P=0.0000110130;
k_ATR=0.0167905520;
K_add=0.0000845398;
kd_pATR=0.0030528342;
k_Chk1=399.3618139234;
C_Chk1=0.5174827966;
pChk1_ref12_5_24h=0.0108284658;
pChk1_ref100_24h=0.0082379910;
pChk1_ref100_48h=0.0079333059;
kd_pChk1=0.0647631351;
k_cdc25=203.3773584600;
K_cdc25=0.8215711239;
kf_p53=0.0004209179;
k_p53=35.1921038360;
K_ATR=0.0004351760;
p53ser46_ref50_72h=0.0003927043;
kp_ser46=2.8958988712;
K_p53=0.6080469852;
upAsy=0.1534735768;
sness=0.0043958760;
k_apop=0.0610594701;
tED50=226.9392185870;
cell_pop_norm0_Jack_MGMT_P=83.7294571866;
k_dis=0.0119530938;

%%%%%%%%%

cost=100000.0000000000;

%%%%%%%%%

