TMZout0_Ka_XTMZ(norm)=0.79830;
MGMT_P0(norm)=0.28415;
k_MGMT(norm)=1.00000;
k_addO(norm)=0.56106;
k_addN(norm)=0.29219;
DSB_72h_fac(norm)=0.54381;
k_DSBO(norm)=0.98728;
k_DSBN(norm)=0.80049;
k_CyA(norm)=0.53744;
fVX(norm)=0.74047;
kf_ATR_MGMT_P(norm)=0.65661;
k_ATR(norm)=0.57510;
K_add(norm)=0.41002;
kd_pATR(norm)=0.57878;
k_Chk1(norm)=0.71954;
C_Chk1(norm)=0.00010;
pChk1_ref12_5_24h(norm)=0.59217;
pChk1_ref100_24h(norm)=0.62372;
pChk1_ref100_48h(norm)=0.56066;
kd_pChk1(norm)=0.58670;
k_cdc25(norm)=0.13039;
K_cdc25(norm)=0.60703;
kf_p53(norm)=0.38042;
k_p53(norm)=0.42076;
K_ATR(norm)=0.53459;
p53ser46_ref50_72h(norm)=0.75706;
kp_ser46(norm)=1.00000;
K_p53(norm)=0.61835;
upAsy(norm)=0.45893;
sness(norm)=0.38959;
k_apop(norm)=0.33345;
tED50(norm)=0.82335;
cell_pop_norm0_Jack_MGMT_P(norm)=0.10381;
k_dis(norm)=0.81478;

%%%%%%%%%

TMZout0_Ka_XTMZ=37.2352475771;
MGMT_P0=1.6019814253;
k_MGMT=66.6683225466;
k_addO=0.0108487251;
k_addN=0.1182394992;
DSB_72h_fac=1.0045382128;
k_DSBO=0.0004403133;
k_DSBN=0.0000442988;
k_CyA=1.9589610561;
fVX=0.0016085924;
kf_ATR_MGMT_P=0.0000115352;
k_ATR=0.0206101963;
K_add=0.0000604506;
kd_pATR=0.0038571453;
k_Chk1=538.1958313136;
C_Chk1=0.4532009724;
pChk1_ref12_5_24h=0.0076646871;
pChk1_ref100_24h=0.0078903278;
pChk1_ref100_48h=0.0084565661;
kd_pChk1=0.0817480662;
k_cdc25=164.0574324830;
K_cdc25=1.3739881046;
kf_p53=0.0005809584;
k_p53=32.3168280008;
K_ATR=0.0003974745;
p53ser46_ref50_72h=0.0006302105;
kp_ser46=5.4643701630;
K_p53=0.5446432819;
upAsy=0.2263985999;
sness=0.0035276473;
k_apop=0.0515474606;
tED50=455.8755216012;
cell_pop_norm0_Jack_MGMT_P=72.6403181806;
k_dis=0.0196938739;

%%%%%%%%%

cost=256.2581861566;

%%%%%%%%%

