TMZout0_Ka_XTMZ(norm)=0.37893;
MGMT_P0(norm)=0.65025;
k_MGMT(norm)=0.46271;
k_addO(norm)=0.66210;
k_addN(norm)=0.40485;
DSB_72h_fac(norm)=0.23921;
k_DSBO(norm)=0.02691;
k_DSBN(norm)=0.44461;
k_CyA(norm)=0.36050;
fVX(norm)=0.53024;
kf_ATR_MGMT_P(norm)=0.80112;
k_ATR(norm)=0.45097;
K_add(norm)=0.49839;
kd_pATR(norm)=0.59003;
k_Chk1(norm)=0.50978;
C_Chk1(norm)=0.39746;
pChk1_ref12_5_24h(norm)=0.21666;
pChk1_ref100_24h(norm)=0.48299;
pChk1_ref100_48h(norm)=0.92372;
kd_pChk1(norm)=0.22027;
k_cdc25(norm)=0.75444;
K_cdc25(norm)=0.47749;
kf_p53(norm)=0.25093;
k_p53(norm)=0.19611;
K_ATR(norm)=0.00010;
p53ser46_ref50_72h(norm)=0.77703;
kp_ser46(norm)=0.72313;
K_p53(norm)=0.57991;
upAsy(norm)=0.37421;
sness(norm)=1.00000;
k_apop(norm)=0.52549;
tED50(norm)=0.33998;
cell_pop_norm0_Jack_MGMT_P(norm)=0.42387;
k_dis(norm)=0.27186;

%%%%%%%%%

TMZout0_Ka_XTMZ=33.8175158309;
MGMT_P0=2.0114288627;
k_MGMT=42.2872192204;
k_addO=0.0118184172;
k_addN=0.1300825490;
DSB_72h_fac=0.8048396083;
k_DSBO=0.0001951496;
k_DSBN=0.0000327668;
k_CyA=1.6862178383;
fVX=0.0013461253;
kf_ATR_MGMT_P=0.0000130377;
k_ATR=0.0185525893;
K_add=0.0000651508;
kd_pATR=0.0038940743;
k_Chk1=450.5598252011;
C_Chk1=0.6346141939;
pChk1_ref12_5_24h=0.0055759115;
pChk1_ref100_24h=0.0070034545;
pChk1_ref100_48h=0.0115025639;
kd_pChk1=0.0599295033;
k_cdc25=278.3763693223;
K_cdc25=1.2311611826;
kf_p53=0.0005205899;
k_p53=26.7154615120;
K_ATR=0.0002527144;
p53ser46_ref50_72h=0.0006409619;
kp_ser46=4.3217303176;
K_p53=0.5271930434;
upAsy=0.2107162079;
sness=0.0059169975;
k_apop=0.0606558450;
tED50=302.6751788952;
cell_pop_norm0_Jack_MGMT_P=81.4247689272;
k_dis=0.0124323005;

%%%%%%%%%

cost=285.3775047291;

%%%%%%%%%

