TMZout0_Ka_XTMZ(norm)=0.29872;
MGMT_P0(norm)=0.89899;
k_MGMT(norm)=0.54673;
k_addO(norm)=0.57723;
k_addN(norm)=0.34396;
DSB_72h_fac(norm)=0.49335;
k_DSBO(norm)=0.40359;
k_DSBN(norm)=0.93457;
k_CyA(norm)=0.88697;
fVX(norm)=0.57467;
kf_ATR_MGMT_P(norm)=0.99937;
k_ATR(norm)=0.84108;
K_add(norm)=0.60080;
kd_pATR(norm)=0.67506;
k_Chk1(norm)=0.00010;
C_Chk1(norm)=0.71170;
pChk1_ref12_5_24h(norm)=0.13287;
pChk1_ref100_24h(norm)=0.61440;
pChk1_ref100_48h(norm)=1.00000;
kd_pChk1(norm)=0.71147;
k_cdc25(norm)=0.58296;
K_cdc25(norm)=0.32000;
kf_p53(norm)=0.36869;
k_p53(norm)=0.68903;
K_ATR(norm)=0.69319;
p53ser46_ref50_72h(norm)=0.22590;
kp_ser46(norm)=0.45218;
K_p53(norm)=0.48007;
upAsy(norm)=0.44985;
sness(norm)=0.55546;
k_apop(norm)=0.56561;
tED50(norm)=0.62606;
cell_pop_norm0_Jack_MGMT_P(norm)=0.69342;
k_dis(norm)=0.70084;

%%%%%%%%%

TMZout0_Ka_XTMZ=33.2004929950;
MGMT_P0=2.3478250698;
k_MGMT=45.4072312086;
k_addO=0.0109983248;
k_addN=0.1235412612;
DSB_72h_fac=0.9683229679;
k_DSBO=0.0002685193;
k_DSBN=0.0000496282;
k_CyA=2.6341788175;
fVX=0.0013977711;
kf_ATR_MGMT_P=0.0000154225;
k_ATR=0.0258199543;
K_add=0.0000710567;
kd_pATR=0.0041849934;
k_Chk1=292.5525408855;
C_Chk1=0.8282154914;
pChk1_ref12_5_24h=0.0051937753;
pChk1_ref100_24h=0.0078282729;
pChk1_ref100_48h=0.0122705020;
kd_pChk1=0.0908636086;
k_cdc25=240.7301694324;
K_cdc25=1.0773620851;
kf_p53=0.0005752129;
k_p53=40.5646219645;
K_ATR=0.0004546454;
p53ser46_ref50_72h=0.0004018173;
kp_ser46=3.4352130920;
K_p53=0.4844270391;
upAsy=0.2246634531;
sness=0.0040599455;
k_apop=0.0627533672;
tED50=385.6984573366;
cell_pop_norm0_Jack_MGMT_P=89.6418351723;
k_dis=0.0178815249;

%%%%%%%%%

cost=215.5822405338;

%%%%%%%%%

