TMZout0_Ka_XTMZ(norm)=0.38126;
MGMT_P0(norm)=0.39936;
k_MGMT(norm)=0.56848;
k_addO(norm)=0.63494;
k_addN(norm)=0.25627;
DSB_72h_fac(norm)=0.61082;
k_DSBO(norm)=0.39794;
k_DSBN(norm)=0.67829;
k_CyA(norm)=0.67059;
fVX(norm)=0.45281;
kf_ATR_MGMT_P(norm)=0.81846;
k_ATR(norm)=0.36115;
K_add(norm)=0.68774;
kd_pATR(norm)=0.49947;
k_Chk1(norm)=0.97931;
C_Chk1(norm)=0.13123;
pChk1_ref12_5_24h(norm)=0.28042;
pChk1_ref100_24h(norm)=0.61530;
pChk1_ref100_48h(norm)=0.68490;
kd_pChk1(norm)=0.68374;
k_cdc25(norm)=0.50605;
K_cdc25(norm)=0.64196;
kf_p53(norm)=0.58895;
k_p53(norm)=0.13693;
K_ATR(norm)=0.26183;
p53ser46_ref50_72h(norm)=0.34395;
kp_ser46(norm)=0.48166;
K_p53(norm)=0.85677;
upAsy(norm)=0.49159;
sness(norm)=0.65151;
k_apop(norm)=1.00000;
tED50(norm)=0.45284;
cell_pop_norm0_Jack_MGMT_P(norm)=0.12699;
k_dis(norm)=0.27589;

%%%%%%%%%

TMZout0_Ka_XTMZ=33.8356048963;
MGMT_P0=1.7209356222;
k_MGMT=46.2518012791;
k_addO=0.0115495605;
k_addN=0.1146952026;
DSB_72h_fac=1.0547327393;
k_DSBO=0.0002672387;
k_DSBN=0.0000399415;
k_CyA=2.1929097613;
fVX=0.0012606470;
kf_ATR_MGMT_P=0.0000132306;
k_ATR=0.0171930866;
K_add=0.0000764883;
kd_pATR=0.0036064472;
k_Chk1=670.7053219481;
C_Chk1=0.5064562548;
pChk1_ref12_5_24h=0.0058854069;
pChk1_ref100_24h=0.0078342770;
pChk1_ref100_48h=0.0093953326;
kd_pChk1=0.0887541378;
k_cdc25=225.5427357679;
K_cdc25=1.4152603246;
kf_p53=0.0006932379;
k_p53=25.4088669696;
K_ATR=0.0003154585;
p53ser46_ref50_72h=0.0004440870;
kp_ser46=3.5221028355;
K_p53=0.6665721396;
upAsy=0.2327504184;
sness=0.0044041787;
k_apop=0.0906739715;
tED50=333.0496688231;
cell_pop_norm0_Jack_MGMT_P=73.2434346485;
k_dis=0.0124748186;

%%%%%%%%%

cost=216.2050590449;

%%%%%%%%%

