TMZout0_Ka_XTMZ(norm)=0.59054;
MGMT_P0(norm)=0.69626;
k_MGMT(norm)=0.87311;
k_addO(norm)=0.54147;
k_addN(norm)=0.44699;
DSB_72h_fac(norm)=0.77243;
k_DSBO(norm)=0.58993;
k_DSBN(norm)=0.58901;
k_CyA(norm)=0.52880;
fVX(norm)=0.83400;
kf_ATR_MGMT_P(norm)=0.62534;
k_ATR(norm)=0.67595;
K_add(norm)=0.56533;
kd_pATR(norm)=0.83691;
k_Chk1(norm)=0.40104;
C_Chk1(norm)=0.58408;
pChk1_ref12_5_24h(norm)=0.68464;
pChk1_ref100_24h(norm)=0.68436;
pChk1_ref100_48h(norm)=0.71416;
kd_pChk1(norm)=0.36260;
k_cdc25(norm)=0.86544;
K_cdc25(norm)=0.60208;
kf_p53(norm)=0.47958;
k_p53(norm)=0.64543;
K_ATR(norm)=0.63490;
p53ser46_ref50_72h(norm)=0.50526;
kp_ser46(norm)=0.56991;
K_p53(norm)=0.15075;
upAsy(norm)=0.50033;
sness(norm)=0.75702;
k_apop(norm)=0.49358;
tED50(norm)=0.53629;
cell_pop_norm0_Jack_MGMT_P(norm)=0.16047;
k_dis(norm)=0.56878;

%%%%%%%%%

TMZout0_Ka_XTMZ=35.5009453462;
MGMT_P0=2.1189985887;
k_MGMT=53.4224112091;
k_addO=0.0105169654;
k_addN=0.1243555367;
DSB_72h_fac=1.1800623778;
k_DSBO=0.0003197220;
k_DSBN=0.0000416034;
k_CyA=1.9754382940;
fVX=0.0016964147;
kf_ATR_MGMT_P=0.0000112484;
k_ATR=0.0205392968;
K_add=0.0000713555;
kd_pATR=0.0039325868;
k_Chk1=372.5322258071;
C_Chk1=0.7444937640;
pChk1_ref12_5_24h=0.0077376876;
pChk1_ref100_24h=0.0077459218;
pChk1_ref100_48h=0.0093291521;
kd_pChk1=0.0649861352;
k_cdc25=375.1872048164;
K_cdc25=1.3588248636;
kf_p53=0.0006149714;
k_p53=31.5842872107;
K_ATR=0.0003592733;
p53ser46_ref50_72h=0.0005167260;
kp_ser46=4.2016361314;
K_p53=0.5721608199;
upAsy=0.2581820603;
sness=0.0045683280;
k_apop=0.0587673012;
tED50=392.9991842889;
cell_pop_norm0_Jack_MGMT_P=74.1233903051;
k_dis=0.0160326021;

%%%%%%%%%

cost=123.5449119738;

%%%%%%%%%

