TMZout0_Ka_XTMZ(norm)=0.62437;
MGMT_P0(norm)=0.49380;
k_MGMT(norm)=0.12277;
k_addO(norm)=0.41931;
k_addN(norm)=0.17703;
DSB_72h_fac(norm)=0.18637;
k_DSBO(norm)=0.62502;
k_DSBN(norm)=0.31525;
k_CyA(norm)=0.14455;
fVX(norm)=0.70957;
kf_ATR_MGMT_P(norm)=0.94431;
k_ATR(norm)=0.72415;
K_add(norm)=0.75174;
kd_pATR(norm)=0.81908;
k_Chk1(norm)=0.78478;
C_Chk1(norm)=0.46985;
pChk1_ref12_5_24h(norm)=0.67708;
pChk1_ref100_24h(norm)=0.65556;
pChk1_ref100_48h(norm)=0.64489;
kd_pChk1(norm)=0.00010;
k_cdc25(norm)=0.31167;
K_cdc25(norm)=0.31210;
kf_p53(norm)=0.67050;
k_p53(norm)=0.09967;
K_ATR(norm)=0.52816;
p53ser46_ref50_72h(norm)=0.29179;
kp_ser46(norm)=0.86548;
K_p53(norm)=0.97243;
upAsy(norm)=0.00010;
sness(norm)=0.81177;
k_apop(norm)=0.48831;
tED50(norm)=0.65541;
cell_pop_norm0_Jack_MGMT_P(norm)=0.96273;
k_dis(norm)=0.00010;

%%%%%%%%%

TMZout0_Ka_XTMZ=35.7777483528;
MGMT_P0=1.8250018160;
k_MGMT=31.7044295427;
k_addO=0.0096209732;
k_addN=0.1072478398;
DSB_72h_fac=0.7744819762;
k_DSBO=0.0003239364;
k_DSBN=0.0000293651;
k_CyA=1.4042695762;
fVX=0.0015670149;
kf_ATR_MGMT_P=0.0000147194;
k_ATR=0.0233846378;
K_add=0.0000807505;
kd_pATR=0.0047281569;
k_Chk1=568.7851703519;
C_Chk1=0.6747602790;
pChk1_ref12_5_24h=0.0082364225;
pChk1_ref100_24h=0.0081061486;
pChk1_ref100_48h=0.0090822165;
kd_pChk1=0.0497305343;
k_cdc25=191.2941024907;
K_cdc25=1.0701698334;
kf_p53=0.0007428282;
k_p53=24.6193097057;
K_ATR=0.0003953140;
p53ser46_ref50_72h=0.0004248884;
kp_ser46=4.8757460576;
K_p53=0.7352023799;
upAsy=0.1534735768;
sness=0.0050447156;
k_apop=0.0587751042;
tED50=395.4115352537;
cell_pop_norm0_Jack_MGMT_P=98.6795062615;
k_dis=0.0098752604;

%%%%%%%%%

cost=100000.0000000000;

%%%%%%%%%

