TMZout0_Ka_XTMZ(norm)=0.88495;
MGMT_P0(norm)=0.42609;
k_MGMT(norm)=0.35200;
k_addO(norm)=0.96903;
k_addN(norm)=0.39622;
DSB_72h_fac(norm)=0.25242;
k_DSBO(norm)=0.14769;
k_DSBN(norm)=0.36566;
k_CyA(norm)=0.59833;
fVX(norm)=1.00000;
kf_ATR_MGMT_P(norm)=0.72998;
k_ATR(norm)=0.55300;
K_add(norm)=0.75487;
kd_pATR(norm)=0.46084;
k_Chk1(norm)=0.84081;
C_Chk1(norm)=0.01066;
pChk1_ref12_5_24h(norm)=0.20059;
pChk1_ref100_24h(norm)=0.77416;
pChk1_ref100_48h(norm)=0.84585;
kd_pChk1(norm)=0.00010;
k_cdc25(norm)=0.56121;
K_cdc25(norm)=0.43853;
kf_p53(norm)=0.85275;
k_p53(norm)=0.63549;
K_ATR(norm)=0.36656;
p53ser46_ref50_72h(norm)=0.73935;
kp_ser46(norm)=0.06048;
K_p53(norm)=0.17675;
upAsy(norm)=0.59950;
sness(norm)=0.31782;
k_apop(norm)=0.70525;
tED50(norm)=0.86618;
cell_pop_norm0_Jack_MGMT_P(norm)=0.02835;
k_dis(norm)=0.81064;

%%%%%%%%%

TMZout0_Ka_XTMZ=37.9833922494;
MGMT_P0=1.7497716617;
k_MGMT=38.5008381083;
k_addO=0.0153285169;
k_addN=0.1291345481;
DSB_72h_fac=0.8126135748;
k_DSBO=0.0002161777;
k_DSBN=0.0000306467;
k_CyA=2.0626737971;
fVX=0.0020042231;
kf_ATR_MGMT_P=0.0000122750;
k_ATR=0.0202278366;
K_add=0.0000809653;
kd_pATR=0.0034903152;
k_Chk1=596.4401185311;
C_Chk1=0.4572754937;
pChk1_ref12_5_24h=0.0055004857;
pChk1_ref100_24h=0.0089630160;
pChk1_ref100_48h=0.0107680534;
kd_pChk1=0.0497305343;
k_cdc25=236.3338822743;
K_cdc25=1.1911761021;
kf_p53=0.0008668660;
k_p53=38.7653289838;
K_ATR=0.0003447311;
p53ser46_ref50_72h=0.0006208201;
kp_ser46=2.4650120500;
K_p53=0.3746408038;
upAsy=0.2550343259;
sness=0.0033195169;
k_apop=0.0706353971;
tED50=472.7226079905;
cell_pop_norm0_Jack_MGMT_P=70.7115092240;
k_dis=0.0196248805;

%%%%%%%%%

cost=280.2417646841;

%%%%%%%%%

