TMZout0_Ka_XTMZ(norm)=0.00010;
MGMT_P0(norm)=0.71157;
k_MGMT(norm)=1.00000;
k_addO(norm)=1.00000;
k_addN(norm)=1.00000;
DSB_72h_fac(norm)=0.62927;
k_DSBO(norm)=0.66756;
k_DSBN(norm)=0.50806;
k_CyA(norm)=0.53957;
fVX(norm)=0.52448;
kf_ATR_MGMT_P(norm)=0.98176;
k_ATR(norm)=0.70959;
K_add(norm)=1.00000;
kd_pATR(norm)=0.37609;
k_Chk1(norm)=0.90609;
C_Chk1(norm)=0.16782;
pChk1_ref12_5_24h(norm)=0.27008;
pChk1_ref100_24h(norm)=0.93486;
pChk1_ref100_48h(norm)=1.00000;
kd_pChk1(norm)=0.81057;
k_cdc25(norm)=0.31212;
K_cdc25(norm)=0.74044;
kf_p53(norm)=0.56819;
k_p53(norm)=0.45224;
K_ATR(norm)=0.36254;
p53ser46_ref50_72h(norm)=0.34555;
kp_ser46(norm)=1.00000;
K_p53(norm)=0.00010;
upAsy(norm)=0.49725;
sness(norm)=1.00000;
k_apop(norm)=0.20105;
tED50(norm)=0.33038;
cell_pop_norm0_Jack_MGMT_P(norm)=0.19842;
k_dis(norm)=0.59102;

%%%%%%%%%

TMZout0_Ka_XTMZ=31.0007116889;
MGMT_P0=2.1011896732;
k_MGMT=55.7695448421;
k_addO=0.0144682979;
k_addN=0.1627984655;
DSB_72h_fac=1.0563811369;
k_DSBO=0.0003474566;
k_DSBN=0.0000383300;
k_CyA=2.2539534199;
fVX=0.0012072573;
kf_ATR_MGMT_P=0.0000149682;
k_ATR=0.0273579634;
K_add=0.0001063010;
kd_pATR=0.0028330190;
k_Chk1=530.0683483503;
C_Chk1=0.5329002270;
pChk1_ref12_5_24h=0.0059388345;
pChk1_ref100_24h=0.0104480696;
pChk1_ref100_48h=0.0128714905;
kd_pChk1=0.0921567702;
k_cdc25=202.0440931344;
K_cdc25=1.5039320711;
kf_p53=0.0005823297;
k_p53=32.8921198160;
K_ATR=0.0003900289;
p53ser46_ref50_72h=0.0003827224;
kp_ser46=4.7845179616;
K_p53=0.3753853031;
upAsy=0.2310983071;
sness=0.0054148977;
k_apop=0.0476928591;
tED50=351.8345192032;
cell_pop_norm0_Jack_MGMT_P=75.1336139644;
k_dis=0.0164126028;

%%%%%%%%%

cost=333.9422132424;

%%%%%%%%%

