TMZout0_Ka_XTMZ(norm)=0.67448;
MGMT_P0(norm)=0.82679;
k_MGMT(norm)=0.70012;
k_addO(norm)=0.53179;
k_addN(norm)=0.52974;
DSB_72h_fac(norm)=0.73015;
k_DSBO(norm)=0.60213;
k_DSBN(norm)=0.47015;
k_CyA(norm)=0.61164;
fVX(norm)=0.60526;
kf_ATR_MGMT_P(norm)=0.60241;
k_ATR(norm)=0.54064;
K_add(norm)=0.56254;
kd_pATR(norm)=0.61903;
k_Chk1(norm)=0.24137;
C_Chk1(norm)=0.58128;
pChk1_ref12_5_24h(norm)=0.46369;
pChk1_ref100_24h(norm)=0.46298;
pChk1_ref100_48h(norm)=0.53348;
kd_pChk1(norm)=0.43888;
k_cdc25(norm)=0.64082;
K_cdc25(norm)=0.62798;
kf_p53(norm)=0.48526;
k_p53(norm)=0.80246;
K_ATR(norm)=0.63605;
p53ser46_ref50_72h(norm)=0.53691;
kp_ser46(norm)=0.61234;
K_p53(norm)=0.45546;
upAsy(norm)=0.22884;
sness(norm)=0.44900;
k_apop(norm)=0.55806;
tED50(norm)=0.46443;
cell_pop_norm0_Jack_MGMT_P(norm)=0.14441;
k_dis(norm)=0.60868;

%%%%%%%%%

TMZout0_Ka_XTMZ=36.1917146701;
MGMT_P0=2.2750494437;
k_MGMT=46.1390368215;
k_addO=0.0104310463;
k_addN=0.1333871580;
DSB_72h_fac=1.1431861934;
k_DSBO=0.0003230417;
k_DSBN=0.0000376177;
k_CyA=2.1190744938;
fVX=0.0013975294;
kf_ATR_MGMT_P=0.0000110320;
k_ATR=0.0183144802;
K_add=0.0000711871;
kd_pATR=0.0032696758;
k_Chk1=325.3937601332;
C_Chk1=0.7427273984;
pChk1_ref12_5_24h=0.0064166164;
pChk1_ref100_24h=0.0064211433;
pChk1_ref100_48h=0.0080048710;
kd_pChk1=0.0693250893;
k_cdc25=310.1655300136;
K_cdc25=1.3889741922;
kf_p53=0.0006179375;
k_p53=36.0789015681;
K_ATR=0.0003596225;
p53ser46_ref50_72h=0.0005307748;
kp_ser46=4.3554578403;
K_p53=0.7407042955;
upAsy=0.2051275205;
sness=0.0035189267;
k_apop=0.0620673368;
tED50=369.7860022854;
cell_pop_norm0_Jack_MGMT_P=73.7000330516;
k_dis=0.0165838905;

%%%%%%%%%

cost=123.9727747282;

%%%%%%%%%

