TMZout0_Ka_XTMZ(norm)=0.43830;
MGMT_P0(norm)=0.30009;
k_MGMT(norm)=0.21703;
k_addO(norm)=0.96042;
k_addN(norm)=0.35701;
DSB_72h_fac(norm)=0.30366;
k_DSBO(norm)=0.58215;
k_DSBN(norm)=0.44439;
k_CyA(norm)=0.76618;
fVX(norm)=0.66375;
kf_ATR_MGMT_P(norm)=0.76388;
k_ATR(norm)=0.74312;
K_add(norm)=0.74586;
kd_pATR(norm)=0.75697;
k_Chk1(norm)=0.69738;
C_Chk1(norm)=0.26864;
pChk1_ref12_5_24h(norm)=0.36041;
pChk1_ref100_24h(norm)=0.36449;
pChk1_ref100_48h(norm)=0.34149;
kd_pChk1(norm)=0.66106;
k_cdc25(norm)=0.22275;
K_cdc25(norm)=0.58534;
kf_p53(norm)=0.50882;
k_p53(norm)=0.69141;
K_ATR(norm)=0.51672;
p53ser46_ref50_72h(norm)=0.56416;
kp_ser46(norm)=0.64393;
K_p53(norm)=0.18280;
upAsy(norm)=0.65592;
sness(norm)=0.53963;
k_apop(norm)=0.20538;
tED50(norm)=0.70775;
cell_pop_norm0_Jack_MGMT_P(norm)=0.34207;
k_dis(norm)=0.77494;

%%%%%%%%%

TMZout0_Ka_XTMZ=34.2816584672;
MGMT_P0=1.6179321124;
k_MGMT=34.3404018006;
k_addO=0.0152171067;
k_addN=0.1249156433;
DSB_72h_fac=0.8434793932;
k_DSBO=0.0003123798;
k_DSBN=0.0000327608;
k_CyA=2.3779024289;
fVX=0.0015073515;
kf_ATR_MGMT_P=0.0000126327;
k_ATR=0.0237634836;
K_add=0.0000803492;
kd_pATR=0.0044857334;
k_Chk1=528.1855353630;
C_Chk1=0.5689934726;
pChk1_ref12_5_24h=0.0062981687;
pChk1_ref100_24h=0.0063344212;
pChk1_ref100_48h=0.0070234042;
kd_pChk1=0.0870643566;
k_cdc25=177.4106300092;
K_cdc25=1.3489650512;
kf_p53=0.0006477308;
k_p53=40.6462306587;
K_ATR=0.0003915015;
p53ser46_ref50_72h=0.0005351802;
kp_ser46=4.0412306598;
K_p53=0.3765648632;
upAsy=0.2675234051;
sness=0.0040058512;
k_apop=0.0462466866;
tED50=413.3391593040;
cell_pop_norm0_Jack_MGMT_P=79.0833052323;
k_dis=0.0190401730;

%%%%%%%%%

cost=260.2489739668;

%%%%%%%%%

