TMZout0_Ka_XTMZ(norm)=0.00010;
MGMT_P0(norm)=0.56250;
k_MGMT(norm)=0.63671;
k_addO(norm)=0.59217;
k_addN(norm)=0.59614;
DSB_72h_fac(norm)=0.48630;
k_DSBO(norm)=0.00010;
k_DSBN(norm)=0.23988;
k_CyA(norm)=0.87967;
fVX(norm)=0.46215;
kf_ATR_MGMT_P(norm)=0.85982;
k_ATR(norm)=0.49734;
K_add(norm)=0.56896;
kd_pATR(norm)=0.27347;
k_Chk1(norm)=0.21843;
C_Chk1(norm)=0.67508;
pChk1_ref12_5_24h(norm)=0.24504;
pChk1_ref100_24h(norm)=0.66559;
pChk1_ref100_48h(norm)=0.64077;
kd_pChk1(norm)=0.32978;
k_cdc25(norm)=0.66949;
K_cdc25(norm)=0.46057;
kf_p53(norm)=0.00010;
k_p53(norm)=0.47820;
K_ATR(norm)=0.55397;
p53ser46_ref50_72h(norm)=0.13194;
kp_ser46(norm)=0.78903;
K_p53(norm)=0.25151;
upAsy(norm)=0.00010;
sness(norm)=0.47447;
k_apop(norm)=0.41855;
tED50(norm)=0.55323;
cell_pop_norm0_Jack_MGMT_P(norm)=0.35908;
k_dis(norm)=0.32704;

%%%%%%%%%

TMZout0_Ka_XTMZ=31.0007116889;
MGMT_P0=1.9701823152;
k_MGMT=43.7253561501;
k_addO=0.0109786054;
k_addN=0.1411074466;
DSB_72h_fac=0.9518876844;
k_DSBO=0.0001939667;
k_DSBN=0.0000309498;
k_CyA=2.6593506237;
fVX=0.0012379481;
kf_ATR_MGMT_P=0.0000137206;
k_ATR=0.0176547396;
K_add=0.0000715755;
kd_pATR=0.0024397461;
k_Chk1=319.1312183925;
C_Chk1=0.8041662478;
pChk1_ref12_5_24h=0.0053314599;
pChk1_ref100_24h=0.0076237462;
pChk1_ref100_48h=0.0087667176;
kd_pChk1=0.0632041839;
k_cdc25=317.7927816626;
K_cdc25=1.2052894917;
kf_p53=0.0004096532;
k_p53=27.4115826640;
K_ATR=0.0003354626;
p53ser46_ref50_72h=0.0003766078;
kp_ser46=5.0588347121;
K_p53=0.6231514381;
upAsy=0.1689873208;
sness=0.0035957140;
k_apop=0.0551479141;
tED50=398.6806414819;
cell_pop_norm0_Jack_MGMT_P=79.5647571357;
k_dis=0.0130630952;

%%%%%%%%%

cost=213.6715990309;

%%%%%%%%%

