TMZout0_Ka_XTMZ(norm)=0.29614;
MGMT_P0(norm)=0.00010;
k_MGMT(norm)=0.69383;
k_addO(norm)=0.30418;
k_addN(norm)=0.45347;
DSB_72h_fac(norm)=0.53439;
k_DSBO(norm)=0.53411;
k_DSBN(norm)=0.64909;
k_CyA(norm)=0.65942;
fVX(norm)=1.00000;
kf_ATR_MGMT_P(norm)=0.34104;
k_ATR(norm)=0.75013;
K_add(norm)=0.99829;
kd_pATR(norm)=0.29794;
k_Chk1(norm)=0.73655;
C_Chk1(norm)=0.14659;
pChk1_ref12_5_24h(norm)=0.08879;
pChk1_ref100_24h(norm)=0.49968;
pChk1_ref100_48h(norm)=0.77191;
kd_pChk1(norm)=0.46009;
k_cdc25(norm)=0.39801;
K_cdc25(norm)=0.58161;
kf_p53(norm)=0.55599;
k_p53(norm)=0.29041;
K_ATR(norm)=0.58408;
p53ser46_ref50_72h(norm)=0.72273;
kp_ser46(norm)=0.80098;
K_p53(norm)=0.27788;
upAsy(norm)=0.07578;
sness(norm)=0.50051;
k_apop(norm)=0.86184;
tED50(norm)=0.44861;
cell_pop_norm0_Jack_MGMT_P(norm)=0.35510;
k_dis(norm)=0.54320;

%%%%%%%%%

TMZout0_Ka_XTMZ=33.1808823146;
MGMT_P0=1.4246312724;
k_MGMT=44.5009260013;
k_addO=0.0081822308;
k_addN=0.1101373834;
DSB_72h_fac=0.9848534757;
k_DSBO=0.0003099407;
k_DSBN=0.0000418052;
k_CyA=2.6090182938;
fVX=0.0020213869;
kf_ATR_MGMT_P=0.0000088390;
k_ATR=0.0303269400;
K_add=0.0001152253;
kd_pATR=0.0021338325;
k_Chk1=381.4076606535;
C_Chk1=0.5183839826;
pChk1_ref12_5_24h=0.0055950304;
pChk1_ref100_24h=0.0079427009;
pChk1_ref100_48h=0.0123474606;
kd_pChk1=0.0567326826;
k_cdc25=197.2735054093;
K_cdc25=1.3873842882;
kf_p53=0.0005623088;
k_p53=25.4635640110;
K_ATR=0.0004618434;
p53ser46_ref50_72h=0.0005392432;
kp_ser46=3.9755600685;
K_p53=0.4972015955;
upAsy=0.1277374393;
sness=0.0034993706;
k_apop=0.0734532837;
tED50=337.7628155419;
cell_pop_norm0_Jack_MGMT_P=79.4518920057;
k_dis=0.0155731460;

%%%%%%%%%

cost=256.6958178373;

%%%%%%%%%

