TMZout0_Ka_XTMZ(norm)=0.53586;
MGMT_P0(norm)=0.42186;
k_MGMT(norm)=0.92549;
k_addO(norm)=0.61572;
k_addN(norm)=0.86581;
DSB_72h_fac(norm)=0.69427;
k_DSBO(norm)=0.59114;
k_DSBN(norm)=0.57004;
k_CyA(norm)=0.91880;
fVX(norm)=0.73295;
kf_ATR_MGMT_P(norm)=0.57699;
k_ATR(norm)=0.71647;
K_add(norm)=0.75992;
kd_pATR(norm)=0.23088;
k_Chk1(norm)=0.25394;
C_Chk1(norm)=0.56295;
pChk1_ref12_5_24h(norm)=0.68054;
pChk1_ref100_24h(norm)=0.67939;
pChk1_ref100_48h(norm)=0.71640;
kd_pChk1(norm)=0.30384;
k_cdc25(norm)=0.83602;
K_cdc25(norm)=0.65092;
kf_p53(norm)=0.16621;
k_p53(norm)=0.66873;
K_ATR(norm)=0.74850;
p53ser46_ref50_72h(norm)=0.19346;
kp_ser46(norm)=0.45377;
K_p53(norm)=0.22309;
upAsy(norm)=0.24163;
sness(norm)=0.78788;
k_apop(norm)=0.78837;
tED50(norm)=0.42944;
cell_pop_norm0_Jack_MGMT_P(norm)=0.17384;
k_dis(norm)=0.61457;

%%%%%%%%%

TMZout0_Ka_XTMZ=35.0580931681;
MGMT_P0=1.7646422048;
k_MGMT=52.3574923878;
k_addO=0.0104474640;
k_addN=0.1453019563;
DSB_72h_fac=1.1098475006;
k_DSBO=0.0003256722;
k_DSBN=0.0000403966;
k_CyA=3.1080862252;
fVX=0.0014404917;
kf_ATR_MGMT_P=0.0000106224;
k_ATR=0.0275179253;
K_add=0.0000867349;
kd_pATR=0.0025050304;
k_Chk1=305.0393778367;
C_Chk1=0.7448090774;
pChk1_ref12_5_24h=0.0084089032;
pChk1_ref100_24h=0.0084144945;
pChk1_ref100_48h=0.0101221197;
kd_pChk1=0.0599879201;
k_cdc25=314.9410947363;
K_cdc25=1.3940747525;
kf_p53=0.0004142368;
k_p53=39.5142661231;
K_ATR=0.0005409071;
p53ser46_ref50_72h=0.0003364476;
kp_ser46=3.0118915467;
K_p53=0.4534512160;
upAsy=0.1860950523;
sness=0.0045241317;
k_apop=0.0784468386;
tED50=382.6401731086;
cell_pop_norm0_Jack_MGMT_P=74.4776208272;
k_dis=0.0167433542;

%%%%%%%%%

cost=125.3186047153;

%%%%%%%%%

