TMZout0_Ka_XTMZ(norm)=0.59931;
MGMT_P0(norm)=0.72962;
k_MGMT(norm)=0.82252;
k_addO(norm)=0.60744;
k_addN(norm)=0.41393;
DSB_72h_fac(norm)=0.22946;
k_DSBO(norm)=0.68913;
k_DSBN(norm)=0.41944;
k_CyA(norm)=0.74799;
fVX(norm)=0.85020;
kf_ATR_MGMT_P(norm)=0.36912;
k_ATR(norm)=1.00000;
K_add(norm)=0.57780;
kd_pATR(norm)=0.21173;
k_Chk1(norm)=0.04990;
C_Chk1(norm)=0.67404;
pChk1_ref12_5_24h(norm)=0.39759;
pChk1_ref100_24h(norm)=0.51589;
pChk1_ref100_48h(norm)=0.63040;
kd_pChk1(norm)=0.63605;
k_cdc25(norm)=0.59209;
K_cdc25(norm)=0.67310;
kf_p53(norm)=0.44120;
k_p53(norm)=0.89886;
K_ATR(norm)=0.70301;
p53ser46_ref50_72h(norm)=0.44206;
kp_ser46(norm)=0.59823;
K_p53(norm)=0.21483;
upAsy(norm)=0.98784;
sness(norm)=0.34214;
k_apop(norm)=0.99375;
tED50(norm)=0.85721;
cell_pop_norm0_Jack_MGMT_P(norm)=0.48592;
k_dis(norm)=0.50861;

%%%%%%%%%

TMZout0_Ka_XTMZ=35.5725178765;
MGMT_P0=2.1131741118;
k_MGMT=57.3600121907;
k_addO=0.0112835234;
k_addN=0.1310875878;
DSB_72h_fac=0.7991515246;
k_DSBO=0.0003420192;
k_DSBN=0.0000320755;
k_CyA=2.3415373269;
fVX=0.0017653227;
kf_ATR_MGMT_P=0.0000090414;
k_ATR=0.0295416857;
K_add=0.0000696853;
kd_pATR=0.0028261768;
k_Chk1=305.1611574564;
C_Chk1=0.8022034400;
pChk1_ref12_5_24h=0.0064997095;
pChk1_ref100_24h=0.0072014390;
pChk1_ref100_48h=0.0089713199;
kd_pChk1=0.0852389148;
k_cdc25=242.5984105140;
K_cdc25=1.4530901996;
kf_p53=0.0006116638;
k_p53=48.4570863003;
K_ATR=0.0004584438;
p53ser46_ref50_72h=0.0004825828;
kp_ser46=3.8877413947;
K_p53=0.3869236830;
upAsy=0.3544046180;
sness=0.0033886408;
k_apop=0.0901953246;
tED50=469.1429032424;
cell_pop_norm0_Jack_MGMT_P=83.2468726275;
k_dis=0.0151938651;

%%%%%%%%%

cost=416.7144377203;

%%%%%%%%%

