TMZout0_Ka_XTMZ(norm)=0.62993;
MGMT_P0(norm)=0.81049;
k_MGMT(norm)=0.52954;
k_addO(norm)=0.56060;
k_addN(norm)=0.71921;
DSB_72h_fac(norm)=0.76932;
k_DSBO(norm)=0.64037;
k_DSBN(norm)=0.41352;
k_CyA(norm)=0.46864;
fVX(norm)=0.48631;
kf_ATR_MGMT_P(norm)=0.59743;
k_ATR(norm)=0.59916;
K_add(norm)=0.53929;
kd_pATR(norm)=0.85716;
k_Chk1(norm)=0.46367;
C_Chk1(norm)=0.58077;
pChk1_ref12_5_24h(norm)=0.68158;
pChk1_ref100_24h(norm)=0.68099;
pChk1_ref100_48h(norm)=0.73008;
kd_pChk1(norm)=0.34333;
k_cdc25(norm)=0.76746;
K_cdc25(norm)=0.57999;
kf_p53(norm)=0.75569;
k_p53(norm)=0.62986;
K_ATR(norm)=0.57986;
p53ser46_ref50_72h(norm)=0.76713;
kp_ser46(norm)=0.63269;
K_p53(norm)=0.44630;
upAsy(norm)=0.17593;
sness(norm)=0.16403;
k_apop(norm)=0.64420;
tED50(norm)=0.07338;
cell_pop_norm0_Jack_MGMT_P(norm)=0.14700;
k_dis(norm)=0.63905;

%%%%%%%%%

TMZout0_Ka_XTMZ=35.8234521187;
MGMT_P0=2.2221370544;
k_MGMT=44.7508446644;
k_addO=0.0108445166;
k_addN=0.1697832229;
DSB_72h_fac=1.1836730954;
k_DSBO=0.0003281751;
k_DSBN=0.0000319149;
k_CyA=1.8480234250;
fVX=0.0012969425;
kf_ATR_MGMT_P=0.0000109710;
k_ATR=0.0210346928;
K_add=0.0000674482;
kd_pATR=0.0048831806;
k_Chk1=433.2965965550;
C_Chk1=0.7412494372;
pChk1_ref12_5_24h=0.0082679359;
pChk1_ref100_24h=0.0082826929;
pChk1_ref100_48h=0.0097619731;
kd_pChk1=0.0665156485;
k_cdc25=281.4635601847;
K_cdc25=1.3428579751;
kf_p53=0.0007984270;
k_p53=38.5810393651;
K_ATR=0.0004130172;
p53ser46_ref50_72h=0.0006356096;
kp_ser46=4.0029434724;
K_p53=0.4707616401;
upAsy=0.1781286629;
sness=0.0029139600;
k_apop=0.0670744201;
tED50=241.4757105989;
cell_pop_norm0_Jack_MGMT_P=73.7681063926;
k_dis=0.0169693727;

%%%%%%%%%

cost=123.1722711418;

%%%%%%%%%

