TMZout0_Ka_XTMZ(norm)=0.09114;
MGMT_P0(norm)=0.98685;
k_MGMT(norm)=0.55426;
k_addO(norm)=0.68696;
k_addN(norm)=0.63832;
DSB_72h_fac(norm)=0.65936;
k_DSBO(norm)=0.49418;
k_DSBN(norm)=0.57291;
k_CyA(norm)=0.66199;
fVX(norm)=0.61976;
kf_ATR_MGMT_P(norm)=0.60589;
k_ATR(norm)=0.44913;
K_add(norm)=0.65630;
kd_pATR(norm)=0.36010;
k_Chk1(norm)=0.60672;
C_Chk1(norm)=0.61021;
pChk1_ref12_5_24h(norm)=0.42524;
pChk1_ref100_24h(norm)=0.43480;
pChk1_ref100_48h(norm)=0.42377;
kd_pChk1(norm)=0.75842;
k_cdc25(norm)=0.92808;
K_cdc25(norm)=0.58129;
kf_p53(norm)=0.39457;
k_p53(norm)=0.20894;
K_ATR(norm)=0.22333;
p53ser46_ref50_72h(norm)=0.44208;
kp_ser46(norm)=0.71154;
K_p53(norm)=0.52139;
upAsy(norm)=0.33172;
sness(norm)=0.69974;
k_apop(norm)=0.57539;
tED50(norm)=0.46792;
cell_pop_norm0_Jack_MGMT_P(norm)=0.15538;
k_dis(norm)=0.59185;

%%%%%%%%%

TMZout0_Ka_XTMZ=31.6554384806;
MGMT_P0=2.4802675565;
k_MGMT=38.2275875651;
k_addO=0.0110975452;
k_addN=0.1198282856;
DSB_72h_fac=1.0808042898;
k_DSBO=0.0002999856;
k_DSBN=0.0000404949;
k_CyA=2.5002985208;
fVX=0.0013087562;
kf_ATR_MGMT_P=0.0000108858;
k_ATR=0.0219402014;
K_add=0.0000794445;
kd_pATR=0.0027948897;
k_Chk1=411.3114225994;
C_Chk1=0.7752414067;
pChk1_ref12_5_24h=0.0067732097;
pChk1_ref100_24h=0.0068394955;
pChk1_ref100_48h=0.0078993332;
kd_pChk1=0.0881734922;
k_cdc25=340.4898593466;
K_cdc25=1.3142010859;
kf_p53=0.0005026652;
k_p53=26.7647677963;
K_ATR=0.0003466335;
p53ser46_ref50_72h=0.0004153400;
kp_ser46=3.7470609057;
K_p53=0.5838475460;
upAsy=0.2008568559;
sness=0.0041985720;
k_apop=0.0654942984;
tED50=395.3215617183;
cell_pop_norm0_Jack_MGMT_P=73.9888082224;
k_dis=0.0164242078;

%%%%%%%%%

cost=123.3959645531;

%%%%%%%%%

