TMZout0_Ka_XTMZ(norm)=0.64930;
MGMT_P0(norm)=0.73341;
k_MGMT(norm)=0.23200;
k_addO(norm)=0.61139;
k_addN(norm)=0.66999;
DSB_72h_fac(norm)=0.38708;
k_DSBO(norm)=0.80303;
k_DSBN(norm)=0.34387;
k_CyA(norm)=0.85132;
fVX(norm)=0.37873;
kf_ATR_MGMT_P(norm)=0.66002;
k_ATR(norm)=0.60643;
K_add(norm)=1.00000;
kd_pATR(norm)=0.60924;
k_Chk1(norm)=0.51035;
C_Chk1(norm)=0.35096;
pChk1_ref12_5_24h(norm)=0.01220;
pChk1_ref100_24h(norm)=0.21289;
pChk1_ref100_48h(norm)=0.91864;
kd_pChk1(norm)=0.07741;
k_cdc25(norm)=0.80911;
K_cdc25(norm)=0.49128;
kf_p53(norm)=0.95046;
k_p53(norm)=0.61998;
K_ATR(norm)=0.23871;
p53ser46_ref50_72h(norm)=0.68457;
kp_ser46(norm)=0.55524;
K_p53(norm)=0.32216;
upAsy(norm)=0.35492;
sness(norm)=0.65090;
k_apop(norm)=0.28002;
tED50(norm)=0.26289;
cell_pop_norm0_Jack_MGMT_P(norm)=0.30457;
k_dis(norm)=0.65927;

%%%%%%%%%

TMZout0_Ka_XTMZ=35.9831348060;
MGMT_P0=2.1181640905;
k_MGMT=34.7785899222;
k_addO=0.0113213084;
k_addN=0.1628492334;
DSB_72h_fac=0.8962657264;
k_DSBO=0.0003766703;
k_DSBN=0.0000300860;
k_CyA=2.5557817807;
fVX=0.0011839536;
kf_ATR_MGMT_P=0.0000115686;
k_ATR=0.0211646984;
K_add=0.0000996552;
kd_pATR=0.0039579910;
k_Chk1=450.7783915448;
C_Chk1=0.6100999090;
pChk1_ref12_5_24h=0.0046889943;
pChk1_ref100_24h=0.0055708346;
pChk1_ref100_48h=0.0114531309;
kd_pChk1=0.0530973411;
k_cdc25=291.5732091822;
K_cdc25=1.2456294789;
kf_p53=0.0009416904;
k_p53=38.2594030293;
K_ATR=0.0003093384;
p53ser46_ref50_72h=0.0005926626;
kp_ser46=3.7486859352;
K_p53=0.4237631301;
upAsy=0.2072991854;
sness=0.0044019077;
k_apop=0.0492660487;
tED50=283.5381981846;
cell_pop_norm0_Jack_MGMT_P=78.0326771671;
k_dis=0.0172627119;

%%%%%%%%%

cost=227.7299304439;

%%%%%%%%%

