TMZout0_Ka_XTMZ(norm)=0.00010;
MGMT_P0(norm)=0.00010;
k_MGMT(norm)=1.00000;
k_addO(norm)=0.00010;
k_addN(norm)=0.33198;
DSB_72h_fac(norm)=0.15730;
k_DSBO(norm)=0.85299;
k_DSBN(norm)=0.44489;
k_CyA(norm)=0.22146;
fVX(norm)=1.00000;
kf_ATR_MGMT_P(norm)=0.69670;
k_ATR(norm)=0.66345;
K_add(norm)=0.66024;
kd_pATR(norm)=0.28354;
k_Chk1(norm)=0.46987;
C_Chk1(norm)=0.00010;
pChk1_ref12_5_24h(norm)=0.52859;
pChk1_ref100_24h(norm)=0.60828;
pChk1_ref100_48h(norm)=0.74336;
kd_pChk1(norm)=0.22900;
k_cdc25(norm)=0.66851;
K_cdc25(norm)=0.49882;
kf_p53(norm)=0.67043;
k_p53(norm)=0.97360;
K_ATR(norm)=0.50495;
p53ser46_ref50_72h(norm)=0.24441;
kp_ser46(norm)=0.37986;
K_p53(norm)=0.69478;
upAsy(norm)=0.45764;
sness(norm)=0.62495;
k_apop(norm)=0.81294;
tED50(norm)=0.44168;
cell_pop_norm0_Jack_MGMT_P(norm)=0.78924;
k_dis(norm)=0.37976;

%%%%%%%%%

TMZout0_Ka_XTMZ=31.0007116889;
MGMT_P0=1.4505888932;
k_MGMT=59.4863474482;
k_addO=0.0066478063;
k_addN=0.1128091020;
DSB_72h_fac=0.7435050832;
k_DSBO=0.0003995482;
k_DSBN=0.0000368209;
k_CyA=1.5225426302;
fVX=0.0019526178;
kf_ATR_MGMT_P=0.0000119495;
k_ATR=0.0203228932;
K_add=0.0000773306;
kd_pATR=0.0024606678;
k_Chk1=394.9057774846;
C_Chk1=0.4539091817;
pChk1_ref12_5_24h=0.0067793054;
pChk1_ref100_24h=0.0072623959;
pChk1_ref100_48h=0.0095628571;
kd_pChk1=0.0580312334;
k_cdc25=317.5283063605;
K_cdc25=1.2449884097;
kf_p53=0.0007229066;
k_p53=41.7090866415;
K_ATR=0.0003218150;
p53ser46_ref50_72h=0.0004142630;
kp_ser46=3.5767353113;
K_p53=0.9072127420;
upAsy=0.2490114893;
sness=0.0040846823;
k_apop=0.0770285825;
tED50=362.7254830772;
cell_pop_norm0_Jack_MGMT_P=92.7583369278;
k_dis=0.0136598477;

%%%%%%%%%

cost=352.5116154541;

%%%%%%%%%

