TMZout0_Ka_XTMZ(norm)=0.05037;
MGMT_P0(norm)=0.43954;
k_MGMT(norm)=0.83728;
k_addO(norm)=0.18771;
k_addN(norm)=0.44263;
DSB_72h_fac(norm)=0.51951;
k_DSBO(norm)=0.58003;
k_DSBN(norm)=0.14555;
k_CyA(norm)=0.58127;
fVX(norm)=0.51306;
kf_ATR_MGMT_P(norm)=0.98721;
k_ATR(norm)=0.57834;
K_add(norm)=0.51640;
kd_pATR(norm)=0.15586;
k_Chk1(norm)=0.28482;
C_Chk1(norm)=0.87073;
pChk1_ref12_5_24h(norm)=1.00000;
pChk1_ref100_24h(norm)=0.19586;
pChk1_ref100_48h(norm)=1.00000;
kd_pChk1(norm)=0.53860;
k_cdc25(norm)=0.23408;
K_cdc25(norm)=0.91712;
kf_p53(norm)=0.50756;
k_p53(norm)=0.05064;
K_ATR(norm)=0.47711;
p53ser46_ref50_72h(norm)=0.78186;
kp_ser46(norm)=0.80264;
K_p53(norm)=0.33847;
upAsy(norm)=0.73058;
sness(norm)=0.37057;
k_apop(norm)=0.34030;
tED50(norm)=0.59853;
cell_pop_norm0_Jack_MGMT_P(norm)=0.60408;
k_dis(norm)=0.68136;

%%%%%%%%%

TMZout0_Ka_XTMZ=31.3605243448;
MGMT_P0=1.7644676220;
k_MGMT=58.0821149578;
k_addO=0.0079066609;
k_addN=0.1343142816;
DSB_72h_fac=0.9869349283;
k_DSBO=0.0003118206;
k_DSBN=0.0000254325;
k_CyA=2.0330750853;
fVX=0.0013266706;
kf_ATR_MGMT_P=0.0000152643;
k_ATR=0.0206668443;
K_add=0.0000661527;
kd_pATR=0.0026955149;
k_Chk1=372.3697576849;
C_Chk1=0.9476813911;
pChk1_ref12_5_24h=0.0108284658;
pChk1_ref100_24h=0.0054910488;
pChk1_ref100_48h=0.0122705020;
kd_pChk1=0.0784837512;
k_cdc25=179.1229081425;
K_cdc25=1.7868402449;
kf_p53=0.0006470394;
k_p53=23.6174500559;
K_ATR=0.0003785806;
p53ser46_ref50_72h=0.0006435898;
kp_ser46=4.6229157867;
K_p53=0.4296589027;
upAsy=0.2849915412;
sness=0.0034712613;
k_apop=0.0518473451;
tED50=376.8068999174;
cell_pop_norm0_Jack_MGMT_P=86.8301359596;
k_dis=0.0175888311;

%%%%%%%%%

cost=100000.0000000000;

%%%%%%%%%

