TMZout0_Ka_XTMZ(norm)=0.83064;
MGMT_P0(norm)=0.61196;
k_MGMT(norm)=0.13056;
k_addO(norm)=0.10341;
k_addN(norm)=0.15102;
DSB_72h_fac(norm)=0.51543;
k_DSBO(norm)=0.82320;
k_DSBN(norm)=0.74816;
k_CyA(norm)=0.50894;
fVX(norm)=0.85581;
kf_ATR_MGMT_P(norm)=0.37567;
k_ATR(norm)=0.68067;
K_add(norm)=0.71151;
kd_pATR(norm)=0.62942;
k_Chk1(norm)=0.53735;
C_Chk1(norm)=0.50291;
pChk1_ref12_5_24h(norm)=0.43664;
pChk1_ref100_24h(norm)=0.46591;
pChk1_ref100_48h(norm)=0.44365;
kd_pChk1(norm)=0.41938;
k_cdc25(norm)=0.45705;
K_cdc25(norm)=0.72967;
kf_p53(norm)=0.60117;
k_p53(norm)=0.15111;
K_ATR(norm)=0.16773;
p53ser46_ref50_72h(norm)=0.59247;
kp_ser46(norm)=0.60224;
K_p53(norm)=0.25209;
upAsy(norm)=0.27477;
sness(norm)=0.87253;
k_apop(norm)=0.91870;
tED50(norm)=0.28176;
cell_pop_norm0_Jack_MGMT_P(norm)=0.04308;
k_dis(norm)=0.50213;

%%%%%%%%%

TMZout0_Ka_XTMZ=37.5127397305;
MGMT_P0=1.9641202476;
k_MGMT=31.9143446084;
k_addO=0.0073616245;
k_addN=0.1049093203;
DSB_72h_fac=0.9840091366;
k_DSBO=0.0003831636;
k_DSBN=0.0000423774;
k_CyA=1.9122249067;
fVX=0.0017737293;
kf_ATR_MGMT_P=0.0000090917;
k_ATR=0.0225386970;
K_add=0.0000780444;
kd_pATR=0.0040262460;
k_Chk1=461.2093488893;
C_Chk1=0.6939266679;
pChk1_ref12_5_24h=0.0067183575;
pChk1_ref100_24h=0.0069028097;
pChk1_ref100_48h=0.0076584033;
kd_pChk1=0.0709426121;
k_cdc25=216.3699210641;
K_cdc25=1.5244435984;
kf_p53=0.0007004530;
k_p53=25.7160802442;
K_ATR=0.0002912829;
p53ser46_ref50_72h=0.0005481733;
kp_ser46=3.9009643375;
K_p53=0.3993340566;
upAsy=0.1936894119;
sness=0.0053112341;
k_apop=0.0846377892;
tED50=288.1074971960;
cell_pop_norm0_Jack_MGMT_P=71.0838054614;
k_dis=0.0151106814;

%%%%%%%%%

cost=187.5100198822;

%%%%%%%%%

