TMZout0_Ka_XTMZ(norm)=0.50000;
MGMT_P0(norm)=0.75000;
k_MGMT(norm)=0.75000;
k_addO(norm)=0.75000;
k_addN(norm)=0.75000;
DSB_72h_fac(norm)=0.50000;
k_DSBO(norm)=0.75000;
k_DSBN(norm)=0.25000;
k_CyA(norm)=0.25000;
fVX(norm)=0.75000;
kf_ATR_MGMT_P(norm)=0.50000;
k_ATR(norm)=0.50000;
K_add(norm)=0.75000;
kd_pATR(norm)=0.50000;
k_Chk1(norm)=0.50000;
C_Chk1(norm)=0.75000;
pChk1_ref12_5_24h(norm)=0.75000;
pChk1_ref100_24h(norm)=0.50000;
pChk1_ref100_48h(norm)=0.25000;
kd_pChk1(norm)=0.25000;
k_cdc25(norm)=0.75000;
K_cdc25(norm)=0.25000;
kf_p53(norm)=0.50000;
k_p53(norm)=0.25000;
K_ATR(norm)=0.75000;
p53ser46_ref50_72h(norm)=0.75000;
kp_ser46(norm)=0.50000;
K_p53(norm)=0.50000;
upAsy(norm)=0.25000;
sness(norm)=0.75000;
k_apop(norm)=0.25000;
tED50(norm)=0.25000;
cell_pop_norm0_Jack_MGMT_P(norm)=0.50000;
k_dis(norm)=0.25000;

%%%%%%%%%

TMZout0_Ka_XTMZ=34.7706773014;
MGMT_P0=2.1401222973;
k_MGMT=53.9417872216;
k_addO=0.0127322079;
k_addN=0.1742715221;
DSB_72h_fac=0.9730200153;
k_DSBO=0.0003601206;
k_DSBN=0.0000277858;
k_CyA=1.5355126981;
fVX=0.0016216303;
kf_ATR_MGMT_P=0.0000101017;
k_ATR=0.0193395730;
K_add=0.0000806317;
kd_pATR=0.0036080793;
k_Chk1=446.8435252261;
C_Chk1=0.8555327210;
pChk1_ref12_5_24h=0.0087613843;
pChk1_ref100_24h=0.0071051060;
pChk1_ref100_48h=0.0064994969;
kd_pChk1=0.0614582973;
k_cdc25=277.3300904811;
K_cdc25=1.0153191211;
kf_p53=0.0006429082;
k_p53=27.9636113752;
K_ATR=0.0004770631;
p53ser46_ref50_72h=0.0006264495;
kp_ser46=3.5772699853;
K_p53=0.4926778879;
upAsy=0.1896666674;
sness=0.0047874824;
k_apop=0.0480286135;
tED50=280.4574324317;
cell_pop_norm0_Jack_MGMT_P=83.6660026534;
k_dis=0.0122041055;

%%%%%%%%%

cost=187.5100198822;

%%%%%%%%%

