TMZout0_Ka_XTMZ(norm)=0.42758;
MGMT_P0(norm)=1.00000;
k_MGMT(norm)=0.06565;
k_addO(norm)=0.30844;
k_addN(norm)=0.59715;
DSB_72h_fac(norm)=0.47470;
k_DSBO(norm)=0.64020;
k_DSBN(norm)=0.70139;
k_CyA(norm)=0.28466;
fVX(norm)=0.36967;
kf_ATR_MGMT_P(norm)=1.00000;
k_ATR(norm)=0.48342;
K_add(norm)=0.36352;
kd_pATR(norm)=1.00000;
k_Chk1(norm)=0.68558;
C_Chk1(norm)=0.24915;
pChk1_ref12_5_24h(norm)=0.00010;
pChk1_ref100_24h(norm)=0.36107;
pChk1_ref100_48h(norm)=0.22064;
kd_pChk1(norm)=0.24121;
k_cdc25(norm)=0.36535;
K_cdc25(norm)=0.50102;
kf_p53(norm)=0.40004;
k_p53(norm)=0.87745;
K_ATR(norm)=0.00010;
p53ser46_ref50_72h(norm)=0.69888;
kp_ser46(norm)=0.00010;
K_p53(norm)=0.55906;
upAsy(norm)=0.14207;
sness(norm)=1.00000;
k_apop(norm)=0.37649;
tED50(norm)=0.00010;
cell_pop_norm0_Jack_MGMT_P(norm)=0.00010;
k_dis(norm)=0.50420;

%%%%%%%%%

TMZout0_Ka_XTMZ=34.1974028434;
MGMT_P0=2.5000000000;
k_MGMT=26.9525510745;
k_addO=0.0086325580;
k_addN=0.1412284591;
DSB_72h_fac=0.9436291286;
k_DSBO=0.0003336325;
k_DSBN=0.0000457598;
k_CyA=1.6062840609;
fVX=0.0011446450;
kf_ATR_MGMT_P=0.0000154510;
k_ATR=0.0174477745;
K_add=0.0000601405;
kd_pATR=0.0045153580;
k_Chk1=474.0991632757;
C_Chk1=0.5605468433;
pChk1_ref12_5_24h=0.0043322609;
pChk1_ref100_24h=0.0058899311;
pChk1_ref100_48h=0.0061409581;
kd_pChk1=0.0586346843;
k_cdc25=245.5975394470;
K_cdc25=1.2473174696;
kf_p53=0.0005748879;
k_p53=38.4458607036;
K_ATR=0.0002098135;
p53ser46_ref50_72h=0.0006088471;
kp_ser46=2.5926400881;
K_p53=0.8086604168;
upAsy=0.1905877161;
sness=0.0056126384;
k_apop=0.0532168300;
tED50=249.5099207946;
cell_pop_norm0_Jack_MGMT_P=70.0024967691;
k_dis=0.0151788283;

%%%%%%%%%

cost=345.1675582220;

%%%%%%%%%

