TMZout0_Ka_XTMZ(norm)=0.59244;
MGMT_P0(norm)=0.00010;
k_MGMT(norm)=0.05025;
k_addO(norm)=0.80239;
k_addN(norm)=0.36607;
DSB_72h_fac(norm)=0.88785;
k_DSBO(norm)=0.57112;
k_DSBN(norm)=0.81234;
k_CyA(norm)=0.19354;
fVX(norm)=0.30397;
kf_ATR_MGMT_P(norm)=0.80379;
k_ATR(norm)=0.36455;
K_add(norm)=0.28152;
kd_pATR(norm)=0.56180;
k_Chk1(norm)=0.47596;
C_Chk1(norm)=0.72532;
pChk1_ref12_5_24h(norm)=0.64932;
pChk1_ref100_24h(norm)=0.66234;
pChk1_ref100_48h(norm)=0.89282;
kd_pChk1(norm)=0.59904;
k_cdc25(norm)=0.54816;
K_cdc25(norm)=0.58504;
kf_p53(norm)=0.04730;
k_p53(norm)=0.31608;
K_ATR(norm)=0.37794;
p53ser46_ref50_72h(norm)=0.21716;
kp_ser46(norm)=0.44879;
K_p53(norm)=0.56916;
upAsy(norm)=0.20598;
sness(norm)=0.53199;
k_apop(norm)=0.53033;
tED50(norm)=0.84102;
cell_pop_norm0_Jack_MGMT_P(norm)=0.60874;
k_dis(norm)=0.65083;

%%%%%%%%%

TMZout0_Ka_XTMZ=35.5164823268;
MGMT_P0=1.3426454420;
k_MGMT=29.8150375903;
k_addO=0.0133101485;
k_addN=0.1258776470;
DSB_72h_fac=1.2902936810;
k_DSBO=0.0003094748;
k_DSBN=0.0000447456;
k_CyA=1.4637857466;
fVX=0.0011112753;
kf_ATR_MGMT_P=0.0000130672;
k_ATR=0.0172426355;
K_add=0.0000542148;
kd_pATR=0.0038020385;
k_Chk1=437.8342202323;
C_Chk1=0.8378302542;
pChk1_ref12_5_24h=0.0080449897;
pChk1_ref100_24h=0.0081528029;
pChk1_ref100_48h=0.0112052690;
kd_pChk1=0.0826071938;
k_cdc25=233.7358023191;
K_cdc25=1.3486225358;
kf_p53=0.0004380916;
k_p53=29.5738866333;
K_ATR=0.0003480706;
p53ser46_ref50_72h=0.0003988539;
kp_ser46=3.4253656960;
K_p53=0.5224107823;
upAsy=0.1827234336;
sness=0.0039800277;
k_apop=0.0609051347;
tED50=462.7536841165;
cell_pop_norm0_Jack_MGMT_P=86.9747337011;
k_dis=0.0171396331;

%%%%%%%%%

cost=341.3133532079;

%%%%%%%%%

