TMZout0_Ka_XTMZ(norm)=0.04054;
MGMT_P0(norm)=0.19005;
k_MGMT(norm)=0.95432;
k_addO(norm)=0.42541;
k_addN(norm)=0.12907;
DSB_72h_fac(norm)=0.47459;
k_DSBO(norm)=0.74986;
k_DSBN(norm)=0.46194;
k_CyA(norm)=0.69621;
fVX(norm)=0.65411;
kf_ATR_MGMT_P(norm)=0.59255;
k_ATR(norm)=0.00010;
K_add(norm)=0.82553;
kd_pATR(norm)=0.00010;
k_Chk1(norm)=0.91897;
C_Chk1(norm)=0.09521;
pChk1_ref12_5_24h(norm)=0.44027;
pChk1_ref100_24h(norm)=0.17516;
pChk1_ref100_48h(norm)=0.54387;
kd_pChk1(norm)=0.07593;
k_cdc25(norm)=0.44351;
K_cdc25(norm)=0.38101;
kf_p53(norm)=1.00000;
k_p53(norm)=0.17161;
K_ATR(norm)=0.08340;
p53ser46_ref50_72h(norm)=0.38109;
kp_ser46(norm)=0.24268;
K_p53(norm)=0.55913;
upAsy(norm)=0.53431;
sness(norm)=0.86288;
k_apop(norm)=0.42037;
tED50(norm)=0.53180;
cell_pop_norm0_Jack_MGMT_P(norm)=0.77249;
k_dis(norm)=0.46403;

%%%%%%%%%

TMZout0_Ka_XTMZ=31.2898543367;
MGMT_P0=1.6086111031;
k_MGMT=57.2277868480;
k_addO=0.0095319938;
k_addN=0.0949899723;
DSB_72h_fac=0.9435531803;
k_DSBO=0.0003661173;
k_DSBN=0.0000373569;
k_CyA=2.2764789311;
fVX=0.0014565967;
kf_ATR_MGMT_P=0.0000109402;
k_ATR=0.0115847832;
K_add=0.0000889560;
kd_pATR=0.0019353174;
k_Chk1=577.7658684846;
C_Chk1=0.4920011826;
pChk1_ref12_5_24h=0.0062905343;
pChk1_ref100_24h=0.0050315295;
pChk1_ref100_48h=0.0080756879;
kd_pChk1=0.0509723455;
k_cdc25=262.4141288497;
K_cdc25=1.1267134210;
kf_p53=0.0009557765;
k_p53=21.1405166128;
K_ATR=0.0002251570;
p53ser46_ref50_72h=0.0004651270;
kp_ser46=3.1842429882;
K_p53=0.8087083345;
upAsy=0.2657231705;
sness=0.0049970103;
k_apop=0.0552325806;
tED50=391.5084870989;
cell_pop_norm0_Jack_MGMT_P=92.2057911011;
k_dis=0.0146709587;

%%%%%%%%%

cost=100000.0000000000;

%%%%%%%%%

