TMZout0_Ka_XTMZ(norm)=0.42256;
MGMT_P0(norm)=0.58869;
k_MGMT(norm)=0.61713;
k_addO(norm)=0.39600;
k_addN(norm)=0.51869;
DSB_72h_fac(norm)=0.15771;
k_DSBO(norm)=0.49067;
k_DSBN(norm)=0.45973;
k_CyA(norm)=0.60027;
fVX(norm)=0.35049;
kf_ATR_MGMT_P(norm)=0.78029;
k_ATR(norm)=0.22197;
K_add(norm)=0.53767;
kd_pATR(norm)=0.43653;
k_Chk1(norm)=0.27500;
C_Chk1(norm)=0.25723;
pChk1_ref12_5_24h(norm)=0.19586;
pChk1_ref100_24h(norm)=0.56704;
pChk1_ref100_48h(norm)=0.57317;
kd_pChk1(norm)=0.08574;
k_cdc25(norm)=0.78473;
K_cdc25(norm)=0.32616;
kf_p53(norm)=0.72450;
k_p53(norm)=0.54340;
K_ATR(norm)=0.16270;
p53ser46_ref50_72h(norm)=0.64841;
kp_ser46(norm)=0.56874;
K_p53(norm)=0.49511;
upAsy(norm)=0.26885;
sness(norm)=0.23594;
k_apop(norm)=0.51198;
tED50(norm)=1.00000;
cell_pop_norm0_Jack_MGMT_P(norm)=0.74157;
k_dis(norm)=0.60375;

%%%%%%%%%

TMZout0_Ka_XTMZ=34.1580167225;
MGMT_P0=1.9359007302;
k_MGMT=48.1984377074;
k_addO=0.0094327632;
k_addN=0.1432555273;
DSB_72h_fac=0.7584970457;
k_DSBO=0.0002890815;
k_DSBN=0.0000331894;
k_CyA=2.0660624730;
fVX=0.0011559555;
kf_ATR_MGMT_P=0.0000128096;
k_ATR=0.0152804911;
K_add=0.0000673556;
kd_pATR=0.0034191808;
k_Chk1=369.2828097667;
C_Chk1=0.5635175862;
pChk1_ref12_5_24h=0.0054784995;
pChk1_ref100_24h=0.0075203873;
pChk1_ref100_48h=0.0085467022;
kd_pChk1=0.0534730631;
k_cdc25=285.6130521646;
K_cdc25=1.0829978516;
kf_p53=0.0007776037;
k_p53=35.8555767864;
K_ATR=0.0002900436;
p53ser46_ref50_72h=0.0005747804;
kp_ser46=3.7918108471;
K_p53=0.4906407326;
upAsy=0.1927205491;
sness=0.0030970404;
k_apop=0.0599654897;
tED50=529.4799787438;
cell_pop_norm0_Jack_MGMT_P=91.1945023926;
k_dis=0.0164694056;

%%%%%%%%%

cost=233.9177963697;

%%%%%%%%%

