TMZout0_Ka_XTMZ(norm)=0.84346;
MGMT_P0(norm)=0.56971;
k_MGMT(norm)=0.70541;
k_addO(norm)=0.68461;
k_addN(norm)=0.46075;
DSB_72h_fac(norm)=1.00000;
k_DSBO(norm)=0.69838;
k_DSBN(norm)=0.98278;
k_CyA(norm)=0.34801;
fVX(norm)=0.56688;
kf_ATR_MGMT_P(norm)=0.74856;
k_ATR(norm)=0.66405;
K_add(norm)=0.43066;
kd_pATR(norm)=0.56203;
k_Chk1(norm)=0.44406;
C_Chk1(norm)=0.45304;
pChk1_ref12_5_24h(norm)=0.00010;
pChk1_ref100_24h(norm)=0.41171;
pChk1_ref100_48h(norm)=0.89902;
kd_pChk1(norm)=0.92716;
k_cdc25(norm)=0.69717;
K_cdc25(norm)=0.87756;
kf_p53(norm)=0.23022;
k_p53(norm)=0.55897;
K_ATR(norm)=0.31278;
p53ser46_ref50_72h(norm)=0.69187;
kp_ser46(norm)=0.53354;
K_p53(norm)=0.81047;
upAsy(norm)=0.10216;
sness(norm)=0.39189;
k_apop(norm)=0.21693;
tED50(norm)=0.27021;
cell_pop_norm0_Jack_MGMT_P(norm)=0.24929;
k_dis(norm)=0.36870;

%%%%%%%%%

TMZout0_Ka_XTMZ=37.6233036668;
MGMT_P0=1.9131968458;
k_MGMT=51.9417387996;
k_addO=0.0120460191;
k_addN=0.1363919118;
DSB_72h_fac=1.4000000000;
k_DSBO=0.0003447103;
k_DSBN=0.0000516976;
k_CyA=1.6684778129;
fVX=0.0013885713;
kf_ATR_MGMT_P=0.0000124698;
k_ATR=0.0222235014;
K_add=0.0000615170;
kd_pATR=0.0038027958;
k_Chk1=426.1576516219;
C_Chk1=0.6652178499;
pChk1_ref12_5_24h=0.0046411643;
pChk1_ref100_24h=0.0065929582;
pChk1_ref100_48h=0.0112642667;
kd_pChk1=0.1090834068;
k_cdc25=265.1905032562;
K_cdc25=1.7279495069;
kf_p53=0.0005115347;
k_p53=36.3316897694;
K_ATR=0.0003293746;
p53ser46_ref50_72h=0.0005963407;
kp_ser46=3.6803737196;
K_p53=0.6409268713;
upAsy=0.1673357510;
sness=0.0035345212;
k_apop=0.0467015262;
tED50=285.3008688658;
cell_pop_norm0_Jack_MGMT_P=76.5090795004;
k_dis=0.0134953728;

%%%%%%%%%

cost=413.6969198867;

%%%%%%%%%

