TMZout0_Ka_XTMZ(norm)=0.81325;
MGMT_P0(norm)=0.25485;
k_MGMT(norm)=1.00000;
k_addO(norm)=0.00010;
k_addN(norm)=0.51439;
DSB_72h_fac(norm)=0.75660;
k_DSBO(norm)=0.66157;
k_DSBN(norm)=0.84425;
k_CyA(norm)=0.10716;
fVX(norm)=0.51402;
kf_ATR_MGMT_P(norm)=0.72517;
k_ATR(norm)=0.36828;
K_add(norm)=0.74695;
kd_pATR(norm)=0.31086;
k_Chk1(norm)=0.40125;
C_Chk1(norm)=0.16678;
pChk1_ref12_5_24h(norm)=0.07555;
pChk1_ref100_24h(norm)=0.19675;
pChk1_ref100_48h(norm)=0.60560;
kd_pChk1(norm)=0.18761;
k_cdc25(norm)=0.73076;
K_cdc25(norm)=0.31240;
kf_p53(norm)=0.49812;
k_p53(norm)=0.07401;
K_ATR(norm)=0.20244;
p53ser46_ref50_72h(norm)=0.21249;
kp_ser46(norm)=0.56882;
K_p53(norm)=0.36140;
upAsy(norm)=0.37688;
sness(norm)=0.72437;
k_apop(norm)=0.76470;
tED50(norm)=0.48538;
cell_pop_norm0_Jack_MGMT_P(norm)=0.25180;
k_dis(norm)=0.50337;

%%%%%%%%%

TMZout0_Ka_XTMZ=37.3632468743;
MGMT_P0=1.5730622593;
k_MGMT=66.6683225466;
k_addO=0.0067446269;
k_addN=0.1427343637;
DSB_72h_fac=1.1727681556;
k_DSBO=0.0003341239;
k_DSBN=0.0000459721;
k_CyA=1.3604751755;
fVX=0.0013277513;
kf_ATR_MGMT_P=0.0000122251;
k_ATR=0.0172972637;
K_add=0.0000804237;
kd_pATR=0.0030738196;
k_Chk1=410.9767085797;
C_Chk1=0.5219446481;
pChk1_ref12_5_24h=0.0049475747;
pChk1_ref100_24h=0.0054951971;
pChk1_ref100_48h=0.0087848043;
kd_pChk1=0.0582938158;
k_cdc25=272.8453526582;
K_cdc25=1.0704426979;
kf_p53=0.0006418874;
k_p53=24.0898826589;
K_ATR=0.0002999747;
p53ser46_ref50_72h=0.0003972786;
kp_ser46=3.7920762045;
K_p53=0.4380865370;
upAsy=0.2111925674;
sness=0.0046846540;
k_apop=0.0742844239;
tED50=342.3572955359;
cell_pop_norm0_Jack_MGMT_P=76.5777137948;
k_dis=0.0151266082;

%%%%%%%%%

cost=235.3706571764;

%%%%%%%%%

