TMZout0_Ka_XTMZ(norm)=0.09564;
MGMT_P0(norm)=0.97078;
k_MGMT(norm)=0.27142;
k_addO(norm)=0.00010;
k_addN(norm)=0.29697;
DSB_72h_fac(norm)=0.41662;
k_DSBO(norm)=0.65434;
k_DSBN(norm)=0.46397;
k_CyA(norm)=0.47776;
fVX(norm)=0.35199;
kf_ATR_MGMT_P(norm)=0.54903;
k_ATR(norm)=0.79183;
K_add(norm)=0.51958;
kd_pATR(norm)=0.51705;
k_Chk1(norm)=0.66985;
C_Chk1(norm)=0.35580;
pChk1_ref12_5_24h(norm)=0.34436;
pChk1_ref100_24h(norm)=0.37826;
pChk1_ref100_48h(norm)=0.57551;
kd_pChk1(norm)=0.20708;
k_cdc25(norm)=0.38842;
K_cdc25(norm)=0.36094;
kf_p53(norm)=0.41293;
k_p53(norm)=0.72792;
K_ATR(norm)=0.37732;
p53ser46_ref50_72h(norm)=1.00000;
kp_ser46(norm)=0.76079;
K_p53(norm)=0.45108;
upAsy(norm)=0.87007;
sness(norm)=0.37827;
k_apop(norm)=0.64806;
tED50(norm)=0.56226;
cell_pop_norm0_Jack_MGMT_P(norm)=0.07127;
k_dis(norm)=0.59686;

%%%%%%%%%

TMZout0_Ka_XTMZ=31.6881611070;
MGMT_P0=2.4549894785;
k_MGMT=35.9598231081;
k_addO=0.0067446269;
k_addN=0.1187192909;
DSB_72h_fac=0.9157378554;
k_DSBO=0.0003320843;
k_DSBN=0.0000333090;
k_CyA=1.8623596471;
fVX=0.0011574242;
kf_ATR_MGMT_P=0.0000105302;
k_ATR=0.0247647069;
K_add=0.0000663308;
kd_pATR=0.0036605915;
k_Chk1=516.0086637557;
C_Chk1=0.6126067348;
pChk1_ref12_5_24h=0.0062130923;
pChk1_ref100_24h=0.0064087641;
pChk1_ref100_48h=0.0085636347;
kd_pChk1=0.0592634865;
k_cdc25=204.1480384854;
K_cdc25=1.1153923850;
kf_p53=0.0005971861;
k_p53=41.9234592620;
K_ATR=0.0003478877;
p53ser46_ref50_72h=0.0007742483;
kp_ser46=4.4618582127;
K_p53=0.4726727164;
upAsy=0.3207477904;
sness=0.0034939592;
k_apop=0.0672941375;
tED50=365.4019303209;
cell_pop_norm0_Jack_MGMT_P=71.8022023812;
k_dis=0.0163735225;

%%%%%%%%%

cost=266.6653212132;

%%%%%%%%%

