TMZout0_Ka_XTMZ(norm)=1.00000;
MGMT_P0(norm)=0.86948;
k_MGMT(norm)=0.41349;
k_addO(norm)=0.13760;
k_addN(norm)=0.24166;
DSB_72h_fac(norm)=0.00010;
k_DSBO(norm)=0.30054;
k_DSBN(norm)=0.55410;
k_CyA(norm)=0.71054;
fVX(norm)=0.72260;
kf_ATR_MGMT_P(norm)=0.70806;
k_ATR(norm)=0.86940;
K_add(norm)=0.51444;
kd_pATR(norm)=0.18783;
k_Chk1(norm)=0.94884;
C_Chk1(norm)=0.46953;
pChk1_ref12_5_24h(norm)=0.38183;
pChk1_ref100_24h(norm)=0.72606;
pChk1_ref100_48h(norm)=0.78329;
kd_pChk1(norm)=1.00000;
k_cdc25(norm)=0.85461;
K_cdc25(norm)=0.25277;
kf_p53(norm)=1.00000;
k_p53(norm)=0.87116;
K_ATR(norm)=0.55058;
p53ser46_ref50_72h(norm)=0.52284;
kp_ser46(norm)=0.70013;
K_p53(norm)=0.51500;
upAsy(norm)=0.49627;
sness(norm)=0.00010;
k_apop(norm)=1.00000;
tED50(norm)=0.00010;
cell_pop_norm0_Jack_MGMT_P(norm)=0.24317;
k_dis(norm)=0.24097;

%%%%%%%%%

TMZout0_Ka_XTMZ=39.0000000000;
MGMT_P0=2.3109281406;
k_MGMT=33.9293448479;
k_addO=0.0069674554;
k_addN=0.0856243894;
DSB_72h_fac=0.6550158473;
k_DSBO=0.0002545930;
k_DSBN=0.0000398547;
k_CyA=2.6052973887;
fVX=0.0014279131;
kf_ATR_MGMT_P=0.0000118701;
k_ATR=0.0313249660;
K_add=0.0000704469;
kd_pATR=0.0024152990;
k_Chk1=549.6214397520;
C_Chk1=0.6881244414;
pChk1_ref12_5_24h=0.0065286060;
pChk1_ref100_24h=0.0087539343;
pChk1_ref100_48h=0.0107123287;
kd_pChk1=0.1082018424;
k_cdc25=319.9396159104;
K_cdc25=0.9948878793;
kf_p53=0.0008395845;
k_p53=46.9077291600;
K_ATR=0.0004573965;
p53ser46_ref50_72h=0.0004447584;
kp_ser46=3.7110276925;
K_p53=0.5806957500;
upAsy=0.2309066703;
sness=0.0023208671;
k_apop=0.0938532913;
tED50=265.9516780049;
cell_pop_norm0_Jack_MGMT_P=76.3424432981;
k_dis=0.0122002501;

%%%%%%%%%

cost=641.3471134045;

%%%%%%%%%

