TMZout0_Ka_XTMZ(norm)=0.81919;
MGMT_P0(norm)=0.97393;
k_MGMT(norm)=0.70815;
k_addO(norm)=0.53270;
k_addN(norm)=0.74478;
DSB_72h_fac(norm)=0.74425;
k_DSBO(norm)=0.58590;
k_DSBN(norm)=0.56194;
k_CyA(norm)=0.75108;
fVX(norm)=0.57219;
kf_ATR_MGMT_P(norm)=0.62157;
k_ATR(norm)=0.66107;
K_add(norm)=0.70036;
kd_pATR(norm)=0.40813;
k_Chk1(norm)=0.11467;
C_Chk1(norm)=0.54809;
pChk1_ref12_5_24h(norm)=0.51519;
pChk1_ref100_24h(norm)=0.51342;
pChk1_ref100_48h(norm)=0.63578;
kd_pChk1(norm)=0.29567;
k_cdc25(norm)=0.99535;
K_cdc25(norm)=0.20260;
kf_p53(norm)=0.49706;
k_p53(norm)=0.33511;
K_ATR(norm)=0.50176;
p53ser46_ref50_72h(norm)=0.54242;
kp_ser46(norm)=0.58739;
K_p53(norm)=0.19095;
upAsy(norm)=0.43028;
sness(norm)=0.74780;
k_apop(norm)=0.61045;
tED50(norm)=0.37691;
cell_pop_norm0_Jack_MGMT_P(norm)=0.14759;
k_dis(norm)=0.60307;

%%%%%%%%%

TMZout0_Ka_XTMZ=37.4142913536;
MGMT_P0=2.4598016184;
k_MGMT=52.0624156886;
k_addO=0.0105911713;
k_addN=0.1735020841;
DSB_72h_fac=1.1622723556;
k_DSBO=0.0003133730;
k_DSBN=0.0000361918;
k_CyA=2.3476769711;
fVX=0.0013948375;
kf_ATR_MGMT_P=0.0000111978;
k_ATR=0.0221674526;
K_add=0.0000773105;
kd_pATR=0.0033378747;
k_Chk1=322.3774574386;
C_Chk1=0.7210076071;
pChk1_ref12_5_24h=0.0071807490;
pChk1_ref100_24h=0.0071863774;
pChk1_ref100_48h=0.0090123601;
kd_pChk1=0.0638832544;
k_cdc25=341.4142699444;
K_cdc25=0.9753460177;
kf_p53=0.0006413098;
k_p53=30.0547727754;
K_ATR=0.0003865704;
p53ser46_ref50_72h=0.0005254154;
kp_ser46=3.8521972472;
K_p53=0.3791761607;
upAsy=0.2209688133;
sness=0.0047785621;
k_apop=0.0651833877;
tED50=312.2971672199;
cell_pop_norm0_Jack_MGMT_P=73.7836995276;
k_dis=0.0164598609;

%%%%%%%%%

cost=126.0436231071;

%%%%%%%%%

