TMZout0_Ka_XTMZ(norm)=0.95472;
MGMT_P0(norm)=0.94145;
k_MGMT(norm)=0.43780;
k_addO(norm)=0.47475;
k_addN(norm)=0.50940;
DSB_72h_fac(norm)=0.65671;
k_DSBO(norm)=0.71364;
k_DSBN(norm)=0.71785;
k_CyA(norm)=0.68986;
fVX(norm)=0.88918;
kf_ATR_MGMT_P(norm)=0.62597;
k_ATR(norm)=0.24228;
K_add(norm)=0.58253;
kd_pATR(norm)=0.40367;
k_Chk1(norm)=0.66588;
C_Chk1(norm)=0.58517;
pChk1_ref12_5_24h(norm)=0.47014;
pChk1_ref100_24h(norm)=0.46846;
pChk1_ref100_48h(norm)=0.53226;
kd_pChk1(norm)=0.58518;
k_cdc25(norm)=0.25146;
K_cdc25(norm)=0.67469;
kf_p53(norm)=0.59171;
k_p53(norm)=0.68797;
K_ATR(norm)=0.37405;
p53ser46_ref50_72h(norm)=0.62512;
kp_ser46(norm)=0.86950;
K_p53(norm)=0.78787;
upAsy(norm)=0.10367;
sness(norm)=0.49979;
k_apop(norm)=0.43912;
tED50(norm)=0.20948;
cell_pop_norm0_Jack_MGMT_P(norm)=0.15852;
k_dis(norm)=0.60426;

%%%%%%%%%

TMZout0_Ka_XTMZ=38.5967337922;
MGMT_P0=2.4106329706;
k_MGMT=41.4040866080;
k_addO=0.0100836967;
k_addN=0.1421320014;
DSB_72h_fac=1.0905496101;
k_DSBO=0.0003491964;
k_DSBN=0.0000413030;
k_CyA=2.2290098992;
fVX=0.0018245960;
kf_ATR_MGMT_P=0.0000112396;
k_ATR=0.0155457821;
K_add=0.0000699649;
kd_pATR=0.0033252930;
k_Chk1=514.2765465422;
C_Chk1=0.7440156531;
pChk1_ref12_5_24h=0.0069117705;
pChk1_ref100_24h=0.0069177165;
pChk1_ref100_48h=0.0082555629;
kd_pChk1=0.0816431283;
k_cdc25=181.7801295467;
K_cdc25=1.4550476434;
kf_p53=0.0006948563;
k_p53=40.5282523520;
K_ATR=0.0003469255;
p53ser46_ref50_72h=0.0005635530;
kp_ser46=4.8923676669;
K_p53=0.6287735728;
upAsy=0.1675495004;
sness=0.0038729062;
k_apop=0.0563755896;
tED50=270.9915345911;
cell_pop_norm0_Jack_MGMT_P=74.0719017845;
k_dis=0.0164764688;

%%%%%%%%%

cost=124.0772073137;

%%%%%%%%%

