TMZout0_Ka_XTMZ(norm)=0.34100;
MGMT_P0(norm)=0.08473;
k_MGMT(norm)=1.00000;
k_addO(norm)=0.71894;
k_addN(norm)=0.28163;
DSB_72h_fac(norm)=0.38800;
k_DSBO(norm)=0.39415;
k_DSBN(norm)=0.45867;
k_CyA(norm)=1.00000;
fVX(norm)=0.48096;
kf_ATR_MGMT_P(norm)=1.00000;
k_ATR(norm)=0.52988;
K_add(norm)=0.54254;
kd_pATR(norm)=0.98107;
k_Chk1(norm)=0.92942;
C_Chk1(norm)=0.57977;
pChk1_ref12_5_24h(norm)=0.43485;
pChk1_ref100_24h(norm)=0.54335;
pChk1_ref100_48h(norm)=0.51961;
kd_pChk1(norm)=0.74279;
k_cdc25(norm)=0.94649;
K_cdc25(norm)=0.30632;
kf_p53(norm)=0.30097;
k_p53(norm)=0.51541;
K_ATR(norm)=0.22288;
p53ser46_ref50_72h(norm)=0.73417;
kp_ser46(norm)=0.17458;
K_p53(norm)=0.62686;
upAsy(norm)=0.00010;
sness(norm)=0.73036;
k_apop(norm)=0.56152;
tED50(norm)=0.88790;
cell_pop_norm0_Jack_MGMT_P(norm)=0.51776;
k_dis(norm)=0.07669;

%%%%%%%%%

TMZout0_Ka_XTMZ=33.5243733607;
MGMT_P0=1.4151779340;
k_MGMT=66.6683225466;
k_addO=0.0124014558;
k_addN=0.1171865440;
DSB_72h_fac=0.8968691023;
k_DSBO=0.0002663812;
k_DSBN=0.0000331595;
k_CyA=2.8989184694;
fVX=0.0012910754;
kf_ATR_MGMT_P=0.0000154307;
k_ATR=0.0198354354;
K_add=0.0000676339;
kd_pATR=0.0054237592;
k_Chk1=642.9410262141;
C_Chk1=0.7406206378;
pChk1_ref12_5_24h=0.0067081778;
pChk1_ref100_24h=0.0073709378;
pChk1_ref100_48h=0.0081675353;
kd_pChk1=0.0933070060;
k_cdc25=327.5671670532;
K_cdc25=1.0649428714;
kf_p53=0.0005431366;
k_p53=35.0154285467;
K_ATR=0.0003052154;
p53ser46_ref50_72h=0.0006181037;
kp_ser46=2.7152135302;
K_p53=0.5485843544;
upAsy=0.1534735768;
sness=0.0047084841;
k_apop=0.0625360876;
tED50=481.5030645818;
cell_pop_norm0_Jack_MGMT_P=84.1975457094;
k_dis=0.0105373622;

%%%%%%%%%

cost=767.2548792891;

%%%%%%%%%

