TMZout0_Ka_XTMZ(norm)=0.56747;
MGMT_P0(norm)=0.58040;
k_MGMT(norm)=0.35860;
k_addO(norm)=0.20754;
k_addN(norm)=0.49836;
DSB_72h_fac(norm)=0.63928;
k_DSBO(norm)=0.14612;
k_DSBN(norm)=0.70705;
k_CyA(norm)=0.47938;
fVX(norm)=0.18992;
kf_ATR_MGMT_P(norm)=0.80256;
k_ATR(norm)=0.44970;
K_add(norm)=0.27732;
kd_pATR(norm)=0.84495;
k_Chk1(norm)=0.40066;
C_Chk1(norm)=0.60852;
pChk1_ref12_5_24h(norm)=0.11303;
pChk1_ref100_24h(norm)=0.52373;
pChk1_ref100_48h(norm)=0.59743;
kd_pChk1(norm)=0.53630;
k_cdc25(norm)=0.31550;
K_cdc25(norm)=0.45057;
kf_p53(norm)=0.71817;
k_p53(norm)=0.33538;
K_ATR(norm)=0.31526;
p53ser46_ref50_72h(norm)=0.39342;
kp_ser46(norm)=0.44698;
K_p53(norm)=0.09343;
upAsy(norm)=0.44290;
sness(norm)=0.00010;
k_apop(norm)=0.99717;
tED50(norm)=0.42153;
cell_pop_norm0_Jack_MGMT_P(norm)=0.26803;
k_dis(norm)=0.95811;

%%%%%%%%%

TMZout0_Ka_XTMZ=35.3134424098;
MGMT_P0=1.9415162138;
k_MGMT=32.3874961622;
k_addO=0.0073928450;
k_addN=0.1064283862;
DSB_72h_fac=1.0644447240;
k_DSBO=0.0002233679;
k_DSBN=0.0000453691;
k_CyA=2.1418820107;
fVX=0.0009092629;
kf_ATR_MGMT_P=0.0000128596;
k_ATR=0.0219507769;
K_add=0.0000576248;
kd_pATR=0.0042147980;
k_Chk1=345.4202922750;
C_Chk1=0.7741315860;
pChk1_ref12_5_24h=0.0051988737;
pChk1_ref100_24h=0.0073747492;
pChk1_ref100_48h=0.0091514913;
kd_pChk1=0.0730469873;
k_cdc25=202.6228847723;
K_cdc25=1.1764127055;
kf_p53=0.0006612370;
k_p53=29.7912466102;
K_ATR=0.0003747125;
p53ser46_ref50_72h=0.0003985661;
kp_ser46=2.9946147106;
K_p53=0.4062756815;
upAsy=0.2206983201;
sness=0.0023208671;
k_apop=0.0936286927;
tED50=380.0844406003;
cell_pop_norm0_Jack_MGMT_P=77.0222182646;
k_dis=0.0224006588;

%%%%%%%%%

cost=304.3735998860;

%%%%%%%%%

