TMZout0_Ka_XTMZ(norm)=0.26020;
MGMT_P0(norm)=0.30848;
k_MGMT(norm)=0.48866;
k_addO(norm)=0.63615;
k_addN(norm)=0.60906;
DSB_72h_fac(norm)=0.31471;
k_DSBO(norm)=0.74887;
k_DSBN(norm)=0.50817;
k_CyA(norm)=0.57865;
fVX(norm)=0.73945;
kf_ATR_MGMT_P(norm)=0.66764;
k_ATR(norm)=0.66971;
K_add(norm)=0.60280;
kd_pATR(norm)=0.32192;
k_Chk1(norm)=0.32834;
C_Chk1(norm)=0.38403;
pChk1_ref12_5_24h(norm)=0.76813;
pChk1_ref100_24h(norm)=0.77697;
pChk1_ref100_48h(norm)=0.99724;
kd_pChk1(norm)=0.48053;
k_cdc25(norm)=0.34059;
K_cdc25(norm)=0.76728;
kf_p53(norm)=0.55368;
k_p53(norm)=0.18293;
K_ATR(norm)=0.08025;
p53ser46_ref50_72h(norm)=0.53175;
kp_ser46(norm)=0.52381;
K_p53(norm)=0.39582;
upAsy(norm)=0.71938;
sness(norm)=0.45184;
k_apop(norm)=0.97744;
tED50(norm)=0.70909;
cell_pop_norm0_Jack_MGMT_P(norm)=0.14315;
k_dis(norm)=0.29500;

%%%%%%%%%

TMZout0_Ka_XTMZ=32.9081969370;
MGMT_P0=1.6263946015;
k_MGMT=43.2273396158;
k_addO=0.0115613713;
k_addN=0.1546544332;
DSB_72h_fac=0.8502922836;
k_DSBO=0.0003597761;
k_DSBN=0.0000345800;
k_CyA=2.0285675785;
fVX=0.0016071931;
kf_ATR_MGMT_P=0.0000116436;
k_ATR=0.0223304563;
K_add=0.0000711767;
kd_pATR=0.0031027475;
k_Chk1=386.3569359753;
C_Chk1=0.6274329159;
pChk1_ref12_5_24h=0.0088969919;
pChk1_ref100_24h=0.0089844082;
pChk1_ref100_48h=0.0122418328;
kd_pChk1=0.0747152530;
k_cdc25=196.0398163314;
K_cdc25=1.5738035492;
kf_p53=0.0006728269;
k_p53=26.4186872427;
K_ATR=0.0002704717;
p53ser46_ref50_72h=0.0005206856;
kp_ser46=3.6501822317;
K_p53=0.4510524343;
upAsy=0.2823002487;
sness=0.0037187052;
k_apop=0.0889568715;
tED50=413.8099445743;
cell_pop_norm0_Jack_MGMT_P=73.6669073271;
k_dis=0.0126784418;

%%%%%%%%%

cost=347.9234219004;

%%%%%%%%%

