TMZout0_Ka_XTMZ(norm)=0.78969;
MGMT_P0(norm)=0.73318;
k_MGMT(norm)=0.40690;
k_addO(norm)=0.52809;
k_addN(norm)=0.48645;
DSB_72h_fac(norm)=0.94323;
k_DSBO(norm)=0.58697;
k_DSBN(norm)=0.92665;
k_CyA(norm)=0.48008;
fVX(norm)=0.77088;
kf_ATR_MGMT_P(norm)=0.64575;
k_ATR(norm)=0.77471;
K_add(norm)=0.92382;
kd_pATR(norm)=0.62491;
k_Chk1(norm)=0.70797;
C_Chk1(norm)=0.23541;
pChk1_ref12_5_24h(norm)=0.44193;
pChk1_ref100_24h(norm)=0.50118;
pChk1_ref100_48h(norm)=0.63344;
kd_pChk1(norm)=0.48230;
k_cdc25(norm)=0.83627;
K_cdc25(norm)=0.21305;
kf_p53(norm)=0.45769;
k_p53(norm)=0.50496;
K_ATR(norm)=0.71974;
p53ser46_ref50_72h(norm)=0.33876;
kp_ser46(norm)=0.89008;
K_p53(norm)=0.69846;
upAsy(norm)=0.21584;
sness(norm)=0.25410;
k_apop(norm)=0.83780;
tED50(norm)=0.37736;
cell_pop_norm0_Jack_MGMT_P(norm)=0.20120;
k_dis(norm)=0.40926;

%%%%%%%%%

TMZout0_Ka_XTMZ=37.1617043429;
MGMT_P0=2.1178614688;
k_MGMT=40.3342373697;
k_addO=0.0105498795;
k_addN=0.1393941488;
DSB_72h_fac=1.3433491906;
k_DSBO=0.0003136573;
k_DSBN=0.0000492963;
k_CyA=1.8660328763;
fVX=0.0016505805;
kf_ATR_MGMT_P=0.0000114295;
k_ATR=0.0244080284;
K_add=0.0000934258;
kd_pATR=0.0040108845;
k_Chk1=532.9474902644;
C_Chk1=0.5531972521;
pChk1_ref12_5_24h=0.0067485355;
pChk1_ref100_24h=0.0071121895;
pChk1_ref100_48h=0.0089944838;
kd_pChk1=0.0748273756;
k_cdc25=298.3602143329;
K_cdc25=0.9840257651;
kf_p53=0.0006202684;
k_p53=34.7065436357;
K_ATR=0.0004649861;
p53ser46_ref50_72h=0.0004421382;
kp_ser46=4.9784087002;
K_p53=0.5828979375;
upAsy=0.1842558220;
sness=0.0031450517;
k_apop=0.0790310625;
tED50=312.4146426732;
cell_pop_norm0_Jack_MGMT_P=75.2080158448;
k_dis=0.0139672248;

%%%%%%%%%

cost=200.8944052941;

%%%%%%%%%

