TMZout0_Ka_XTMZ(norm)=0.79524;
MGMT_P0(norm)=0.28592;
k_MGMT(norm)=0.56248;
k_addO(norm)=0.75709;
k_addN(norm)=0.70925;
DSB_72h_fac(norm)=0.54675;
k_DSBO(norm)=0.66372;
k_DSBN(norm)=0.24821;
k_CyA(norm)=0.85090;
fVX(norm)=0.25357;
kf_ATR_MGMT_P(norm)=0.74138;
k_ATR(norm)=0.51426;
K_add(norm)=0.57568;
kd_pATR(norm)=0.53609;
k_Chk1(norm)=0.42255;
C_Chk1(norm)=0.77470;
pChk1_ref12_5_24h(norm)=0.16154;
pChk1_ref100_24h(norm)=0.34805;
pChk1_ref100_48h(norm)=0.69817;
kd_pChk1(norm)=0.53045;
k_cdc25(norm)=0.56405;
K_cdc25(norm)=0.61903;
kf_p53(norm)=0.21676;
k_p53(norm)=0.37884;
K_ATR(norm)=0.43896;
p53ser46_ref50_72h(norm)=0.13518;
kp_ser46(norm)=0.79219;
K_p53(norm)=0.46404;
upAsy(norm)=0.59192;
sness(norm)=0.42293;
k_apop(norm)=0.73746;
tED50(norm)=0.77194;
cell_pop_norm0_Jack_MGMT_P(norm)=0.09344;
k_dis(norm)=0.50246;

%%%%%%%%%

TMZout0_Ka_XTMZ=37.2091633079;
MGMT_P0=1.6037383962;
k_MGMT=46.0172850559;
k_addO=0.0128089489;
k_addN=0.1683577303;
DSB_72h_fac=1.0066903772;
k_DSBO=0.0003347341;
k_DSBN=0.0000277437;
k_CyA=2.5548806848;
fVX=0.0010648259;
kf_ATR_MGMT_P=0.0000123942;
k_ATR=0.0195746188;
K_add=0.0000695604;
kd_pATR=0.0037201273;
k_Chk1=418.4620290355;
C_Chk1=0.8736232815;
pChk1_ref12_5_24h=0.0053214700;
pChk1_ref100_24h=0.0062467725;
pChk1_ref100_48h=0.0095015917;
kd_pChk1=0.0779434868;
k_cdc25=236.9040296009;
K_cdc25=1.3880224125;
kf_p53=0.0005057372;
k_p53=31.1891225775;
K_ATR=0.0003665399;
p53ser46_ref50_72h=0.0003720882;
kp_ser46=4.5821809849;
K_p53=0.4778921458;
upAsy=0.2534019338;
sness=0.0036287129;
k_apop=0.0725893351;
tED50=436.4426038088;
cell_pop_norm0_Jack_MGMT_P=72.3721999089;
k_dis=0.0151149161;

%%%%%%%%%

cost=185.4875027487;

%%%%%%%%%

