TMZout0_Ka_XTMZ(norm)=0.73463;
MGMT_P0(norm)=0.61962;
k_MGMT(norm)=0.35863;
k_addO(norm)=0.90026;
k_addN(norm)=0.50251;
DSB_72h_fac(norm)=0.64461;
k_DSBO(norm)=0.50583;
k_DSBN(norm)=0.98028;
k_CyA(norm)=0.57060;
fVX(norm)=0.47666;
kf_ATR_MGMT_P(norm)=0.43533;
k_ATR(norm)=0.76738;
K_add(norm)=0.86119;
kd_pATR(norm)=0.08666;
k_Chk1(norm)=0.48579;
C_Chk1(norm)=0.29057;
pChk1_ref12_5_24h(norm)=0.41459;
pChk1_ref100_24h(norm)=0.53602;
pChk1_ref100_48h(norm)=0.80209;
kd_pChk1(norm)=0.98767;
k_cdc25(norm)=0.65205;
K_cdc25(norm)=0.05851;
kf_p53(norm)=0.77119;
k_p53(norm)=0.67894;
K_ATR(norm)=0.58466;
p53ser46_ref50_72h(norm)=0.79920;
kp_ser46(norm)=0.40398;
K_p53(norm)=0.38138;
upAsy(norm)=0.36704;
sness(norm)=0.57617;
k_apop(norm)=0.46344;
tED50(norm)=0.61141;
cell_pop_norm0_Jack_MGMT_P(norm)=0.06894;
k_dis(norm)=0.83837;

%%%%%%%%%

TMZout0_Ka_XTMZ=36.6949596622;
MGMT_P0=1.9734889123;
k_MGMT=38.7178315685;
k_addO=0.0144609606;
k_addN=0.1413043528;
DSB_72h_fac=1.0809827986;
k_DSBO=0.0002928191;
k_DSBN=0.0000515882;
k_CyA=2.0147799348;
fVX=0.0012863776;
kf_ATR_MGMT_P=0.0000095631;
k_ATR=0.0242570605;
K_add=0.0000885973;
kd_pATR=0.0025420136;
k_Chk1=441.4953424697;
C_Chk1=0.5796637719;
pChk1_ref12_5_24h=0.0065940284;
pChk1_ref100_24h=0.0073253232;
pChk1_ref100_48h=0.0103761689;
kd_pChk1=0.1148224277;
k_cdc25=255.2419918048;
K_cdc25=0.8632544008;
kf_p53=0.0008089840;
k_p53=40.2192575292;
K_ATR=0.0004147012;
p53ser46_ref50_72h=0.0006531186;
kp_ser46=3.2977501184;
K_p53=0.4455674612;
upAsy=0.2094392421;
sness=0.0041318395;
k_apop=0.0575492265;
tED50=380.9403838370;
cell_pop_norm0_Jack_MGMT_P=71.7426720144;
k_dis=0.0200915565;

%%%%%%%%%

cost=473.8425705542;

%%%%%%%%%

