TMZout0_Ka_XTMZ(norm)=0.25290;
MGMT_P0(norm)=0.85650;
k_MGMT(norm)=0.68894;
k_addO(norm)=0.57839;
k_addN(norm)=0.47002;
DSB_72h_fac(norm)=0.70300;
k_DSBO(norm)=0.65779;
k_DSBN(norm)=0.82042;
k_CyA(norm)=0.47485;
fVX(norm)=0.67957;
kf_ATR_MGMT_P(norm)=0.61954;
k_ATR(norm)=0.88286;
K_add(norm)=0.65787;
kd_pATR(norm)=0.48239;
k_Chk1(norm)=0.29444;
C_Chk1(norm)=0.59499;
pChk1_ref12_5_24h(norm)=0.61619;
pChk1_ref100_24h(norm)=0.61422;
pChk1_ref100_48h(norm)=0.63287;
kd_pChk1(norm)=0.57497;
k_cdc25(norm)=0.75362;
K_cdc25(norm)=0.62207;
kf_p53(norm)=0.49074;
k_p53(norm)=0.56587;
K_ATR(norm)=0.80260;
p53ser46_ref50_72h(norm)=0.53723;
kp_ser46(norm)=0.43623;
K_p53(norm)=0.83287;
upAsy(norm)=0.25677;
sness(norm)=0.35192;
k_apop(norm)=0.49583;
tED50(norm)=0.57121;
cell_pop_norm0_Jack_MGMT_P(norm)=0.14160;
k_dis(norm)=0.60820;

%%%%%%%%%

TMZout0_Ka_XTMZ=32.8531496348;
MGMT_P0=2.2866254402;
k_MGMT=51.2220961773;
k_addO=0.0110091992;
k_addN=0.1374679073;
DSB_72h_fac=1.1279055260;
k_DSBO=0.0003330567;
k_DSBN=0.0000450530;
k_CyA=1.8577783016;
fVX=0.0015276837;
kf_ATR_MGMT_P=0.0000111785;
k_ATR=0.0267504345;
K_add=0.0000745772;
kd_pATR=0.0035546311;
k_Chk1=375.4161748510;
C_Chk1=0.7502341681;
pChk1_ref12_5_24h=0.0078222651;
pChk1_ref100_24h=0.0078271160;
pChk1_ref100_48h=0.0089901691;
kd_pChk1=0.0809398760;
k_cdc25=278.1823022741;
K_cdc25=1.3916075382;
kf_p53=0.0006378822;
k_p53=36.5448910887;
K_ATR=0.0004988077;
p53ser46_ref50_72h=0.0005231105;
kp_ser46=3.3891076967;
K_p53=0.6532078430;
upAsy=0.1907583323;
sness=0.0034168389;
k_apop=0.0591508858;
tED50=368.1835023999;
cell_pop_norm0_Jack_MGMT_P=73.6260923853;
k_dis=0.0165316025;

%%%%%%%%%

cost=123.6165604071;

%%%%%%%%%

