TMZout0_Ka_XTMZ(norm)=0.30069;
MGMT_P0(norm)=0.50207;
k_MGMT(norm)=0.64077;
k_addO(norm)=0.45494;
k_addN(norm)=0.47889;
DSB_72h_fac(norm)=0.45329;
k_DSBO(norm)=0.40300;
k_DSBN(norm)=0.49226;
k_CyA(norm)=0.55205;
fVX(norm)=0.60743;
kf_ATR_MGMT_P(norm)=0.83224;
k_ATR(norm)=0.70645;
K_add(norm)=0.48927;
kd_pATR(norm)=0.48809;
k_Chk1(norm)=0.46670;
C_Chk1(norm)=0.56413;
pChk1_ref12_5_24h(norm)=0.18652;
pChk1_ref100_24h(norm)=0.42030;
pChk1_ref100_48h(norm)=0.44872;
kd_pChk1(norm)=0.32290;
k_cdc25(norm)=0.21028;
K_cdc25(norm)=0.43380;
kf_p53(norm)=0.46607;
k_p53(norm)=0.87649;
K_ATR(norm)=0.58085;
p53ser46_ref50_72h(norm)=0.19428;
kp_ser46(norm)=0.05863;
K_p53(norm)=0.59784;
upAsy(norm)=0.73726;
sness(norm)=0.36711;
k_apop(norm)=0.71227;
tED50(norm)=0.70956;
cell_pop_norm0_Jack_MGMT_P(norm)=0.74977;
k_dis(norm)=0.37495;

%%%%%%%%%

TMZout0_Ka_XTMZ=33.2155693542;
MGMT_P0=1.8893588208;
k_MGMT=42.5445199136;
k_addO=0.0092971134;
k_addN=0.1125352831;
DSB_72h_fac=0.9263315318;
k_DSBO=0.0002773544;
k_DSBN=0.0000366034;
k_CyA=2.3821287675;
fVX=0.0014494210;
kf_ATR_MGMT_P=0.0000134015;
k_ATR=0.0292248706;
K_add=0.0000748578;
kd_pATR=0.0025068595;
k_Chk1=303.4537254229;
C_Chk1=0.7384115297;
pChk1_ref12_5_24h=0.0060780984;
pChk1_ref100_24h=0.0074260589;
pChk1_ref100_48h=0.0093896798;
kd_pChk1=0.0505069934;
k_cdc25=168.2625869144;
K_cdc25=1.2240688279;
kf_p53=0.0005210572;
k_p53=41.8393254067;
K_ATR=0.0004605794;
p53ser46_ref50_72h=0.0003446073;
kp_ser46=2.1194725313;
K_p53=0.6520375713;
upAsy=0.2237307816;
sness=0.0031253734;
k_apop=0.0647102668;
tED50=421.3411654271;
cell_pop_norm0_Jack_MGMT_P=91.4616675009;
k_dis=0.0135039958;

%%%%%%%%%

cost=276.4877539503;

%%%%%%%%%

