TMZout0_Ka_XTMZ(norm)=0.42665;
MGMT_P0(norm)=0.81590;
k_MGMT(norm)=0.59303;
k_addO(norm)=0.33720;
k_addN(norm)=0.71646;
DSB_72h_fac(norm)=0.29117;
k_DSBO(norm)=0.65818;
k_DSBN(norm)=0.39914;
k_CyA(norm)=0.57050;
fVX(norm)=0.03342;
kf_ATR_MGMT_P(norm)=1.00000;
k_ATR(norm)=0.75652;
K_add(norm)=0.56065;
kd_pATR(norm)=0.54000;
k_Chk1(norm)=0.61735;
C_Chk1(norm)=0.57673;
pChk1_ref12_5_24h(norm)=0.25759;
pChk1_ref100_24h(norm)=0.32700;
pChk1_ref100_48h(norm)=0.89199;
kd_pChk1(norm)=0.44759;
k_cdc25(norm)=0.35397;
K_cdc25(norm)=0.48885;
kf_p53(norm)=0.64414;
k_p53(norm)=0.08578;
K_ATR(norm)=0.41215;
p53ser46_ref50_72h(norm)=0.66638;
kp_ser46(norm)=0.54654;
K_p53(norm)=0.80917;
upAsy(norm)=0.63089;
sness(norm)=0.32492;
k_apop(norm)=0.64040;
tED50(norm)=0.60713;
cell_pop_norm0_Jack_MGMT_P(norm)=0.27236;
k_dis(norm)=0.57251;

%%%%%%%%%

TMZout0_Ka_XTMZ=34.1900455951;
MGMT_P0=2.2375144588;
k_MGMT=39.5040090962;
k_addO=0.0082512704;
k_addN=0.1280308598;
DSB_72h_fac=0.8171085236;
k_DSBO=0.0003447070;
k_DSBN=0.0000349507;
k_CyA=2.3138055434;
fVX=0.0007963455;
kf_ATR_MGMT_P=0.0000152013;
k_ATR=0.0284675937;
K_add=0.0000732600;
kd_pATR=0.0032551024;
k_Chk1=415.0332062961;
C_Chk1=0.7535589338;
pChk1_ref12_5_24h=0.0058762816;
pChk1_ref100_24h=0.0062424496;
pChk1_ref100_48h=0.0117458157;
kd_pChk1=0.0677577520;
k_cdc25=209.3362264722;
K_cdc25=1.2151971446;
kf_p53=0.0006210348;
k_p53=24.1126076263;
K_ATR=0.0004067751;
p53ser46_ref50_72h=0.0005022744;
kp_ser46=3.2581890689;
K_p53=0.7450707152;
upAsy=0.2588064692;
sness=0.0030561687;
k_apop=0.0692029271;
tED50=444.8128278952;
cell_pop_norm0_Jack_MGMT_P=77.1412686564;
k_dis=0.0161572963;

%%%%%%%%%

cost=214.9763417556;

%%%%%%%%%

