TMZout0_Ka_XTMZ(norm)=0.04142;
MGMT_P0(norm)=0.45030;
k_MGMT(norm)=0.71033;
k_addO(norm)=0.59235;
k_addN(norm)=0.00010;
DSB_72h_fac(norm)=0.54625;
k_DSBO(norm)=0.73512;
k_DSBN(norm)=0.66092;
k_CyA(norm)=1.00000;
fVX(norm)=0.79106;
kf_ATR_MGMT_P(norm)=0.56777;
k_ATR(norm)=1.00000;
K_add(norm)=0.00010;
kd_pATR(norm)=0.96346;
k_Chk1(norm)=0.21724;
C_Chk1(norm)=0.61926;
pChk1_ref12_5_24h(norm)=0.34293;
pChk1_ref100_24h(norm)=0.51384;
pChk1_ref100_48h(norm)=0.00010;
kd_pChk1(norm)=0.75451;
k_cdc25(norm)=0.23728;
K_cdc25(norm)=0.48950;
kf_p53(norm)=1.00000;
k_p53(norm)=0.90238;
K_ATR(norm)=0.63243;
p53ser46_ref50_72h(norm)=0.37159;
kp_ser46(norm)=0.46151;
K_p53(norm)=0.93463;
upAsy(norm)=0.98044;
sness(norm)=0.34777;
k_apop(norm)=0.40909;
tED50(norm)=0.00010;
cell_pop_norm0_Jack_MGMT_P(norm)=0.48271;
k_dis(norm)=0.07755;

%%%%%%%%%

TMZout0_Ka_XTMZ=31.2962177867;
MGMT_P0=1.7763040580;
k_MGMT=52.1586211262;
k_addO=0.0111401348;
k_addN=0.0923167769;
DSB_72h_fac=1.0063253249;
k_DSBO=0.0003556082;
k_DSBN=0.0000393580;
k_CyA=2.8989184694;
fVX=0.0016790373;
kf_ATR_MGMT_P=0.0000106987;
k_ATR=0.0295416857;
K_add=0.0000427130;
kd_pATR=0.0053434112;
k_Chk1=351.6476843858;
C_Chk1=0.7658231229;
pChk1_ref12_5_24h=0.0062055315;
pChk1_ref100_24h=0.0071889212;
pChk1_ref100_48h=0.0052592322;
kd_pChk1=0.0942387857;
k_cdc25=179.6090270781;
K_cdc25=1.2437535687;
kf_p53=0.0009820586;
k_p53=48.6017861129;
K_ATR=0.0004318307;
p53ser46_ref50_72h=0.0004546100;
kp_ser46=3.4624841185;
K_p53=0.7120251922;
upAsy=0.3521891591;
sness=0.0034048351;
k_apop=0.0549594576;
tED50=226.9392185870;
cell_pop_norm0_Jack_MGMT_P=83.1516096843;
k_dis=0.0105450612;

%%%%%%%%%

cost=100000.0000000000;

%%%%%%%%%

