TMZout0_Ka_XTMZ(norm)=0.54910;
MGMT_P0(norm)=0.00010;
k_MGMT(norm)=0.78788;
k_addO(norm)=0.61733;
k_addN(norm)=0.36520;
DSB_72h_fac(norm)=0.21290;
k_DSBO(norm)=0.50387;
k_DSBN(norm)=0.44292;
k_CyA(norm)=0.32287;
fVX(norm)=1.00000;
kf_ATR_MGMT_P(norm)=0.87249;
k_ATR(norm)=0.83980;
K_add(norm)=0.96931;
kd_pATR(norm)=0.14930;
k_Chk1(norm)=0.27701;
C_Chk1(norm)=0.44508;
pChk1_ref12_5_24h(norm)=0.59817;
pChk1_ref100_24h(norm)=0.69673;
pChk1_ref100_48h(norm)=0.79726;
kd_pChk1(norm)=0.09395;
k_cdc25(norm)=0.36823;
K_cdc25(norm)=0.54456;
kf_p53(norm)=0.46644;
k_p53(norm)=0.52489;
K_ATR(norm)=0.32629;
p53ser46_ref50_72h(norm)=0.70172;
kp_ser46(norm)=0.36025;
K_p53(norm)=0.71741;
upAsy(norm)=0.64621;
sness(norm)=0.36843;
k_apop(norm)=0.08452;
tED50(norm)=0.89863;
cell_pop_norm0_Jack_MGMT_P(norm)=0.16393;
k_dis(norm)=0.69186;

%%%%%%%%%

TMZout0_Ka_XTMZ=35.1648701917;
MGMT_P0=1.3686497659;
k_MGMT=46.5951945907;
k_addO=0.0104617512;
k_addN=0.0950735816;
DSB_72h_fac=0.7699399737;
k_DSBO=0.0003024588;
k_DSBN=0.0000362718;
k_CyA=1.8758826252;
fVX=0.0018062589;
kf_ATR_MGMT_P=0.0000136447;
k_ATR=0.0305491224;
K_add=0.0001035727;
kd_pATR=0.0023377388;
k_Chk1=311.0620302442;
C_Chk1=0.6740178735;
pChk1_ref12_5_24h=0.0078420704;
pChk1_ref100_24h=0.0085390188;
pChk1_ref100_48h=0.0108399052;
kd_pChk1=0.0502146359;
k_cdc25=211.8811834193;
K_cdc25=1.2739326543;
kf_p53=0.0005342260;
k_p53=34.9803271083;
K_ATR=0.0003782306;
p53ser46_ref50_72h=0.0005175422;
kp_ser46=2.7824234820;
K_p53=0.6893377682;
upAsy=0.2621866690;
sness=0.0031709280;
k_apop=0.0432091399;
tED50=569.4317345714;
cell_pop_norm0_Jack_MGMT_P=74.2148214079;
k_dis=0.0178765798;

%%%%%%%%%

cost=305.3248075263;

%%%%%%%%%

