TMZout0_Ka_XTMZ(norm)=0.79598;
MGMT_P0(norm)=0.67217;
k_MGMT(norm)=0.73522;
k_addO(norm)=0.48521;
k_addN(norm)=0.45540;
DSB_72h_fac(norm)=0.71964;
k_DSBO(norm)=0.65056;
k_DSBN(norm)=0.63157;
k_CyA(norm)=0.66701;
fVX(norm)=0.50305;
kf_ATR_MGMT_P(norm)=0.60171;
k_ATR(norm)=0.48315;
K_add(norm)=0.54451;
kd_pATR(norm)=0.76035;
k_Chk1(norm)=0.75414;
C_Chk1(norm)=0.64775;
pChk1_ref12_5_24h(norm)=0.39801;
pChk1_ref100_24h(norm)=0.39775;
pChk1_ref100_48h(norm)=0.37692;
kd_pChk1(norm)=0.89148;
k_cdc25(norm)=0.48091;
K_cdc25(norm)=0.55304;
kf_p53(norm)=0.61291;
k_p53(norm)=0.58613;
K_ATR(norm)=0.47983;
p53ser46_ref50_72h(norm)=0.63277;
kp_ser46(norm)=0.76376;
K_p53(norm)=0.36815;
upAsy(norm)=0.73934;
sness(norm)=0.78561;
k_apop(norm)=0.64478;
tED50(norm)=0.52072;
cell_pop_norm0_Jack_MGMT_P(norm)=0.14643;
k_dis(norm)=0.60294;

%%%%%%%%%

TMZout0_Ka_XTMZ=37.2154548914;
MGMT_P0=2.0390284395;
k_MGMT=53.2705915707;
k_addO=0.0101734468;
k_addN=0.1357752582;
DSB_72h_fac=1.1416453352;
k_DSBO=0.0003310220;
k_DSBN=0.0000383911;
k_CyA=2.1862631297;
fVX=0.0013154676;
kf_ATR_MGMT_P=0.0000110109;
k_ATR=0.0190654438;
K_add=0.0000677473;
kd_pATR=0.0044986253;
k_Chk1=554.2094007573;
C_Chk1=0.7845347042;
pChk1_ref12_5_24h=0.0065020318;
pChk1_ref100_24h=0.0065154588;
pChk1_ref100_48h=0.0072374011;
kd_pChk1=0.1058349158;
k_cdc25=220.7896437299;
K_cdc25=1.3125479664;
kf_p53=0.0007074510;
k_p53=37.1776177999;
K_ATR=0.0003794554;
p53ser46_ref50_72h=0.0005672170;
kp_ser46=4.4730954266;
K_p53=0.4406020591;
upAsy=0.2871155440;
sness=0.0049341277;
k_apop=0.0671075114;
tED50=352.7637934403;
cell_pop_norm0_Jack_MGMT_P=73.7532283585;
k_dis=0.0164580606;

%%%%%%%%%

cost=123.2065906521;

%%%%%%%%%

