TMZout0_Ka_XTMZ(norm)=0.15200;
MGMT_P0(norm)=0.51158;
k_MGMT(norm)=0.75104;
k_addO(norm)=0.44615;
k_addN(norm)=0.48850;
DSB_72h_fac(norm)=0.49535;
k_DSBO(norm)=0.40886;
k_DSBN(norm)=0.76277;
k_CyA(norm)=0.52012;
fVX(norm)=0.67889;
kf_ATR_MGMT_P(norm)=0.73410;
k_ATR(norm)=0.59520;
K_add(norm)=0.80158;
kd_pATR(norm)=0.49134;
k_Chk1(norm)=0.23004;
C_Chk1(norm)=0.00010;
pChk1_ref12_5_24h(norm)=0.20903;
pChk1_ref100_24h(norm)=0.58009;
pChk1_ref100_48h(norm)=0.63086;
kd_pChk1(norm)=0.50235;
k_cdc25(norm)=0.64813;
K_cdc25(norm)=0.51776;
kf_p53(norm)=0.63067;
k_p53(norm)=0.41237;
K_ATR(norm)=0.28302;
p53ser46_ref50_72h(norm)=0.54716;
kp_ser46(norm)=0.36735;
K_p53(norm)=0.36682;
upAsy(norm)=0.17888;
sness(norm)=0.17580;
k_apop(norm)=0.54321;
tED50(norm)=0.94004;
cell_pop_norm0_Jack_MGMT_P(norm)=0.56942;
k_dis(norm)=0.61240;

%%%%%%%%%

TMZout0_Ka_XTMZ=32.1008405151;
MGMT_P0=1.8626551295;
k_MGMT=45.1634409067;
k_addO=0.0090492844;
k_addN=0.1055433252;
DSB_72h_fac=0.9542021031;
k_DSBO=0.0002790656;
k_DSBN=0.0000475626;
k_CyA=2.2171198877;
fVX=0.0013760041;
kf_ATR_MGMT_P=0.0000121349;
k_ATR=0.0248308643;
K_add=0.0000898508;
kd_pATR=0.0031236076;
k_Chk1=298.9248603486;
C_Chk1=0.4623057424;
pChk1_ref12_5_24h=0.0056394231;
pChk1_ref100_24h=0.0077354981;
pChk1_ref100_48h=0.0094143986;
kd_pChk1=0.0709760867;
k_cdc25=268.5888049579;
K_cdc25=1.2453322399;
kf_p53=0.0006139885;
k_p53=31.7995284879;
K_ATR=0.0003646172;
p53ser46_ref50_72h=0.0004540164;
kp_ser46=2.7992357814;
K_p53=0.5121803912;
upAsy=0.1764601557;
sness=0.0026934276;
k_apop=0.0637326072;
tED50=589.7666674962;
cell_pop_norm0_Jack_MGMT_P=85.7635681120;
k_dis=0.0167126189;

%%%%%%%%%

cost=225.7191959634;

%%%%%%%%%

