TMZout0_Ka_XTMZ(norm)=0.00010;
MGMT_P0(norm)=0.20003;
k_MGMT(norm)=0.69481;
k_addO(norm)=0.16473;
k_addN(norm)=0.94867;
DSB_72h_fac(norm)=0.99628;
k_DSBO(norm)=0.85240;
k_DSBN(norm)=0.37347;
k_CyA(norm)=0.51560;
fVX(norm)=0.49789;
kf_ATR_MGMT_P(norm)=0.00010;
k_ATR(norm)=0.45657;
K_add(norm)=0.48188;
kd_pATR(norm)=1.00000;
k_Chk1(norm)=0.05604;
C_Chk1(norm)=0.35360;
pChk1_ref12_5_24h(norm)=0.39869;
pChk1_ref100_24h(norm)=0.26822;
pChk1_ref100_48h(norm)=0.86581;
kd_pChk1(norm)=0.91457;
k_cdc25(norm)=0.71458;
K_cdc25(norm)=0.00010;
kf_p53(norm)=0.00836;
k_p53(norm)=0.10653;
K_ATR(norm)=0.50043;
p53ser46_ref50_72h(norm)=0.99094;
kp_ser46(norm)=0.77340;
K_p53(norm)=0.17812;
upAsy(norm)=0.37693;
sness(norm)=0.50294;
k_apop(norm)=0.51709;
tED50(norm)=0.40472;
cell_pop_norm0_Jack_MGMT_P(norm)=0.17002;
k_dis(norm)=0.47191;

%%%%%%%%%

TMZout0_Ka_XTMZ=31.0007116889;
MGMT_P0=1.5203480883;
k_MGMT=51.4776140410;
k_addO=0.0077542183;
k_addN=0.2062207972;
DSB_72h_fac=1.3962112912;
k_DSBO=0.0003927611;
k_DSBN=0.0000308502;
k_CyA=1.9230352612;
fVX=0.0013097327;
kf_ATR_MGMT_P=0.0000066137;
k_ATR=0.0186408409;
K_add=0.0000642456;
kd_pATR=0.0055114322;
k_Chk1=306.7527852365;
C_Chk1=0.6114647013;
pChk1_ref12_5_24h=0.0065057590;
pChk1_ref100_24h=0.0058382268;
pChk1_ref100_48h=0.0109517321;
kd_pChk1=0.1079259776;
k_cdc25=269.1300162248;
K_cdc25=0.8215711239;
kf_p53=0.0004238753;
k_p53=24.7627624739;
K_ATR=0.0003861348;
p53ser46_ref50_72h=0.0007683289;
kp_ser46=4.5098035015;
K_p53=0.3750758428;
upAsy=0.2112022964;
sness=0.0038832307;
k_apop=0.0602257888;
tED50=319.7426883049;
cell_pop_norm0_Jack_MGMT_P=74.3763833187;
k_dis=0.0147287077;

%%%%%%%%%

cost=100000.0000000000;

%%%%%%%%%

