TMZout0_Ka_XTMZ(norm)=0.06072;
MGMT_P0(norm)=0.08308;
k_MGMT(norm)=0.12444;
k_addO(norm)=0.69995;
k_addN(norm)=0.20973;
DSB_72h_fac(norm)=0.38990;
k_DSBO(norm)=0.45148;
k_DSBN(norm)=0.57249;
k_CyA(norm)=0.75150;
fVX(norm)=0.00010;
kf_ATR_MGMT_P(norm)=0.84949;
k_ATR(norm)=0.36868;
K_add(norm)=0.34931;
kd_pATR(norm)=0.49723;
k_Chk1(norm)=0.40194;
C_Chk1(norm)=0.90514;
pChk1_ref12_5_24h(norm)=0.17301;
pChk1_ref100_24h(norm)=0.49327;
pChk1_ref100_48h(norm)=0.27750;
kd_pChk1(norm)=0.99880;
k_cdc25(norm)=0.00748;
K_cdc25(norm)=0.78186;
kf_p53(norm)=0.54022;
k_p53(norm)=0.15521;
K_ATR(norm)=0.17381;
p53ser46_ref50_72h(norm)=0.84134;
kp_ser46(norm)=0.30476;
K_p53(norm)=0.59466;
upAsy(norm)=0.66799;
sness(norm)=0.93866;
k_apop(norm)=0.63136;
tED50(norm)=0.50503;
cell_pop_norm0_Jack_MGMT_P(norm)=0.30666;
k_dis(norm)=0.64251;

%%%%%%%%%

TMZout0_Ka_XTMZ=31.4351472702;
MGMT_P0=1.3304623778;
k_MGMT=34.3913504540;
k_addO=0.0114053320;
k_addN=0.1049134049;
DSB_72h_fac=0.8535533814;
k_DSBO=0.0003268277;
k_DSBN=0.0000350364;
k_CyA=3.1939293367;
fVX=0.0008856817;
kf_ATR_MGMT_P=0.0000136445;
k_ATR=0.0234665354;
K_add=0.0000740712;
kd_pATR=0.0018420944;
k_Chk1=272.9020390374;
C_Chk1=0.9899552484;
pChk1_ref12_5_24h=0.0062327615;
pChk1_ref100_24h=0.0082238493;
pChk1_ref100_48h=0.0082789696;
kd_pChk1=0.0865163805;
k_cdc25=129.9352977822;
K_cdc25=1.6149677033;
kf_p53=0.0004537310;
k_p53=21.2305580932;
K_ATR=0.0003432340;
p53ser46_ref50_72h=0.0004791712;
kp_ser46=2.4365559931;
K_p53=0.5889579548;
upAsy=0.3018238641;
sness=0.0072478491;
k_apop=0.0641704160;
tED50=386.3890869833;
cell_pop_norm0_Jack_MGMT_P=78.0907413049;
k_dis=0.0164884520;

%%%%%%%%%

cost=247.5008258803;

%%%%%%%%%

