TMZout0_Ka_XTMZ(norm)=0.45227;
MGMT_P0(norm)=0.76385;
k_MGMT(norm)=0.88357;
k_addO(norm)=0.60864;
k_addN(norm)=0.89430;
DSB_72h_fac(norm)=0.75560;
k_DSBO(norm)=0.71963;
k_DSBN(norm)=0.54492;
k_CyA(norm)=0.40868;
fVX(norm)=0.48519;
kf_ATR_MGMT_P(norm)=0.59963;
k_ATR(norm)=0.81514;
K_add(norm)=0.64368;
kd_pATR(norm)=0.62443;
k_Chk1(norm)=0.08816;
C_Chk1(norm)=0.56012;
pChk1_ref12_5_24h(norm)=0.69649;
pChk1_ref100_24h(norm)=0.69565;
pChk1_ref100_48h(norm)=0.79021;
kd_pChk1(norm)=0.18701;
k_cdc25(norm)=0.81271;
K_cdc25(norm)=0.65131;
kf_p53(norm)=0.52583;
k_p53(norm)=0.48772;
K_ATR(norm)=0.66393;
p53ser46_ref50_72h(norm)=0.55472;
kp_ser46(norm)=0.38706;
K_p53(norm)=0.19495;
upAsy(norm)=0.77091;
sness(norm)=0.46573;
k_apop(norm)=0.71636;
tED50(norm)=0.82537;
cell_pop_norm0_Jack_MGMT_P(norm)=0.15529;
k_dis(norm)=0.61805;

%%%%%%%%%

TMZout0_Ka_XTMZ=34.3917433634;
MGMT_P0=2.1984192750;
k_MGMT=53.8982508878;
k_addO=0.0111328382;
k_addN=0.1816619800;
DSB_72h_fac=1.1652440144;
k_DSBO=0.0003568592;
k_DSBN=0.0000400777;
k_CyA=1.7842656259;
fVX=0.0012623489;
kf_ATR_MGMT_P=0.0000110060;
k_ATR=0.0231102957;
K_add=0.0000762531;
kd_pATR=0.0032846584;
k_Chk1=285.7786928577;
C_Chk1=0.7295311379;
pChk1_ref12_5_24h=0.0078157409;
pChk1_ref100_24h=0.0078204195;
pChk1_ref100_48h=0.0099500768;
kd_pChk1=0.0560027512;
k_cdc25=358.7916684299;
K_cdc25=1.4166977751;
kf_p53=0.0006395457;
k_p53=27.6334716533;
K_ATR=0.0003682195;
p53ser46_ref50_72h=0.0005388425;
kp_ser46=3.5985940642;
K_p53=0.5939948959;
upAsy=0.3247088820;
sness=0.0035691671;
k_apop=0.0709763485;
tED50=502.0726777360;
cell_pop_norm0_Jack_MGMT_P=73.9864485658;
k_dis=0.0167160441;

%%%%%%%%%

cost=124.5729375021;

%%%%%%%%%

