TMZout0_Ka_XTMZ(norm)=0.94376;
MGMT_P0(norm)=0.67659;
k_MGMT(norm)=0.35798;
k_addO(norm)=0.62219;
k_addN(norm)=1.00000;
DSB_72h_fac(norm)=0.81038;
k_DSBO(norm)=0.59514;
k_DSBN(norm)=0.24029;
k_CyA(norm)=0.60962;
fVX(norm)=0.41816;
kf_ATR_MGMT_P(norm)=0.78432;
k_ATR(norm)=0.69037;
K_add(norm)=0.54093;
kd_pATR(norm)=0.76943;
k_Chk1(norm)=0.34367;
C_Chk1(norm)=0.31204;
pChk1_ref12_5_24h(norm)=0.00010;
pChk1_ref100_24h(norm)=0.51870;
pChk1_ref100_48h(norm)=0.64613;
kd_pChk1(norm)=0.92676;
k_cdc25(norm)=0.46496;
K_cdc25(norm)=0.83304;
kf_p53(norm)=0.51746;
k_p53(norm)=0.71778;
K_ATR(norm)=0.57274;
p53ser46_ref50_72h(norm)=0.52204;
kp_ser46(norm)=0.13658;
K_p53(norm)=0.58122;
upAsy(norm)=0.23729;
sness(norm)=0.40475;
k_apop(norm)=0.43938;
tED50(norm)=0.62138;
cell_pop_norm0_Jack_MGMT_P(norm)=0.60048;
k_dis(norm)=0.56754;

%%%%%%%%%

TMZout0_Ka_XTMZ=38.4996697365;
MGMT_P0=2.0446482993;
k_MGMT=38.6964610854;
k_addO=0.0114254662;
k_addN=0.2153875622;
DSB_72h_fac=1.2195634616;
k_DSBO=0.0003158378;
k_DSBN=0.0000275581;
k_CyA=2.0825060230;
fVX=0.0012241697;
kf_ATR_MGMT_P=0.0000128535;
k_ATR=0.0227246333;
K_add=0.0000675419;
kd_pATR=0.0045333553;
k_Chk1=391.4084231484;
C_Chk1=0.5903041298;
pChk1_ref12_5_24h=0.0046411643;
pChk1_ref100_24h=0.0072185941;
pChk1_ref100_48h=0.0090917121;
kd_pChk1=0.1090470034;
k_cdc25=217.8251468032;
K_cdc25=1.6639750958;
kf_p53=0.0006524897;
k_p53=41.5647469284;
K_ATR=0.0004105348;
p53ser46_ref50_72h=0.0005164195;
kp_ser46=2.6291812739;
K_p53=0.5277747759;
upAsy=0.1876358079;
sness=0.0035732609;
k_apop=0.0563881202;
tED50=384.1726812582;
cell_pop_norm0_Jack_MGMT_P=86.7188795458;
k_dis=0.0159718112;

%%%%%%%%%

cost=169.4761008271;

%%%%%%%%%

