TMZout0_Ka_XTMZ(norm)=0.55969;
MGMT_P0(norm)=0.78864;
k_MGMT(norm)=0.58043;
k_addO(norm)=0.30289;
k_addN(norm)=0.32785;
DSB_72h_fac(norm)=0.17610;
k_DSBO(norm)=0.48712;
k_DSBN(norm)=0.44893;
k_CyA(norm)=0.39393;
fVX(norm)=0.05314;
kf_ATR_MGMT_P(norm)=0.52783;
k_ATR(norm)=0.84558;
K_add(norm)=0.74629;
kd_pATR(norm)=0.69382;
k_Chk1(norm)=0.68174;
C_Chk1(norm)=1.00000;
pChk1_ref12_5_24h(norm)=0.08549;
pChk1_ref100_24h(norm)=0.25988;
pChk1_ref100_48h(norm)=0.19312;
kd_pChk1(norm)=0.88683;
k_cdc25(norm)=0.87492;
K_cdc25(norm)=0.65347;
kf_p53(norm)=0.29728;
k_p53(norm)=0.24971;
K_ATR(norm)=0.35642;
p53ser46_ref50_72h(norm)=0.00010;
kp_ser46(norm)=0.96440;
K_p53(norm)=0.66653;
upAsy(norm)=0.00010;
sness(norm)=0.25973;
k_apop(norm)=0.72869;
tED50(norm)=0.49968;
cell_pop_norm0_Jack_MGMT_P(norm)=0.11032;
k_dis(norm)=0.80584;

%%%%%%%%%

TMZout0_Ka_XTMZ=35.2504505854;
MGMT_P0=2.2197922571;
k_MGMT=40.4242190318;
k_addO=0.0081732950;
k_addN=0.0990169150;
DSB_72h_fac=0.7513220059;
k_DSBO=0.0002978430;
k_DSBN=0.0000352837;
k_CyA=2.0834490007;
fVX=0.0009062060;
kf_ATR_MGMT_P=0.0000103547;
k_ATR=0.0328815001;
K_add=0.0000930717;
kd_pATR=0.0029842563;
k_Chk1=364.0998116088;
C_Chk1=1.0682849608;
pChk1_ref12_5_24h=0.0055794245;
pChk1_ref100_24h=0.0064822763;
pChk1_ref100_48h=0.0075612857;
kd_pChk1=0.0814448488;
k_cdc25=295.5012935228;
K_cdc25=1.4744816006;
kf_p53=0.0004516212;
k_p53=24.6003344338;
K_ATR=0.0003808218;
p53ser46_ref50_72h=0.0002923290;
kp_ser46=4.5659580051;
K_p53=0.6911110793;
upAsy=0.1198035342;
sness=0.0028535594;
k_apop=0.0656166442;
tED50=352.6986804703;
cell_pop_norm0_Jack_MGMT_P=72.8093825275;
k_dis=0.0194545764;

%%%%%%%%%

cost=342.9970339031;

%%%%%%%%%

