TMZout0_Ka_XTMZ(norm)=0.41247;
MGMT_P0(norm)=0.81267;
k_MGMT(norm)=0.62421;
k_addO(norm)=0.59995;
k_addN(norm)=0.79965;
DSB_72h_fac(norm)=0.72659;
k_DSBO(norm)=0.42194;
k_DSBN(norm)=0.37448;
k_CyA(norm)=0.86455;
fVX(norm)=0.42533;
kf_ATR_MGMT_P(norm)=0.58506;
k_ATR(norm)=0.64019;
K_add(norm)=0.56913;
kd_pATR(norm)=0.94699;
k_Chk1(norm)=0.65631;
C_Chk1(norm)=0.63497;
pChk1_ref12_5_24h(norm)=0.48701;
pChk1_ref100_24h(norm)=0.49269;
pChk1_ref100_48h(norm)=0.47816;
kd_pChk1(norm)=0.72411;
k_cdc25(norm)=0.78380;
K_cdc25(norm)=0.43417;
kf_p53(norm)=0.39446;
k_p53(norm)=0.53755;
K_ATR(norm)=0.54230;
p53ser46_ref50_72h(norm)=0.36100;
kp_ser46(norm)=0.61182;
K_p53(norm)=0.48552;
upAsy(norm)=0.27345;
sness(norm)=0.69418;
k_apop(norm)=0.67544;
tED50(norm)=0.44559;
cell_pop_norm0_Jack_MGMT_P(norm)=0.17606;
k_dis(norm)=0.59954;

%%%%%%%%%

TMZout0_Ka_XTMZ=34.0789631678;
MGMT_P0=2.2576226895;
k_MGMT=43.2649937623;
k_addO=0.0110511660;
k_addN=0.1676627358;
DSB_72h_fac=1.1401320076;
k_DSBO=0.0002773026;
k_DSBN=0.0000346886;
k_CyA=2.6254856673;
fVX=0.0011999225;
kf_ATR_MGMT_P=0.0000108709;
k_ATR=0.0199263328;
K_add=0.0000715856;
kd_pATR=0.0043170331;
k_Chk1=462.4830160946;
C_Chk1=0.7772976945;
pChk1_ref12_5_24h=0.0065446713;
pChk1_ref100_24h=0.0065848225;
pChk1_ref100_48h=0.0076383319;
kd_pChk1=0.0882773719;
k_cdc25=350.1097592385;
K_cdc25=1.1786231942;
kf_p53=0.0005721782;
k_p53=28.8251812385;
K_ATR=0.0003321624;
p53ser46_ref50_72h=0.0004572764;
kp_ser46=4.3535375618;
K_p53=0.7598092117;
upAsy=0.2130299790;
sness=0.0043314232;
k_apop=0.0685576982;
tED50=363.9301362708;
cell_pop_norm0_Jack_MGMT_P=74.5367045198;
k_dis=0.0164558189;

%%%%%%%%%

cost=123.6748030757;

%%%%%%%%%

