TMZout0_Ka_XTMZ(norm)=0.31544;
MGMT_P0(norm)=0.92498;
k_MGMT(norm)=0.33765;
k_addO(norm)=0.60669;
k_addN(norm)=0.41650;
DSB_72h_fac(norm)=0.69842;
k_DSBO(norm)=0.45765;
k_DSBN(norm)=0.73475;
k_CyA(norm)=0.45623;
fVX(norm)=0.57689;
kf_ATR_MGMT_P(norm)=0.59892;
k_ATR(norm)=0.52412;
K_add(norm)=0.47540;
kd_pATR(norm)=0.97569;
k_Chk1(norm)=0.66337;
C_Chk1(norm)=0.59790;
pChk1_ref12_5_24h(norm)=0.55972;
pChk1_ref100_24h(norm)=0.55543;
pChk1_ref100_48h(norm)=0.58026;
kd_pChk1(norm)=0.64357;
k_cdc25(norm)=0.70516;
K_cdc25(norm)=0.62388;
kf_p53(norm)=0.84033;
k_p53(norm)=0.68226;
K_ATR(norm)=0.54292;
p53ser46_ref50_72h(norm)=0.86089;
kp_ser46(norm)=0.68447;
K_p53(norm)=0.71979;
upAsy(norm)=0.18027;
sness(norm)=0.18169;
k_apop(norm)=0.53186;
tED50(norm)=0.50056;
cell_pop_norm0_Jack_MGMT_P(norm)=0.15992;
k_dis(norm)=0.63479;

%%%%%%%%%

TMZout0_Ka_XTMZ=33.3282225620;
MGMT_P0=2.3742519143;
k_MGMT=41.2006759615;
k_addO=0.0105387409;
k_addN=0.1250018070;
DSB_72h_fac=1.0962285599;
k_DSBO=0.0003285400;
k_DSBN=0.0000402002;
k_CyA=2.4869846547;
fVX=0.0014438478;
kf_ATR_MGMT_P=0.0000110346;
k_ATR=0.0267698520;
K_add=0.0000824228;
kd_pATR=0.0027629584;
k_Chk1=340.5699445800;
C_Chk1=0.7630606863;
pChk1_ref12_5_24h=0.0086492797;
pChk1_ref100_24h=0.0086685709;
pChk1_ref100_48h=0.0106999465;
kd_pChk1=0.0640296333;
k_cdc25=234.6701971284;
K_cdc25=1.4126273330;
kf_p53=0.0005851014;
k_p53=33.1821093540;
K_ATR=0.0004692610;
p53ser46_ref50_72h=0.0004871738;
kp_ser46=3.3612695903;
K_p53=0.6548298234;
upAsy=0.1996556395;
sness=0.0038164649;
k_apop=0.0589823611;
tED50=384.9303283104;
cell_pop_norm0_Jack_MGMT_P=74.1089073461;
k_dis=0.0163809750;

%%%%%%%%%

cost=123.3303680180;

%%%%%%%%%

