TMZout0_Ka_XTMZ(norm)=0.37303;
MGMT_P0(norm)=0.51348;
k_MGMT(norm)=0.99417;
k_addO(norm)=0.49746;
k_addN(norm)=0.07645;
DSB_72h_fac(norm)=0.63396;
k_DSBO(norm)=0.72310;
k_DSBN(norm)=0.87633;
k_CyA(norm)=0.49854;
fVX(norm)=0.33682;
kf_ATR_MGMT_P(norm)=0.59566;
k_ATR(norm)=0.45972;
K_add(norm)=0.64056;
kd_pATR(norm)=0.38168;
k_Chk1(norm)=0.63801;
C_Chk1(norm)=0.61401;
pChk1_ref12_5_24h(norm)=0.24191;
pChk1_ref100_24h(norm)=0.28646;
pChk1_ref100_48h(norm)=0.27912;
kd_pChk1(norm)=0.92162;
k_cdc25(norm)=0.22030;
K_cdc25(norm)=0.61134;
kf_p53(norm)=0.44451;
k_p53(norm)=0.26169;
K_ATR(norm)=0.22792;
p53ser46_ref50_72h(norm)=0.46150;
kp_ser46(norm)=0.65652;
K_p53(norm)=0.99649;
upAsy(norm)=0.26613;
sness(norm)=0.19051;
k_apop(norm)=0.63444;
tED50(norm)=0.73357;
cell_pop_norm0_Jack_MGMT_P(norm)=0.15853;
k_dis(norm)=0.62104;

%%%%%%%%%

TMZout0_Ka_XTMZ=33.7717359142;
MGMT_P0=1.9183025677;
k_MGMT=59.1930760206;
k_addO=0.0101319821;
k_addN=0.0908477173;
DSB_72h_fac=1.0635190877;
k_DSBO=0.0003579114;
k_DSBN=0.0000530706;
k_CyA=1.9254310029;
fVX=0.0011132222;
kf_ATR_MGMT_P=0.0000109690;
k_ATR=0.0171008641;
K_add=0.0000760522;
kd_pATR=0.0026740260;
k_Chk1=455.3678171657;
C_Chk1=0.7636165632;
pChk1_ref12_5_24h=0.0053173423;
pChk1_ref100_24h=0.0055291289;
pChk1_ref100_48h=0.0064529479;
kd_pChk1=0.1043589917;
k_cdc25=217.1951793447;
K_cdc25=1.3695226207;
kf_p53=0.0005969660;
k_p53=22.8171866016;
K_ATR=0.0002544875;
p53ser46_ref50_72h=0.0004979218;
kp_ser46=4.5215748003;
K_p53=1.1714636985;
upAsy=0.2117134007;
sness=0.0028268009;
k_apop=0.0662171488;
tED50=464.5021660332;
cell_pop_norm0_Jack_MGMT_P=74.0720493472;
k_dis=0.0167583799;

%%%%%%%%%

cost=126.0527539116;

%%%%%%%%%

