TMZout0_Ka_XTMZ(norm)=0.47912;
MGMT_P0(norm)=0.96188;
k_MGMT(norm)=0.74251;
k_addO(norm)=0.66568;
k_addN(norm)=0.94171;
DSB_72h_fac(norm)=0.76717;
k_DSBO(norm)=0.66254;
k_DSBN(norm)=0.45148;
k_CyA(norm)=0.29317;
fVX(norm)=0.50307;
kf_ATR_MGMT_P(norm)=0.63205;
k_ATR(norm)=0.55766;
K_add(norm)=0.57546;
kd_pATR(norm)=0.53513;
k_Chk1(norm)=0.22421;
C_Chk1(norm)=0.57260;
pChk1_ref12_5_24h(norm)=0.34536;
pChk1_ref100_24h(norm)=0.34602;
pChk1_ref100_48h(norm)=0.33040;
kd_pChk1(norm)=0.69141;
k_cdc25(norm)=0.12001;
K_cdc25(norm)=0.73823;
kf_p53(norm)=0.50622;
k_p53(norm)=0.61710;
K_ATR(norm)=0.55588;
p53ser46_ref50_72h(norm)=0.61516;
kp_ser46(norm)=0.62670;
K_p53(norm)=0.97282;
upAsy(norm)=0.22024;
sness(norm)=0.86270;
k_apop(norm)=0.52718;
tED50(norm)=0.11890;
cell_pop_norm0_Jack_MGMT_P(norm)=0.15429;
k_dis(norm)=0.58321;

%%%%%%%%%

TMZout0_Ka_XTMZ=34.6043633699;
MGMT_P0=2.4432309748;
k_MGMT=44.8379516791;
k_addO=0.0108992559;
k_addN=0.1549534658;
DSB_72h_fac=1.1730434490;
k_DSBO=0.0003459803;
k_DSBN=0.0000365358;
k_CyA=1.8292549000;
fVX=0.0011855572;
kf_ATR_MGMT_P=0.0000111298;
k_ATR=0.0240534635;
K_add=0.0000741853;
kd_pATR=0.0032416977;
k_Chk1=297.4516623244;
C_Chk1=0.7509225633;
pChk1_ref12_5_24h=0.0063299618;
pChk1_ref100_24h=0.0063438733;
pChk1_ref100_48h=0.0072984788;
kd_pChk1=0.0833068096;
k_cdc25=171.6937776956;
K_cdc25=1.5011125145;
kf_p53=0.0005525411;
k_p53=37.8228769476;
K_ATR=0.0004594556;
p53ser46_ref50_72h=0.0004809451;
kp_ser46=3.4871769161;
K_p53=0.8558882846;
upAsy=0.1827530184;
sness=0.0048202401;
k_apop=0.0628728797;
tED50=294.1160927676;
cell_pop_norm0_Jack_MGMT_P=73.9602263945;
k_dis=0.0163044240;

%%%%%%%%%

cost=124.0716502942;

%%%%%%%%%

