TMZout0_Ka_XTMZ(norm)=0.64582;
MGMT_P0(norm)=0.00010;
k_MGMT(norm)=0.72879;
k_addO(norm)=0.31726;
k_addN(norm)=0.20580;
DSB_72h_fac(norm)=0.17074;
k_DSBO(norm)=0.31789;
k_DSBN(norm)=0.34188;
k_CyA(norm)=0.76167;
fVX(norm)=0.36437;
kf_ATR_MGMT_P(norm)=0.78929;
k_ATR(norm)=0.75847;
K_add(norm)=0.52423;
kd_pATR(norm)=0.50675;
k_Chk1(norm)=0.49019;
C_Chk1(norm)=0.48627;
pChk1_ref12_5_24h(norm)=0.46832;
pChk1_ref100_24h(norm)=0.89564;
pChk1_ref100_48h(norm)=1.00000;
kd_pChk1(norm)=0.38746;
k_cdc25(norm)=1.00000;
K_cdc25(norm)=0.49287;
kf_p53(norm)=0.22348;
k_p53(norm)=0.32937;
K_ATR(norm)=0.48084;
p53ser46_ref50_72h(norm)=0.16453;
kp_ser46(norm)=0.61485;
K_p53(norm)=0.19551;
upAsy(norm)=0.60858;
sness(norm)=0.63785;
k_apop(norm)=0.60614;
tED50(norm)=0.73118;
cell_pop_norm0_Jack_MGMT_P(norm)=0.84827;
k_dis(norm)=0.28221;

%%%%%%%%%

TMZout0_Ka_XTMZ=35.9544179769;
MGMT_P0=1.3426454420;
k_MGMT=52.9809391421;
k_addO=0.0088239772;
k_addN=0.1098942741;
DSB_72h_fac=0.7657204472;
k_DSBO=0.0002497124;
k_DSBN=0.0000300353;
k_CyA=2.3688446335;
fVX=0.0011696351;
kf_ATR_MGMT_P=0.0000129077;
k_ATR=0.0240744849;
K_add=0.0000665930;
kd_pATR=0.0036287716;
k_Chk1=443.1443728635;
C_Chk1=0.6842109288;
pChk1_ref12_5_24h=0.0069011686;
pChk1_ref100_24h=0.0099347590;
pChk1_ref100_48h=0.0122705020;
kd_pChk1=0.0690496652;
k_cdc25=342.7608330462;
K_cdc25=1.2473035461;
kf_p53=0.0005086217;
k_p53=29.9088594449;
K_ATR=0.0003797799;
p53ser46_ref50_72h=0.0003814575;
kp_ser46=3.9428940181;
K_p53=0.3806435718;
upAsy=0.2570052301;
sness=0.0043535156;
k_apop=0.0649459578;
tED50=421.6270482830;
cell_pop_norm0_Jack_MGMT_P=94.7318737535;
k_dis=0.0125417594;

%%%%%%%%%

cost=279.4311467258;

%%%%%%%%%

