TMZout0_Ka_XTMZ(norm)=0.00010;
MGMT_P0(norm)=0.73899;
k_MGMT(norm)=0.46739;
k_addO(norm)=0.62096;
k_addN(norm)=0.52464;
DSB_72h_fac(norm)=0.51707;
k_DSBO(norm)=0.60976;
k_DSBN(norm)=0.28759;
k_CyA(norm)=0.64699;
fVX(norm)=0.40144;
kf_ATR_MGMT_P(norm)=0.71528;
k_ATR(norm)=0.84524;
K_add(norm)=0.62930;
kd_pATR(norm)=0.60339;
k_Chk1(norm)=0.64443;
C_Chk1(norm)=0.30997;
pChk1_ref12_5_24h(norm)=0.16226;
pChk1_ref100_24h(norm)=0.28550;
pChk1_ref100_48h(norm)=0.52735;
kd_pChk1(norm)=0.83723;
k_cdc25(norm)=0.30721;
K_cdc25(norm)=0.88116;
kf_p53(norm)=0.09539;
k_p53(norm)=0.76683;
K_ATR(norm)=0.51004;
p53ser46_ref50_72h(norm)=0.35580;
kp_ser46(norm)=0.34070;
K_p53(norm)=0.28256;
upAsy(norm)=0.20472;
sness(norm)=0.67479;
k_apop(norm)=0.51458;
tED50(norm)=0.47625;
cell_pop_norm0_Jack_MGMT_P(norm)=0.26130;
k_dis(norm)=0.38132;

%%%%%%%%%

TMZout0_Ka_XTMZ=31.0007116889;
MGMT_P0=2.1688603345;
k_MGMT=37.8817396991;
k_addO=0.0112497130;
k_addN=0.1328121918;
DSB_72h_fac=0.9741376697;
k_DSBO=0.0003251368;
k_DSBN=0.0000322264;
k_CyA=2.1834925261;
fVX=0.0011758754;
kf_ATR_MGMT_P=0.0000121391;
k_ATR=0.0237072631;
K_add=0.0000753301;
kd_pATR=0.0032266309;
k_Chk1=457.8531786765;
C_Chk1=0.5901939364;
pChk1_ref12_5_24h=0.0049703386;
pChk1_ref100_24h=0.0055246376;
pChk1_ref100_48h=0.0079634010;
kd_pChk1=0.0971572838;
k_cdc25=233.7925886059;
K_cdc25=1.7212980853;
kf_p53=0.0004441014;
k_p53=35.0059836461;
K_ATR=0.0003232054;
p53ser46_ref50_72h=0.0004552645;
kp_ser46=3.4599971289;
K_p53=0.6397632934;
upAsy=0.2009790024;
sness=0.0042608522;
k_apop=0.0598222826;
tED50=373.5082193328;
cell_pop_norm0_Jack_MGMT_P=76.8377057740;
k_dis=0.0136779959;

%%%%%%%%%

cost=205.0420141217;

%%%%%%%%%

