TMZout0_Ka_XTMZ(norm)=0.31433;
MGMT_P0(norm)=0.80348;
k_MGMT(norm)=0.73847;
k_addO(norm)=0.63109;
k_addN(norm)=0.94600;
DSB_72h_fac(norm)=0.74644;
k_DSBO(norm)=0.51061;
k_DSBN(norm)=0.75530;
k_CyA(norm)=0.77121;
fVX(norm)=0.68615;
kf_ATR_MGMT_P(norm)=0.60294;
k_ATR(norm)=0.55241;
K_add(norm)=0.60638;
kd_pATR(norm)=0.80185;
k_Chk1(norm)=0.54008;
C_Chk1(norm)=0.57033;
pChk1_ref12_5_24h(norm)=0.64036;
pChk1_ref100_24h(norm)=0.64052;
pChk1_ref100_48h(norm)=0.74149;
kd_pChk1(norm)=0.34224;
k_cdc25(norm)=0.90517;
K_cdc25(norm)=0.41992;
kf_p53(norm)=0.49226;
k_p53(norm)=0.51703;
K_ATR(norm)=0.49383;
p53ser46_ref50_72h(norm)=0.48580;
kp_ser46(norm)=0.71466;
K_p53(norm)=0.58225;
upAsy(norm)=0.52823;
sness(norm)=0.50761;
k_apop(norm)=0.65728;
tED50(norm)=0.66685;
cell_pop_norm0_Jack_MGMT_P(norm)=0.19224;
k_dis(norm)=0.61392;

%%%%%%%%%

TMZout0_Ka_XTMZ=33.3196923379;
MGMT_P0=2.2124727200;
k_MGMT=53.4173043088;
k_addO=0.0115118866;
k_addN=0.2057551989;
DSB_72h_fac=1.1641216118;
k_DSBO=0.0002940082;
k_DSBN=0.0000426348;
k_CyA=2.3880729827;
fVX=0.0015362352;
kf_ATR_MGMT_P=0.0000110224;
k_ATR=0.0202178043;
K_add=0.0000713932;
kd_pATR=0.0046596259;
k_Chk1=462.2793915458;
C_Chk1=0.7347237417;
pChk1_ref12_5_24h=0.0079841248;
pChk1_ref100_24h=0.0080034636;
pChk1_ref100_48h=0.0098568046;
kd_pChk1=0.0664542428;
k_cdc25=316.2986140152;
K_cdc25=1.1725394110;
kf_p53=0.0006387082;
k_p53=35.0634913898;
K_ATR=0.0003839810;
p53ser46_ref50_72h=0.0005008038;
kp_ser46=4.2908389064;
K_p53=0.5282396556;
upAsy=0.2400901316;
sness=0.0038986396;
k_apop=0.0678221202;
tED50=399.2615631418;
cell_pop_norm0_Jack_MGMT_P=74.9682020088;
k_dis=0.0166118821;

%%%%%%%%%

cost=123.0397337300;

%%%%%%%%%

