TMZout0_Ka_XTMZ(norm)=0.80745;
MGMT_P0(norm)=0.00010;
k_MGMT(norm)=0.32682;
k_addO(norm)=0.12007;
k_addN(norm)=0.73788;
DSB_72h_fac(norm)=0.34365;
k_DSBO(norm)=0.75423;
k_DSBN(norm)=0.52663;
k_CyA(norm)=0.77190;
fVX(norm)=0.20640;
kf_ATR_MGMT_P(norm)=0.87095;
k_ATR(norm)=0.98020;
K_add(norm)=0.94177;
kd_pATR(norm)=1.00000;
k_Chk1(norm)=0.00010;
C_Chk1(norm)=0.69652;
pChk1_ref12_5_24h(norm)=0.00010;
pChk1_ref100_24h(norm)=0.41641;
pChk1_ref100_48h(norm)=0.40881;
kd_pChk1(norm)=0.80145;
k_cdc25(norm)=0.52450;
K_cdc25(norm)=0.46327;
kf_p53(norm)=0.97752;
k_p53(norm)=0.31592;
K_ATR(norm)=0.61996;
p53ser46_ref50_72h(norm)=0.76200;
kp_ser46(norm)=0.36308;
K_p53(norm)=0.20319;
upAsy(norm)=0.31523;
sness(norm)=0.57285;
k_apop(norm)=0.40299;
tED50(norm)=0.60969;
cell_pop_norm0_Jack_MGMT_P(norm)=0.26746;
k_dis(norm)=0.40695;

%%%%%%%%%

TMZout0_Ka_XTMZ=37.3135673601;
MGMT_P0=1.3686497659;
k_MGMT=31.5270989752;
k_addO=0.0068647113;
k_addN=0.1303754424;
DSB_72h_fac=0.8503373551;
k_DSBO=0.0003739310;
k_DSBN=0.0000389378;
k_CyA=2.7443230636;
fVX=0.0009220445;
kf_ATR_MGMT_P=0.0000136268;
k_ATR=0.0344081785;
K_add=0.0001011832;
kd_pATR=0.0048065363;
k_Chk1=246.0080260526;
C_Chk1=0.8340546323;
pChk1_ref12_5_24h=0.0047244711;
pChk1_ref100_24h=0.0067337699;
pChk1_ref100_48h=0.0077998244;
kd_pChk1=0.0914479945;
k_cdc25=241.8769942473;
K_cdc25=1.1891406143;
kf_p53=0.0008237412;
k_p53=29.3040054978;
K_ATR=0.0004850915;
p53ser46_ref50_72h=0.0005446623;
kp_ser46=2.7891151792;
K_p53=0.4458702454;
upAsy=0.1980703052;
sness=0.0037706005;
k_apop=0.0565929381;
tED50=445.7765546015;
cell_pop_norm0_Jack_MGMT_P=77.0066648524;
k_dis=0.0140425355;

%%%%%%%%%

cost=288.2367023775;

%%%%%%%%%

