TMZout0_Ka_XTMZ(norm)=0.00010;
MGMT_P0(norm)=0.51922;
k_MGMT(norm)=0.70220;
k_addO(norm)=0.37549;
k_addN(norm)=0.67456;
DSB_72h_fac(norm)=0.34225;
k_DSBO(norm)=0.70913;
k_DSBN(norm)=0.25009;
k_CyA(norm)=0.43984;
fVX(norm)=0.31032;
kf_ATR_MGMT_P(norm)=0.49973;
k_ATR(norm)=1.00000;
K_add(norm)=0.83128;
kd_pATR(norm)=0.13514;
k_Chk1(norm)=0.20578;
C_Chk1(norm)=0.79992;
pChk1_ref12_5_24h(norm)=0.00010;
pChk1_ref100_24h(norm)=0.26216;
pChk1_ref100_48h(norm)=0.76276;
kd_pChk1(norm)=0.97872;
k_cdc25(norm)=0.62879;
K_cdc25(norm)=0.23299;
kf_p53(norm)=0.51271;
k_p53(norm)=0.44247;
K_ATR(norm)=0.49615;
p53ser46_ref50_72h(norm)=0.43660;
kp_ser46(norm)=0.35571;
K_p53(norm)=0.13166;
upAsy(norm)=0.00010;
sness(norm)=0.42096;
k_apop(norm)=0.68658;
tED50(norm)=0.32247;
cell_pop_norm0_Jack_MGMT_P(norm)=0.55925;
k_dis(norm)=0.32601;

%%%%%%%%%

TMZout0_Ka_XTMZ=31.0007116889;
MGMT_P0=1.8712576223;
k_MGMT=43.3324024542;
k_addO=0.0085234055;
k_addN=0.1235651279;
DSB_72h_fac=0.8494341318;
k_DSBO=0.0003599129;
k_DSBN=0.0000308043;
k_CyA=2.0713204221;
fVX=0.0010069149;
kf_ATR_MGMT_P=0.0000099493;
k_ATR=0.0349902468;
K_add=0.0000921411;
kd_pATR=0.0023098534;
k_Chk1=292.8420716192;
C_Chk1=0.9104219232;
pChk1_ref12_5_24h=0.0047244711;
pChk1_ref100_24h=0.0059087866;
pChk1_ref100_48h=0.0105275937;
kd_pChk1=0.1062684022;
k_cdc25=264.2237931813;
K_cdc25=0.9783534949;
kf_p53=0.0005555893;
k_p53=32.6208788542;
K_ATR=0.0004367807;
p53ser46_ref50_72h=0.0004134185;
kp_ser46=2.7717440521;
K_p53=0.4196499412;
upAsy=0.1516554193;
sness=0.0033152520;
k_apop=0.0719642795;
tED50=349.4831112130;
cell_pop_norm0_Jack_MGMT_P=85.4530580501;
k_dis=0.0131117039;

%%%%%%%%%

cost=259.6239026440;

%%%%%%%%%

