TMZout0_Ka_XTMZ(norm)=0.41377;
MGMT_P0(norm)=0.71296;
k_MGMT(norm)=0.66814;
k_addO(norm)=0.59762;
k_addN(norm)=0.55383;
DSB_72h_fac(norm)=0.60048;
k_DSBO(norm)=0.57028;
k_DSBN(norm)=0.40875;
k_CyA(norm)=0.00010;
fVX(norm)=0.18253;
kf_ATR_MGMT_P(norm)=1.00000;
k_ATR(norm)=0.66598;
K_add(norm)=0.74743;
kd_pATR(norm)=0.82499;
k_Chk1(norm)=0.00010;
C_Chk1(norm)=0.18279;
pChk1_ref12_5_24h(norm)=0.27056;
pChk1_ref100_24h(norm)=0.40377;
pChk1_ref100_48h(norm)=0.67088;
kd_pChk1(norm)=0.45750;
k_cdc25(norm)=0.66759;
K_cdc25(norm)=0.46304;
kf_p53(norm)=0.64132;
k_p53(norm)=0.28645;
K_ATR(norm)=0.51125;
p53ser46_ref50_72h(norm)=0.62386;
kp_ser46(norm)=1.00000;
K_p53(norm)=0.57817;
upAsy(norm)=0.26714;
sness(norm)=0.36404;
k_apop(norm)=0.55697;
tED50(norm)=1.00000;
cell_pop_norm0_Jack_MGMT_P(norm)=0.28016;
k_dis(norm)=0.58635;

%%%%%%%%%

TMZout0_Ka_XTMZ=34.0891270586;
MGMT_P0=2.0913965838;
k_MGMT=50.3273464354;
k_addO=0.0111900069;
k_addN=0.1475845003;
DSB_72h_fac=1.0468255819;
k_DSBO=0.0003092542;
k_DSBN=0.0000317862;
k_CyA=1.2424989020;
fVX=0.0010026221;
kf_ATR_MGMT_P=0.0000154307;
k_ATR=0.0222600029;
K_add=0.0000804560;
kd_pATR=0.0047518829;
k_Chk1=292.5525408855;
C_Chk1=0.5290751408;
pChk1_ref12_5_24h=0.0058364730;
pChk1_ref100_24h=0.0065487991;
pChk1_ref100_48h=0.0092844373;
kd_pChk1=0.0732714509;
k_cdc25=258.6252477903;
K_cdc25=1.2161738045;
kf_p53=0.0007246878;
k_p53=28.8406495595;
K_ATR=0.0003896909;
p53ser46_ref50_72h=0.0005629516;
kp_ser46=5.4643701630;
K_p53=0.5264134735;
upAsy=0.1924407488;
sness=0.0034521077;
k_apop=0.0622955868;
tED50=529.4799787438;
cell_pop_norm0_Jack_MGMT_P=77.3561091762;
k_dis=0.0162283192;

%%%%%%%%%

cost=344.2887014197;

%%%%%%%%%

