TMZout0_Ka_XTMZ(norm)=0.30551;
MGMT_P0(norm)=0.86551;
k_MGMT(norm)=0.72057;
k_addO(norm)=0.57742;
k_addN(norm)=0.63966;
DSB_72h_fac(norm)=0.70919;
k_DSBO(norm)=0.64512;
k_DSBN(norm)=0.59228;
k_CyA(norm)=0.73962;
fVX(norm)=0.13903;
kf_ATR_MGMT_P(norm)=0.59772;
k_ATR(norm)=0.19005;
K_add(norm)=0.64693;
kd_pATR(norm)=0.33294;
k_Chk1(norm)=0.42152;
C_Chk1(norm)=0.57455;
pChk1_ref12_5_24h(norm)=0.33039;
pChk1_ref100_24h(norm)=0.32959;
pChk1_ref100_48h(norm)=0.41639;
kd_pChk1(norm)=0.54503;
k_cdc25(norm)=0.40844;
K_cdc25(norm)=0.60409;
kf_p53(norm)=0.35893;
k_p53(norm)=0.62889;
K_ATR(norm)=0.27553;
p53ser46_ref50_72h(norm)=0.40680;
kp_ser46(norm)=0.88444;
K_p53(norm)=0.69248;
upAsy(norm)=0.61468;
sness(norm)=0.62264;
k_apop(norm)=0.59645;
tED50(norm)=0.73509;
cell_pop_norm0_Jack_MGMT_P(norm)=0.15252;
k_dis(norm)=0.59609;

%%%%%%%%%

TMZout0_Ka_XTMZ=33.2523040298;
MGMT_P0=2.3235035339;
k_MGMT=46.9454883259;
k_addO=0.0108422594;
k_addN=0.1464069404;
DSB_72h_fac=1.1253317042;
k_DSBO=0.0003350270;
k_DSBN=0.0000417189;
k_CyA=2.3617751370;
fVX=0.0009414554;
kf_ATR_MGMT_P=0.0000109882;
k_ATR=0.0136076589;
K_add=0.0000764635;
kd_pATR=0.0025658418;
k_Chk1=379.0519950739;
C_Chk1=0.7385071829;
pChk1_ref12_5_24h=0.0057313237;
pChk1_ref100_24h=0.0057348973;
pChk1_ref100_48h=0.0072488629;
kd_pChk1=0.0758493526;
k_cdc25=254.7307520361;
K_cdc25=1.3611401223;
kf_p53=0.0005552101;
k_p53=31.1446003227;
K_ATR=0.0002649629;
p53ser46_ref50_72h=0.0004753675;
kp_ser46=5.4847615217;
K_p53=0.9054447495;
upAsy=0.2844505037;
sness=0.0040766943;
k_apop=0.0641195950;
tED50=465.1003610382;
cell_pop_norm0_Jack_MGMT_P=73.9133687735;
k_dis=0.0164078529;

%%%%%%%%%

cost=124.9311526725;

%%%%%%%%%

