TMZout0_Ka_XTMZ(norm)=0.44615;
MGMT_P0(norm)=0.70396;
k_MGMT(norm)=0.85727;
k_addO(norm)=0.57022;
k_addN(norm)=0.78451;
DSB_72h_fac(norm)=0.71454;
k_DSBO(norm)=0.61856;
k_DSBN(norm)=0.58103;
k_CyA(norm)=0.81741;
fVX(norm)=0.53946;
kf_ATR_MGMT_P(norm)=0.59980;
k_ATR(norm)=0.73913;
K_add(norm)=0.70971;
kd_pATR(norm)=0.52233;
k_Chk1(norm)=0.32051;
C_Chk1(norm)=0.57589;
pChk1_ref12_5_24h(norm)=0.64196;
pChk1_ref100_24h(norm)=0.64014;
pChk1_ref100_48h(norm)=0.74284;
kd_pChk1(norm)=0.32629;
k_cdc25(norm)=0.63840;
K_cdc25(norm)=0.48634;
kf_p53(norm)=0.52126;
k_p53(norm)=0.22745;
K_ATR(norm)=0.46385;
p53ser46_ref50_72h(norm)=0.53821;
kp_ser46(norm)=0.53266;
K_p53(norm)=0.62282;
upAsy(norm)=0.20026;
sness(norm)=0.53287;
k_apop(norm)=0.61489;
tED50(norm)=0.30298;
cell_pop_norm0_Jack_MGMT_P(norm)=0.14321;
k_dis(norm)=0.60454;

%%%%%%%%%

TMZout0_Ka_XTMZ=34.3434366002;
MGMT_P0=2.0797359848;
k_MGMT=59.0741790223;
k_addO=0.0109331980;
k_addN=0.1794420087;
DSB_72h_fac=1.1374139666;
k_DSBO=0.0003221673;
k_DSBN=0.0000367820;
k_CyA=2.4833938596;
fVX=0.0013566843;
kf_ATR_MGMT_P=0.0000109931;
k_ATR=0.0236832680;
K_add=0.0000779257;
kd_pATR=0.0036769840;
k_Chk1=383.8006243572;
C_Chk1=0.7381917229;
pChk1_ref12_5_24h=0.0079949475;
pChk1_ref100_24h=0.0080009043;
pChk1_ref100_48h=0.0098680703;
kd_pChk1=0.0655622661;
k_cdc25=252.3076821975;
K_cdc25=1.2404254160;
kf_p53=0.0006545954;
k_p53=27.4344916199;
K_ATR=0.0003743512;
p53ser46_ref50_72h=0.0005235407;
kp_ser46=3.6776338304;
K_p53=0.5467109435;
upAsy=0.1818395465;
sness=0.0039829877;
k_apop=0.0654289699;
tED50=293.3335747237;
cell_pop_norm0_Jack_MGMT_P=73.6685033621;
k_dis=0.0164803999;

%%%%%%%%%

cost=123.9215423846;

%%%%%%%%%

