TMZout0_Ka_XTMZ(norm)=0.80991;
MGMT_P0(norm)=0.77035;
k_MGMT(norm)=0.67572;
k_addO(norm)=0.56024;
k_addN(norm)=0.86648;
DSB_72h_fac(norm)=0.77308;
k_DSBO(norm)=0.73640;
k_DSBN(norm)=0.67973;
k_CyA(norm)=0.44134;
fVX(norm)=0.62647;
kf_ATR_MGMT_P(norm)=0.57608;
k_ATR(norm)=0.56801;
K_add(norm)=0.62661;
kd_pATR(norm)=0.77837;
k_Chk1(norm)=0.60024;
C_Chk1(norm)=0.60005;
pChk1_ref12_5_24h(norm)=0.59542;
pChk1_ref100_24h(norm)=0.59658;
pChk1_ref100_48h(norm)=0.65810;
kd_pChk1(norm)=0.50115;
k_cdc25(norm)=0.34532;
K_cdc25(norm)=0.63739;
kf_p53(norm)=0.68539;
k_p53(norm)=0.43703;
K_ATR(norm)=0.42410;
p53ser46_ref50_72h(norm)=0.67729;
kp_ser46(norm)=0.61958;
K_p53(norm)=0.60152;
upAsy(norm)=0.26964;
sness(norm)=0.27539;
k_apop(norm)=0.67457;
tED50(norm)=0.42312;
cell_pop_norm0_Jack_MGMT_P(norm)=0.16955;
k_dis(norm)=0.62083;

%%%%%%%%%

TMZout0_Ka_XTMZ=37.3346603662;
MGMT_P0=2.2062123115;
k_MGMT=45.1950942645;
k_addO=0.0106855797;
k_addN=0.1774308898;
DSB_72h_fac=1.1806393331;
k_DSBO=0.0003619680;
k_DSBN=0.0000449273;
k_CyA=1.8343420527;
fVX=0.0014228737;
kf_ATR_MGMT_P=0.0000107885;
k_ATR=0.0187440914;
K_add=0.0000751585;
kd_pATR=0.0037422948;
k_Chk1=441.0275264557;
C_Chk1=0.7546338880;
pChk1_ref12_5_24h=0.0071743063;
pChk1_ref100_24h=0.0071907352;
pChk1_ref100_48h=0.0088963782;
kd_pChk1=0.0730810639;
k_cdc25=241.4650539928;
K_cdc25=1.4000894549;
kf_p53=0.0007321313;
k_p53=26.4717223648;
K_ATR=0.0003005089;
p53ser46_ref50_72h=0.0005978140;
kp_ser46=4.3822476587;
K_p53=0.8382803635;
upAsy=0.2123427069;
sness=0.0030375807;
k_apop=0.0685070840;
tED50=357.0654090376;
cell_pop_norm0_Jack_MGMT_P=74.3637275132;
k_dis=0.0167554186;

%%%%%%%%%

cost=124.0255518197;

%%%%%%%%%

