TMZout0_Ka_XTMZ(norm)=0.55204;
MGMT_P0(norm)=0.98867;
k_MGMT(norm)=0.38305;
k_addO(norm)=0.49875;
k_addN(norm)=0.74237;
DSB_72h_fac(norm)=0.40548;
k_DSBO(norm)=0.38414;
k_DSBN(norm)=0.25153;
k_CyA(norm)=0.09704;
fVX(norm)=1.00000;
kf_ATR_MGMT_P(norm)=1.00000;
k_ATR(norm)=1.00000;
K_add(norm)=0.45122;
kd_pATR(norm)=0.61053;
k_Chk1(norm)=0.64059;
C_Chk1(norm)=0.87957;
pChk1_ref12_5_24h(norm)=0.09663;
pChk1_ref100_24h(norm)=0.15647;
pChk1_ref100_48h(norm)=0.53553;
kd_pChk1(norm)=0.64956;
k_cdc25(norm)=0.58824;
K_cdc25(norm)=0.52497;
kf_p53(norm)=1.00000;
k_p53(norm)=0.95998;
K_ATR(norm)=0.70113;
p53ser46_ref50_72h(norm)=0.50973;
kp_ser46(norm)=0.71817;
K_p53(norm)=0.00010;
upAsy(norm)=0.39218;
sness(norm)=0.73987;
k_apop(norm)=0.33488;
tED50(norm)=0.23687;
cell_pop_norm0_Jack_MGMT_P(norm)=0.00010;
k_dis(norm)=0.64454;

%%%%%%%%%

TMZout0_Ka_XTMZ=35.1885828475;
MGMT_P0=2.4805979797;
k_MGMT=42.8166371630;
k_addO=0.0096176181;
k_addN=0.1647513852;
DSB_72h_fac=0.8644101569;
k_DSBO=0.0003087031;
k_DSBN=0.0000266940;
k_CyA=1.8344334592;
fVX=0.0020664155;
kf_ATR_MGMT_P=0.0000155004;
k_ATR=0.0400643967;
K_add=0.0000807514;
kd_pATR=0.0020277078;
k_Chk1=334.0577197604;
C_Chk1=0.9687398112;
pChk1_ref12_5_24h=0.0058421729;
pChk1_ref100_24h=0.0061821722;
pChk1_ref100_48h=0.0103020096;
kd_pChk1=0.0643556001;
k_cdc25=212.5363180084;
K_cdc25=1.2990713544;
kf_p53=0.0006698623;
k_p53=41.9854546223;
K_ATR=0.0005365773;
p53ser46_ref50_72h=0.0003617973;
kp_ser46=3.4586160781;
K_p53=0.3558759843;
upAsy=0.2389244191;
sness=0.0061243505;
k_apop=0.0499158086;
tED50=307.8578865954;
cell_pop_norm0_Jack_MGMT_P=70.0024967691;
k_dis=0.0165169142;

%%%%%%%%%

cost=1148.2424664186;

%%%%%%%%%

