TMZout0_Ka_XTMZ(norm)=0.55342;
MGMT_P0(norm)=0.94419;
k_MGMT(norm)=0.58179;
k_addO(norm)=1.00000;
k_addN(norm)=0.94935;
DSB_72h_fac(norm)=0.58261;
k_DSBO(norm)=0.54170;
k_DSBN(norm)=0.00010;
k_CyA(norm)=0.00010;
fVX(norm)=1.00000;
kf_ATR_MGMT_P(norm)=0.16853;
k_ATR(norm)=0.31805;
K_add(norm)=0.37681;
kd_pATR(norm)=0.42683;
k_Chk1(norm)=1.00000;
C_Chk1(norm)=1.00000;
pChk1_ref12_5_24h(norm)=0.59503;
pChk1_ref100_24h(norm)=0.93970;
pChk1_ref100_48h(norm)=0.05883;
kd_pChk1(norm)=0.00010;
k_cdc25(norm)=0.49778;
K_cdc25(norm)=0.01198;
kf_p53(norm)=0.88530;
k_p53(norm)=0.05276;
K_ATR(norm)=0.77481;
p53ser46_ref50_72h(norm)=0.42816;
kp_ser46(norm)=0.92101;
K_p53(norm)=0.54009;
upAsy(norm)=0.06801;
sness(norm)=0.69964;
k_apop(norm)=0.18197;
tED50(norm)=0.59648;
cell_pop_norm0_Jack_MGMT_P(norm)=0.89716;
k_dis(norm)=0.17659;

%%%%%%%%%

TMZout0_Ka_XTMZ=35.1996927364;
MGMT_P0=2.4147393257;
k_MGMT=46.7763696414;
k_addO=0.0157361294;
k_addN=0.2063396704;
DSB_72h_fac=1.0333039737;
k_DSBO=0.0003018560;
k_DSBN=0.0000224836;
k_CyA=1.2424989020;
fVX=0.0020042231;
kf_ATR_MGMT_P=0.0000076282;
k_ATR=0.0165765064;
K_add=0.0000587734;
kd_pATR=0.0033911813;
k_Chk1=682.5647593832;
C_Chk1=1.0573793404;
pChk1_ref12_5_24h=0.0076832783;
pChk1_ref100_24h=0.0103126170;
pChk1_ref100_48h=0.0055275704;
kd_pChk1=0.0497305343;
k_cdc25=223.9681534114;
K_cdc25=0.8298799107;
kf_p53=0.0008911099;
k_p53=23.6600021234;
K_ATR=0.0004871967;
p53ser46_ref50_72h=0.0004769318;
kp_ser46=5.1106227414;
K_p53=0.5096993921;
upAsy=0.1625628831;
sness=0.0045874830;
k_apop=0.0453383299;
tED50=376.1525709852;
cell_pop_norm0_Jack_MGMT_P=96.3985603496;
k_dis=0.0114681141;

%%%%%%%%%

cost=100000.0000000000;

%%%%%%%%%

