TMZout0_Ka_XTMZ(norm)=0.91337;
MGMT_P0(norm)=0.25226;
k_MGMT(norm)=0.80696;
k_addO(norm)=0.00010;
k_addN(norm)=0.68373;
DSB_72h_fac(norm)=1.00000;
k_DSBO(norm)=0.31002;
k_DSBN(norm)=0.58434;
k_CyA(norm)=0.36915;
fVX(norm)=0.31382;
kf_ATR_MGMT_P(norm)=0.17462;
k_ATR(norm)=0.60706;
K_add(norm)=0.00010;
kd_pATR(norm)=0.00010;
k_Chk1(norm)=0.44174;
C_Chk1(norm)=0.39709;
pChk1_ref12_5_24h(norm)=0.72577;
pChk1_ref100_24h(norm)=0.77796;
pChk1_ref100_48h(norm)=0.33633;
kd_pChk1(norm)=0.27517;
k_cdc25(norm)=0.11915;
K_cdc25(norm)=0.77217;
kf_p53(norm)=0.57012;
k_p53(norm)=0.82145;
K_ATR(norm)=0.70059;
p53ser46_ref50_72h(norm)=0.69638;
kp_ser46(norm)=0.37515;
K_p53(norm)=0.71260;
upAsy(norm)=0.13399;
sness(norm)=0.36749;
k_apop(norm)=0.73452;
tED50(norm)=0.76820;
cell_pop_norm0_Jack_MGMT_P(norm)=1.00000;
k_dis(norm)=0.07626;

%%%%%%%%%

TMZout0_Ka_XTMZ=38.2319866115;
MGMT_P0=1.5705333835;
k_MGMT=56.6091170048;
k_addO=0.0067446269;
k_addN=0.1647561608;
DSB_72h_fac=1.4000000000;
k_DSBO=0.0002480537;
k_DSBN=0.0000368852;
k_CyA=1.6986333433;
fVX=0.0011205883;
kf_ATR_MGMT_P=0.0000076677;
k_ATR=0.0211759916;
K_add=0.0000427130;
kd_pATR=0.0023622425;
k_Chk1=425.3225435960;
C_Chk1=0.6344168727;
pChk1_ref12_5_24h=0.0085833301;
pChk1_ref100_24h=0.0089919328;
pChk1_ref100_48h=0.0069927126;
kd_pChk1=0.0627830797;
k_cdc25=162.5024189737;
K_cdc25=1.5803284291;
kf_p53=0.0006822608;
k_p53=45.3809821724;
K_ATR=0.0004575048;
p53ser46_ref50_72h=0.0005986239;
kp_ser46=3.2181640860;
K_p53=0.5899211641;
upAsy=0.1719107028;
sness=0.0034621992;
k_apop=0.0724090171;
tED50=435.0649655323;
cell_pop_norm0_Jack_MGMT_P=100.0000000000;
k_dis=0.0105335421;

%%%%%%%%%

cost=100000.0000000000;

%%%%%%%%%

