TMZout0_Ka_XTMZ(norm)=1.00000;
MGMT_P0(norm)=0.24059;
k_MGMT(norm)=0.47663;
k_addO(norm)=0.38174;
k_addN(norm)=0.72281;
DSB_72h_fac(norm)=1.00000;
k_DSBO(norm)=1.00000;
k_DSBN(norm)=0.62849;
k_CyA(norm)=0.05663;
fVX(norm)=0.25658;
kf_ATR_MGMT_P(norm)=0.13582;
k_ATR(norm)=0.78682;
K_add(norm)=0.68987;
kd_pATR(norm)=0.18960;
k_Chk1(norm)=0.54451;
C_Chk1(norm)=0.27360;
pChk1_ref12_5_24h(norm)=1.00000;
pChk1_ref100_24h(norm)=0.00010;
pChk1_ref100_48h(norm)=0.13111;
kd_pChk1(norm)=0.87110;
k_cdc25(norm)=0.96349;
K_cdc25(norm)=1.00000;
kf_p53(norm)=0.30987;
k_p53(norm)=0.38312;
K_ATR(norm)=0.60895;
p53ser46_ref50_72h(norm)=0.26576;
kp_ser46(norm)=0.15915;
K_p53(norm)=0.00010;
upAsy(norm)=1.00000;
sness(norm)=0.63511;
k_apop(norm)=0.91024;
tED50(norm)=0.81503;
cell_pop_norm0_Jack_MGMT_P(norm)=0.76818;
k_dis(norm)=0.00010;

%%%%%%%%%

TMZout0_Ka_XTMZ=39.0000000000;
MGMT_P0=1.4827238936;
k_MGMT=46.3494824705;
k_addO=0.0087099104;
k_addN=0.1620428418;
DSB_72h_fac=1.4000000000;
k_DSBO=0.0005201897;
k_DSBN=0.0000367390;
k_CyA=1.7726807469;
fVX=0.0011006654;
kf_ATR_MGMT_P=0.0000074532;
k_ATR=0.0334437298;
K_add=0.0000988478;
kd_pATR=0.0014194269;
k_Chk1=307.9413905756;
C_Chk1=0.5797267888;
pChk1_ref12_5_24h=0.0125601371;
pChk1_ref100_24h=0.0054150282;
pChk1_ref100_48h=0.0073132041;
kd_pChk1=0.0776438344;
k_cdc25=292.0910530427;
K_cdc25=1.9428204967;
kf_p53=0.0003732789;
k_p53=25.7528039551;
K_ATR=0.0004962625;
p53ser46_ref50_72h=0.0002942326;
kp_ser46=2.1537457463;
K_p53=0.3558759843;
upAsy=0.3998755709;
sness=0.0056041560;
k_apop=0.0812748322;
tED50=502.4566943977;
cell_pop_norm0_Jack_MGMT_P=92.0642176182;
k_dis=0.0095672837;

%%%%%%%%%

cost=100000.0000000000;

%%%%%%%%%

