TMZout0_Ka_XTMZ(norm)=0.70738;
MGMT_P0(norm)=0.79631;
k_MGMT(norm)=0.68138;
k_addO(norm)=0.15541;
k_addN(norm)=0.07087;
DSB_72h_fac(norm)=0.21983;
k_DSBO(norm)=0.22961;
k_DSBN(norm)=0.55903;
k_CyA(norm)=0.44349;
fVX(norm)=0.53754;
kf_ATR_MGMT_P(norm)=0.79012;
k_ATR(norm)=0.42370;
K_add(norm)=0.13241;
kd_pATR(norm)=0.54479;
k_Chk1(norm)=0.44136;
C_Chk1(norm)=0.59924;
pChk1_ref12_5_24h(norm)=0.47799;
pChk1_ref100_24h(norm)=0.55009;
pChk1_ref100_48h(norm)=0.81355;
kd_pChk1(norm)=0.45374;
k_cdc25(norm)=1.00000;
K_cdc25(norm)=0.90858;
kf_p53(norm)=0.54942;
k_p53(norm)=0.50036;
K_ATR(norm)=0.28435;
p53ser46_ref50_72h(norm)=0.28965;
kp_ser46(norm)=0.99200;
K_p53(norm)=0.33271;
upAsy(norm)=0.93926;
sness(norm)=1.00000;
k_apop(norm)=0.75051;
tED50(norm)=0.63172;
cell_pop_norm0_Jack_MGMT_P(norm)=0.50342;
k_dis(norm)=0.72787;

%%%%%%%%%

TMZout0_Ka_XTMZ=36.4661425703;
MGMT_P0=2.2026303734;
k_MGMT=50.8948932946;
k_addO=0.0076932458;
k_addN=0.0980217653;
DSB_72h_fac=0.7935693250;
k_DSBO=0.0002317161;
k_DSBN=0.0000361026;
k_CyA=1.8090670174;
fVX=0.0013544735;
kf_ATR_MGMT_P=0.0000129167;
k_ATR=0.0181287991;
K_add=0.0000477801;
kd_pATR=0.0037476314;
k_Chk1=425.1846064108;
C_Chk1=0.7529389078;
pChk1_ref12_5_24h=0.0069579356;
pChk1_ref100_24h=0.0074131377;
pChk1_ref100_48h=0.0104774248;
kd_pChk1=0.0730385749;
k_cdc25=342.7608330462;
K_cdc25=1.7739589199;
kf_p53=0.0006703992;
k_p53=34.5715502702;
K_ATR=0.0003215347;
p53ser46_ref50_72h=0.0004241179;
kp_ser46=5.4274568294;
K_p53=0.4275658056;
upAsy=0.3401118671;
sness=0.0059169975;
k_apop=0.0733966587;
tED50=387.5530689110;
cell_pop_norm0_Jack_MGMT_P=83.7682206595;
k_dis=0.0182958597;

%%%%%%%%%

cost=372.3376821706;

%%%%%%%%%

