TMZout0_Ka_XTMZ(norm)=0.39554;
MGMT_P0(norm)=0.93378;
k_MGMT(norm)=0.46675;
k_addO(norm)=0.55680;
k_addN(norm)=0.35223;
DSB_72h_fac(norm)=0.67800;
k_DSBO(norm)=0.42912;
k_DSBN(norm)=0.80469;
k_CyA(norm)=0.85781;
fVX(norm)=0.51642;
kf_ATR_MGMT_P(norm)=0.59737;
k_ATR(norm)=0.23609;
K_add(norm)=0.54444;
kd_pATR(norm)=0.54316;
k_Chk1(norm)=0.60129;
C_Chk1(norm)=0.59377;
pChk1_ref12_5_24h(norm)=0.60502;
pChk1_ref100_24h(norm)=0.60596;
pChk1_ref100_48h(norm)=0.68257;
kd_pChk1(norm)=0.36605;
k_cdc25(norm)=0.45358;
K_cdc25(norm)=0.58832;
kf_p53(norm)=0.36371;
k_p53(norm)=0.52590;
K_ATR(norm)=0.24946;
p53ser46_ref50_72h(norm)=0.42474;
kp_ser46(norm)=0.94147;
K_p53(norm)=0.27294;
upAsy(norm)=0.36558;
sness(norm)=0.31548;
k_apop(norm)=0.55832;
tED50(norm)=0.79153;
cell_pop_norm0_Jack_MGMT_P(norm)=0.17951;
k_dis(norm)=0.61478;

%%%%%%%%%

TMZout0_Ka_XTMZ=33.9467612841;
MGMT_P0=2.3991595546;
k_MGMT=42.4323861895;
k_addO=0.0108096690;
k_addN=0.1244100058;
DSB_72h_fac=1.1075713239;
k_DSBO=0.0002743910;
k_DSBN=0.0000444566;
k_CyA=2.5698849660;
fVX=0.0013304576;
kf_ATR_MGMT_P=0.0000109705;
k_ATR=0.0154644644;
K_add=0.0000677429;
kd_pATR=0.0037424669;
k_Chk1=486.8879657112;
C_Chk1=0.7494610796;
pChk1_ref12_5_24h=0.0077485880;
pChk1_ref100_24h=0.0077725438;
pChk1_ref100_48h=0.0093768186;
kd_pChk1=0.0678086135;
k_cdc25=215.7348741048;
K_cdc25=1.3523732063;
kf_p53=0.0005727923;
k_p53=35.3277807482;
K_ATR=0.0003121678;
p53ser46_ref50_72h=0.0004755510;
kp_ser46=5.1999996402;
K_p53=0.4064539737;
upAsy=0.2091811828;
sness=0.0033129514;
k_apop=0.0623667701;
tED50=443.7497465926;
cell_pop_norm0_Jack_MGMT_P=74.6285819760;
k_dis=0.0166240836;

%%%%%%%%%

cost=123.8613018287;

%%%%%%%%%

