TMZout0_Ka_XTMZ(norm)=0.21120;
MGMT_P0(norm)=0.92988;
k_MGMT(norm)=0.49076;
k_addO(norm)=0.65001;
k_addN(norm)=0.88995;
DSB_72h_fac(norm)=0.72957;
k_DSBO(norm)=0.63134;
k_DSBN(norm)=0.45966;
k_CyA(norm)=0.64140;
fVX(norm)=0.36524;
kf_ATR_MGMT_P(norm)=0.57675;
k_ATR(norm)=0.25494;
K_add(norm)=0.62316;
kd_pATR(norm)=0.44097;
k_Chk1(norm)=0.54993;
C_Chk1(norm)=0.57609;
pChk1_ref12_5_24h(norm)=0.61027;
pChk1_ref100_24h(norm)=0.61141;
pChk1_ref100_48h(norm)=0.68033;
kd_pChk1(norm)=0.34717;
k_cdc25(norm)=0.88248;
K_cdc25(norm)=0.69748;
kf_p53(norm)=0.58816;
k_p53(norm)=0.65297;
K_ATR(norm)=0.35123;
p53ser46_ref50_72h(norm)=0.62955;
kp_ser46(norm)=0.82411;
K_p53(norm)=0.82226;
upAsy(norm)=0.81318;
sness(norm)=0.75970;
k_apop(norm)=0.74029;
tED50(norm)=0.57394;
cell_pop_norm0_Jack_MGMT_P(norm)=0.15524;
k_dis(norm)=0.60874;

%%%%%%%%%

TMZout0_Ka_XTMZ=32.5400902159;
MGMT_P0=2.4063677558;
k_MGMT=38.6393235623;
k_addO=0.0115300042;
k_addN=0.1809945045;
DSB_72h_fac=1.1426889583;
k_DSBO=0.0003311374;
k_DSBN=0.0000372847;
k_CyA=2.1731840875;
fVX=0.0011403575;
kf_ATR_MGMT_P=0.0000107946;
k_ATR=0.0143768457;
K_add=0.0000749392;
kd_pATR=0.0028117838;
k_Chk1=422.6202313387;
C_Chk1=0.7394672644;
pChk1_ref12_5_24h=0.0072651217;
pChk1_ref100_24h=0.0072816358;
pChk1_ref100_48h=0.0090655317;
kd_pChk1=0.0641422591;
k_cdc25=380.6417906239;
K_cdc25=1.4732185531;
kf_p53=0.0006742289;
k_p53=31.7866985368;
K_ATR=0.0002825147;
p53ser46_ref50_72h=0.0005741134;
kp_ser46=5.2114353719;
K_p53=1.0106905010;
upAsy=0.3365490138;
sness=0.0045787140;
k_apop=0.0724304194;
tED50=405.7413202452;
cell_pop_norm0_Jack_MGMT_P=73.9852003386;
k_dis=0.0165847248;

%%%%%%%%%

cost=123.6864379239;

%%%%%%%%%

