TMZout0_Ka_XTMZ(norm)=0.76469;
MGMT_P0(norm)=0.91548;
k_MGMT(norm)=1.00000;
k_addO(norm)=0.42289;
k_addN(norm)=0.59504;
DSB_72h_fac(norm)=0.51375;
k_DSBO(norm)=0.39298;
k_DSBN(norm)=0.46630;
k_CyA(norm)=0.54287;
fVX(norm)=0.40044;
kf_ATR_MGMT_P(norm)=0.60119;
k_ATR(norm)=0.53298;
K_add(norm)=0.67555;
kd_pATR(norm)=0.87130;
k_Chk1(norm)=0.58425;
C_Chk1(norm)=0.67955;
pChk1_ref12_5_24h(norm)=0.35430;
pChk1_ref100_24h(norm)=0.58758;
pChk1_ref100_48h(norm)=0.76165;
kd_pChk1(norm)=0.61112;
k_cdc25(norm)=0.58256;
K_cdc25(norm)=0.40560;
kf_p53(norm)=0.38076;
k_p53(norm)=0.59710;
K_ATR(norm)=0.37234;
p53ser46_ref50_72h(norm)=0.86890;
kp_ser46(norm)=1.00000;
K_p53(norm)=0.56249;
upAsy(norm)=0.41371;
sness(norm)=0.66388;
k_apop(norm)=0.33671;
tED50(norm)=0.70221;
cell_pop_norm0_Jack_MGMT_P(norm)=0.57625;
k_dis(norm)=0.37246;

%%%%%%%%%

TMZout0_Ka_XTMZ=36.9490714043;
MGMT_P0=2.3720314697;
k_MGMT=66.6683225466;
k_addO=0.0096501622;
k_addN=0.1528287921;
DSB_72h_fac=0.9828039573;
k_DSBO=0.0002661161;
k_DSBN=0.0000333748;
k_CyA=1.9679872067;
fVX=0.0012059267;
kf_ATR_MGMT_P=0.0000110060;
k_ATR=0.0198876109;
K_add=0.0000757026;
kd_pATR=0.0049420296;
k_Chk1=479.9094731444;
C_Chk1=0.8059579083;
pChk1_ref12_5_24h=0.0062656460;
pChk1_ref100_24h=0.0076523849;
pChk1_ref100_48h=0.0100265941;
kd_pChk1=0.0834575415;
k_cdc25=240.6477573013;
K_cdc25=1.1584042294;
kf_p53=0.0005811289;
k_p53=37.5248321991;
K_ATR=0.0003464230;
p53ser46_ref50_72h=0.0006928469;
kp_ser46=5.4643701630;
K_p53=0.5194655261;
upAsy=0.2178874021;
sness=0.0044505829;
k_apop=0.0516901577;
tED50=411.4062718202;
cell_pop_norm0_Jack_MGMT_P=85.9726861181;
k_dis=0.0135384115;

%%%%%%%%%

cost=298.5983369784;

%%%%%%%%%

