TMZout0_Ka_XTMZ(norm)=0.35993;
MGMT_P0(norm)=0.77339;
k_MGMT(norm)=0.83983;
k_addO(norm)=0.64045;
k_addN(norm)=0.71254;
DSB_72h_fac(norm)=0.63775;
k_DSBO(norm)=0.68169;
k_DSBN(norm)=0.45454;
k_CyA(norm)=0.56887;
fVX(norm)=0.66320;
kf_ATR_MGMT_P(norm)=0.62757;
k_ATR(norm)=0.86653;
K_add(norm)=0.69399;
kd_pATR(norm)=0.48492;
k_Chk1(norm)=0.58836;
C_Chk1(norm)=0.63493;
pChk1_ref12_5_24h(norm)=0.50724;
pChk1_ref100_24h(norm)=0.51415;
pChk1_ref100_48h(norm)=0.43721;
kd_pChk1(norm)=0.84876;
k_cdc25(norm)=0.55553;
K_cdc25(norm)=0.57865;
kf_p53(norm)=0.76422;
k_p53(norm)=0.55575;
K_ATR(norm)=0.79565;
p53ser46_ref50_72h(norm)=0.74624;
kp_ser46(norm)=0.45302;
K_p53(norm)=0.11727;
upAsy(norm)=0.33554;
sness(norm)=0.70946;
k_apop(norm)=0.47997;
tED50(norm)=0.21795;
cell_pop_norm0_Jack_MGMT_P(norm)=0.14876;
k_dis(norm)=0.59246;

%%%%%%%%%

TMZout0_Ka_XTMZ=33.6703447272;
MGMT_P0=2.1809358500;
k_MGMT=48.6922343445;
k_addO=0.0106687302;
k_addN=0.1276063614;
DSB_72h_fac=1.0632101149;
k_DSBO=0.0003516400;
k_DSBN=0.0000366306;
k_CyA=2.3106029358;
fVX=0.0013578341;
kf_ATR_MGMT_P=0.0000110876;
k_ATR=0.0312486741;
K_add=0.0000820221;
kd_pATR=0.0031066616;
k_Chk1=404.9623937267;
C_Chk1=0.7916500057;
pChk1_ref12_5_24h=0.0072605259;
pChk1_ref100_24h=0.0073151262;
pChk1_ref100_48h=0.0079897818;
kd_pChk1=0.0951879316;
k_cdc25=248.3223368712;
K_cdc25=1.3112681389;
kf_p53=0.0006875461;
k_p53=35.9071504888;
K_ATR=0.0005629516;
p53ser46_ref50_72h=0.0005374396;
kp_ser46=3.0099600965;
K_p53=0.4145664902;
upAsy=0.2015074962;
sness=0.0042332816;
k_apop=0.0604076155;
tED50=319.8652883087;
cell_pop_norm0_Jack_MGMT_P=73.8144992694;
k_dis=0.0164327272;

%%%%%%%%%

cost=123.4163320046;

%%%%%%%%%

