TMZout0_Ka_XTMZ(norm)=0.49322;
MGMT_P0(norm)=0.00010;
k_MGMT(norm)=0.74359;
k_addO(norm)=0.17648;
k_addN(norm)=0.27326;
DSB_72h_fac(norm)=0.20266;
k_DSBO(norm)=0.60801;
k_DSBN(norm)=0.26555;
k_CyA(norm)=0.17907;
fVX(norm)=0.07137;
kf_ATR_MGMT_P(norm)=0.53003;
k_ATR(norm)=0.83701;
K_add(norm)=0.19963;
kd_pATR(norm)=1.00000;
k_Chk1(norm)=0.90490;
C_Chk1(norm)=0.19337;
pChk1_ref12_5_24h(norm)=1.00000;
pChk1_ref100_24h(norm)=0.11443;
pChk1_ref100_48h(norm)=0.64776;
kd_pChk1(norm)=0.81925;
k_cdc25(norm)=0.17528;
K_cdc25(norm)=0.61061;
kf_p53(norm)=0.38788;
k_p53(norm)=0.43271;
K_ATR(norm)=0.43854;
p53ser46_ref50_72h(norm)=0.54487;
kp_ser46(norm)=0.20972;
K_p53(norm)=0.07347;
upAsy(norm)=1.00000;
sness(norm)=0.57333;
k_apop(norm)=0.02536;
tED50(norm)=0.28739;
cell_pop_norm0_Jack_MGMT_P(norm)=0.55697;
k_dis(norm)=1.00000;

%%%%%%%%%

TMZout0_Ka_XTMZ=34.7165850532;
MGMT_P0=1.3426454420;
k_MGMT=53.6496788871;
k_addO=0.0078318164;
k_addN=0.1163586472;
DSB_72h_fac=0.7837140414;
k_DSBO=0.0003192990;
k_DSBN=0.0000281542;
k_CyA=1.4459455254;
fVX=0.0009124973;
kf_ATR_MGMT_P=0.0000103620;
k_ATR=0.0257311513;
K_add=0.0000505803;
kd_pATR=0.0055114322;
k_Chk1=629.7228734646;
C_Chk1=0.5338369441;
pChk1_ref12_5_24h=0.0108284658;
pChk1_ref100_24h=0.0051249571;
pChk1_ref100_48h=0.0091043007;
kd_pChk1=0.0995519515;
k_cdc25=170.4173333060;
K_cdc25=1.3781557874;
kf_p53=0.0005846433;
k_p53=32.6458208602;
K_ATR=0.0003664102;
p53ser46_ref50_72h=0.0005265044;
kp_ser46=2.7972779198;
K_p53=0.3432488968;
upAsy=0.3580746716;
sness=0.0041218787;
k_apop=0.0397041565;
tED50=289.4844384954;
cell_pop_norm0_Jack_MGMT_P=85.3834282293;
k_dis=0.0230403219;

%%%%%%%%%

cost=100000.0000000000;

%%%%%%%%%

