TMZout0_Ka_XTMZ(norm)=0.74002;
MGMT_P0(norm)=0.83651;
k_MGMT(norm)=0.66295;
k_addO(norm)=0.51954;
k_addN(norm)=0.53037;
DSB_72h_fac(norm)=0.79730;
k_DSBO(norm)=0.75508;
k_DSBN(norm)=0.53674;
k_CyA(norm)=0.49912;
fVX(norm)=0.27640;
kf_ATR_MGMT_P(norm)=0.60183;
k_ATR(norm)=0.68077;
K_add(norm)=0.62452;
kd_pATR(norm)=0.79339;
k_Chk1(norm)=0.45177;
C_Chk1(norm)=0.60153;
pChk1_ref12_5_24h(norm)=0.56694;
pChk1_ref100_24h(norm)=0.58649;
pChk1_ref100_48h(norm)=0.59194;
kd_pChk1(norm)=0.54800;
k_cdc25(norm)=0.37913;
K_cdc25(norm)=0.56979;
kf_p53(norm)=0.69537;
k_p53(norm)=0.59870;
K_ATR(norm)=0.64772;
p53ser46_ref50_72h(norm)=0.67721;
kp_ser46(norm)=0.51878;
K_p53(norm)=0.54222;
upAsy(norm)=0.69744;
sness(norm)=0.49569;
k_apop(norm)=0.71664;
tED50(norm)=0.64023;
cell_pop_norm0_Jack_MGMT_P(norm)=0.15251;
k_dis(norm)=0.62495;

%%%%%%%%%

TMZout0_Ka_XTMZ=36.7403835492;
MGMT_P0=2.2871157445;
k_MGMT=44.7084431643;
k_addO=0.0103233004;
k_addN=0.1334585542;
DSB_72h_fac=1.2023103324;
k_DSBO=0.0003677416;
k_DSBN=0.0000398012;
k_CyA=1.9263719811;
fVX=0.0010576688;
kf_ATR_MGMT_P=0.0000110265;
k_ATR=0.0206232708;
K_add=0.0000750257;
kd_pATR=0.0037902217;
k_Chk1=388.8946160074;
C_Chk1=0.7555841755;
pChk1_ref12_5_24h=0.0070032036;
pChk1_ref100_24h=0.0071295114;
pChk1_ref100_48h=0.0084113938;
kd_pChk1=0.0760407362;
k_cdc25=248.4830515844;
K_cdc25=1.3221513594;
kf_p53=0.0007383445;
k_p53=30.3579780057;
K_ATR=0.0003631977;
p53ser46_ref50_72h=0.0005977710;
kp_ser46=4.0235209849;
K_p53=0.7972066433;
upAsy=0.3051112511;
sness=0.0036609326;
k_apop=0.0709934580;
tED50=429.1801713710;
cell_pop_norm0_Jack_MGMT_P=73.9132718516;
k_dis=0.0168140611;

%%%%%%%%%

cost=124.1101742747;

%%%%%%%%%

