TMZout0_Ka_XTMZ(norm)=0.72009;
MGMT_P0(norm)=0.79483;
k_MGMT(norm)=0.51996;
k_addO(norm)=0.55020;
k_addN(norm)=0.08908;
DSB_72h_fac(norm)=0.63889;
k_DSBO(norm)=0.52190;
k_DSBN(norm)=0.93683;
k_CyA(norm)=0.40071;
fVX(norm)=0.55091;
kf_ATR_MGMT_P(norm)=0.58872;
k_ATR(norm)=0.49560;
K_add(norm)=0.44492;
kd_pATR(norm)=0.87098;
k_Chk1(norm)=0.41315;
C_Chk1(norm)=0.56560;
pChk1_ref12_5_24h(norm)=0.57437;
pChk1_ref100_24h(norm)=0.56970;
pChk1_ref100_48h(norm)=0.66009;
kd_pChk1(norm)=0.35903;
k_cdc25(norm)=0.90093;
K_cdc25(norm)=0.62494;
kf_p53(norm)=0.56255;
k_p53(norm)=0.59020;
K_ATR(norm)=0.48763;
p53ser46_ref50_72h(norm)=0.57825;
kp_ser46(norm)=0.67189;
K_p53(norm)=0.49661;
upAsy(norm)=0.34213;
sness(norm)=0.45863;
k_apop(norm)=0.69248;
tED50(norm)=0.55601;
cell_pop_norm0_Jack_MGMT_P(norm)=0.14795;
k_dis(norm)=0.63334;

%%%%%%%%%

TMZout0_Ka_XTMZ=36.5726633751;
MGMT_P0=2.1709165042;
k_MGMT=48.0828560355;
k_addO=0.0100461892;
k_addN=0.0947179853;
DSB_72h_fac=1.0445586833;
k_DSBO=0.0003469210;
k_DSBN=0.0000477075;
k_CyA=2.3727021315;
fVX=0.0014124156;
kf_ATR_MGMT_P=0.0000109396;
k_ATR=0.0261307708;
K_add=0.0000803216;
kd_pATR=0.0025283767;
k_Chk1=275.5051307744;
C_Chk1=0.7424611520;
pChk1_ref12_5_24h=0.0087573138;
pChk1_ref100_24h=0.0087740884;
pChk1_ref100_48h=0.0114487312;
kd_pChk1=0.0503128751;
k_cdc25=277.0106385312;
K_cdc25=1.4139013355;
kf_p53=0.0004623968;
k_p53=30.6920257729;
K_ATR=0.0004477853;
p53ser46_ref50_72h=0.0003834243;
kp_ser46=3.3256073929;
K_p53=0.5420056765;
upAsy=0.2290035220;
sness=0.0048257867;
k_apop=0.0675816335;
tED50=403.4445898281;
cell_pop_norm0_Jack_MGMT_P=73.7931826291;
k_dis=0.0163608005;

%%%%%%%%%

cost=124.4441438073;

%%%%%%%%%

