TMZout0_Ka_XTMZ(norm)=0.03482;
MGMT_P0(norm)=0.60630;
k_MGMT(norm)=0.55680;
k_addO(norm)=0.71186;
k_addN(norm)=0.65952;
DSB_72h_fac(norm)=0.00010;
k_DSBO(norm)=0.56034;
k_DSBN(norm)=0.43938;
k_CyA(norm)=0.78857;
fVX(norm)=0.26516;
kf_ATR_MGMT_P(norm)=0.85359;
k_ATR(norm)=0.79204;
K_add(norm)=0.33337;
kd_pATR(norm)=0.52077;
k_Chk1(norm)=0.08702;
C_Chk1(norm)=0.24426;
pChk1_ref12_5_24h(norm)=0.32731;
pChk1_ref100_24h(norm)=0.63073;
pChk1_ref100_48h(norm)=0.65866;
kd_pChk1(norm)=0.30051;
k_cdc25(norm)=0.12427;
K_cdc25(norm)=0.51818;
kf_p53(norm)=0.62313;
k_p53(norm)=0.42947;
K_ATR(norm)=0.77761;
p53ser46_ref50_72h(norm)=0.28478;
kp_ser46(norm)=0.47667;
K_p53(norm)=0.71238;
upAsy(norm)=0.47023;
sness(norm)=0.69834;
k_apop(norm)=0.41663;
tED50(norm)=0.56423;
cell_pop_norm0_Jack_MGMT_P(norm)=0.15884;
k_dis(norm)=0.71034;

%%%%%%%%%

TMZout0_Ka_XTMZ=31.2487736535;
MGMT_P0=2.0034336675;
k_MGMT=39.6226540576;
k_addO=0.0115581786;
k_addN=0.1311462491;
DSB_72h_fac=0.6577868247;
k_DSBO=0.0003169072;
k_DSBN=0.0000349994;
k_CyA=2.9107047999;
fVX=0.0010845398;
kf_ATR_MGMT_P=0.0000136461;
k_ATR=0.0314232308;
K_add=0.0000655952;
kd_pATR=0.0025772584;
k_Chk1=219.9779591685;
C_Chk1=0.5631108830;
pChk1_ref12_5_24h=0.0068481467;
pChk1_ref100_24h=0.0088755128;
pChk1_ref100_48h=0.0112177416;
kd_pChk1=0.0495580872;
k_cdc25=156.4359484071;
K_cdc25=1.3147971923;
kf_p53=0.0005952244;
k_p53=28.6476827722;
K_ATR=0.0005441355;
p53ser46_ref50_72h=0.0003720718;
kp_ser46=3.0203637435;
K_p53=0.7184879980;
upAsy=0.1784294719;
sness=0.0041379484;
k_apop=0.0503713902;
tED50=372.5255778668;
cell_pop_norm0_Jack_MGMT_P=74.0803333396;
k_dis=0.0179424069;

%%%%%%%%%

cost=198.8531578561;

%%%%%%%%%

