TMZout0_Ka_XTMZ(norm)=0.69339;
MGMT_P0(norm)=0.55510;
k_MGMT(norm)=0.30778;
k_addO(norm)=0.87908;
k_addN(norm)=0.23773;
DSB_72h_fac(norm)=0.00010;
k_DSBO(norm)=0.47556;
k_DSBN(norm)=0.25676;
k_CyA(norm)=0.51343;
fVX(norm)=0.33483;
kf_ATR_MGMT_P(norm)=0.88517;
k_ATR(norm)=0.52222;
K_add(norm)=0.36439;
kd_pATR(norm)=0.59447;
k_Chk1(norm)=0.45392;
C_Chk1(norm)=0.64331;
pChk1_ref12_5_24h(norm)=0.40071;
pChk1_ref100_24h(norm)=0.41157;
pChk1_ref100_48h(norm)=0.85111;
kd_pChk1(norm)=0.19400;
k_cdc25(norm)=0.08619;
K_cdc25(norm)=0.79121;
kf_p53(norm)=0.25420;
k_p53(norm)=0.26294;
K_ATR(norm)=0.13515;
p53ser46_ref50_72h(norm)=0.62009;
kp_ser46(norm)=0.66254;
K_p53(norm)=0.75032;
upAsy(norm)=0.23611;
sness(norm)=0.57083;
k_apop(norm)=0.28638;
tED50(norm)=0.76022;
cell_pop_norm0_Jack_MGMT_P(norm)=0.51126;
k_dis(norm)=0.57298;

%%%%%%%%%

TMZout0_Ka_XTMZ=36.3491796062;
MGMT_P0=1.8959011396;
k_MGMT=37.0849796875;
k_addO=0.0142037513;
k_addN=0.1129075243;
DSB_72h_fac=0.6763120313;
k_DSBO=0.0002854043;
k_DSBN=0.0000279453;
k_CyA=1.9195090159;
fVX=0.0011407191;
kf_ATR_MGMT_P=0.0000140000;
k_ATR=0.0197070574;
K_add=0.0000581580;
kd_pATR=0.0039087687;
k_Chk1=429.7338292077;
C_Chk1=0.7815894446;
pChk1_ref12_5_24h=0.0065169383;
pChk1_ref100_24h=0.0065921757;
pChk1_ref100_48h=0.0108162296;
kd_pChk1=0.0586103168;
k_cdc25=158.0268154549;
K_cdc25=1.6060346570;
kf_p53=0.0005220349;
k_p53=28.2718606204;
K_ATR=0.0002833517;
p53ser46_ref50_72h=0.0005611548;
kp_ser46=4.1054816891;
K_p53=0.6090794404;
upAsy=0.1874471934;
sness=0.0041131736;
k_apop=0.0495321933;
tED50=432.1325982802;
cell_pop_norm0_Jack_MGMT_P=84.0025658391;
k_dis=0.0160455433;

%%%%%%%%%

cost=263.0786670836;

%%%%%%%%%

