TMZout0_Ka_XTMZ(norm)=0.27754;
MGMT_P0(norm)=0.76285;
k_MGMT(norm)=0.94547;
k_addO(norm)=0.63059;
k_addN(norm)=0.73142;
DSB_72h_fac(norm)=0.62793;
k_DSBO(norm)=0.67920;
k_DSBN(norm)=0.51513;
k_CyA(norm)=0.64597;
fVX(norm)=0.66367;
kf_ATR_MGMT_P(norm)=0.61622;
k_ATR(norm)=0.55424;
K_add(norm)=0.69570;
kd_pATR(norm)=0.21194;
k_Chk1(norm)=0.44502;
C_Chk1(norm)=0.56475;
pChk1_ref12_5_24h(norm)=0.41537;
pChk1_ref100_24h(norm)=0.41709;
pChk1_ref100_48h(norm)=0.49996;
kd_pChk1(norm)=0.66874;
k_cdc25(norm)=0.67206;
K_cdc25(norm)=0.60490;
kf_p53(norm)=0.41564;
k_p53(norm)=0.40091;
K_ATR(norm)=0.47605;
p53ser46_ref50_72h(norm)=0.43574;
kp_ser46(norm)=0.60143;
K_p53(norm)=0.37515;
upAsy(norm)=0.55542;
sness(norm)=0.55235;
k_apop(norm)=0.55789;
tED50(norm)=0.74113;
cell_pop_norm0_Jack_MGMT_P(norm)=0.13158;
k_dis(norm)=0.60091;

%%%%%%%%%

TMZout0_Ka_XTMZ=33.0394526504;
MGMT_P0=2.1671290293;
k_MGMT=53.2513642118;
k_addO=0.0105799703;
k_addN=0.1296643729;
DSB_72h_fac=1.0553042579;
k_DSBO=0.0003508988;
k_DSBN=0.0000385602;
k_CyA=2.4665856821;
fVX=0.0013583664;
kf_ATR_MGMT_P=0.0000109814;
k_ATR=0.0239838140;
K_add=0.0000821412;
kd_pATR=0.0024651468;
k_Chk1=358.6500714449;
C_Chk1=0.7459477245;
pChk1_ref12_5_24h=0.0067168101;
pChk1_ref100_24h=0.0067376284;
pChk1_ref100_48h=0.0084260496;
kd_pChk1=0.0817221809;
k_cdc25=274.0902519021;
K_cdc25=1.3407642501;
kf_p53=0.0005117220;
k_p53=31.4921965724;
K_ATR=0.0004294055;
p53ser46_ref50_72h=0.0004131165;
kp_ser46=3.4133080999;
K_p53=0.5158074063;
upAsy=0.2427750437;
sness=0.0037056459;
k_apop=0.0645301936;
tED50=498.2910245205;
cell_pop_norm0_Jack_MGMT_P=73.3634699736;
k_dis=0.0165506918;

%%%%%%%%%

cost=123.9598958413;

%%%%%%%%%

