TMZout0_Ka_XTMZ(norm)=0.85345;
MGMT_P0(norm)=0.34000;
k_MGMT(norm)=0.97627;
k_addO(norm)=0.68160;
k_addN(norm)=0.37986;
DSB_72h_fac(norm)=0.25987;
k_DSBO(norm)=0.29100;
k_DSBN(norm)=0.30197;
k_CyA(norm)=0.00010;
fVX(norm)=0.28226;
kf_ATR_MGMT_P(norm)=0.90279;
k_ATR(norm)=0.56662;
K_add(norm)=0.59153;
kd_pATR(norm)=0.36623;
k_Chk1(norm)=0.88249;
C_Chk1(norm)=1.00000;
pChk1_ref12_5_24h(norm)=0.11702;
pChk1_ref100_24h(norm)=0.47371;
pChk1_ref100_48h(norm)=0.43913;
kd_pChk1(norm)=0.34088;
k_cdc25(norm)=0.45392;
K_cdc25(norm)=0.25761;
kf_p53(norm)=0.97179;
k_p53(norm)=0.29636;
K_ATR(norm)=0.16182;
p53ser46_ref50_72h(norm)=0.71413;
kp_ser46(norm)=0.26695;
K_p53(norm)=0.29196;
upAsy(norm)=0.35215;
sness(norm)=0.46804;
k_apop(norm)=0.64749;
tED50(norm)=0.34870;
cell_pop_norm0_Jack_MGMT_P(norm)=0.03415;
k_dis(norm)=0.85051;

%%%%%%%%%

TMZout0_Ka_XTMZ=37.7097489757;
MGMT_P0=1.6585746783;
k_MGMT=65.3411012110;
k_addO=0.0120153133;
k_addN=0.1273569643;
DSB_72h_fac=0.8170298917;
k_DSBO=0.0002440890;
k_DSBN=0.0000290368;
k_CyA=1.2424989020;
fVX=0.0010910220;
kf_ATR_MGMT_P=0.0000142107;
k_ATR=0.0204626013;
K_add=0.0000705007;
kd_pATR=0.0032214634;
k_Chk1=617.8804549804;
C_Chk1=1.0573793404;
pChk1_ref12_5_24h=0.0051245000;
pChk1_ref100_24h=0.0069486107;
pChk1_ref100_48h=0.0076291459;
kd_pChk1=0.0663777921;
k_cdc25=215.7971333653;
K_cdc25=1.0218881636;
kf_p53=0.0009588606;
k_p53=29.0837810440;
K_ATR=0.0002898266;
p53ser46_ref50_72h=0.0006076982;
kp_ser46=2.9362706944;
K_p53=0.4130546673;
upAsy=0.2068147589;
sness=0.0037700954;
k_apop=0.0672614378;
tED50=304.9197933368;
cell_pop_norm0_Jack_MGMT_P=70.8577754878;
k_dis=0.0202992744;

%%%%%%%%%

cost=325.4334363120;

%%%%%%%%%

