TMZout0_Ka_XTMZ(norm)=0.84887;
MGMT_P0(norm)=0.62949;
k_MGMT(norm)=0.74594;
k_addO(norm)=0.50045;
k_addN(norm)=0.60465;
DSB_72h_fac(norm)=0.75340;
k_DSBO(norm)=0.67715;
k_DSBN(norm)=0.82739;
k_CyA(norm)=0.70078;
fVX(norm)=0.59829;
kf_ATR_MGMT_P(norm)=0.56981;
k_ATR(norm)=0.44742;
K_add(norm)=0.60780;
kd_pATR(norm)=0.63417;
k_Chk1(norm)=0.60877;
C_Chk1(norm)=0.60485;
pChk1_ref12_5_24h(norm)=0.53076;
pChk1_ref100_24h(norm)=0.53069;
pChk1_ref100_48h(norm)=0.54084;
kd_pChk1(norm)=0.60607;
k_cdc25(norm)=0.54022;
K_cdc25(norm)=0.61151;
kf_p53(norm)=0.61726;
k_p53(norm)=0.60392;
K_ATR(norm)=0.44871;
p53ser46_ref50_72h(norm)=0.63293;
kp_ser46(norm)=0.64545;
K_p53(norm)=0.17051;
upAsy(norm)=0.65267;
sness(norm)=0.58523;
k_apop(norm)=0.83256;
tED50(norm)=0.54418;
cell_pop_norm0_Jack_MGMT_P(norm)=0.16631;
k_dis(norm)=0.63453;

%%%%%%%%%

TMZout0_Ka_XTMZ=37.6700654525;
MGMT_P0=2.0433595342;
k_MGMT=47.9653538057;
k_addO=0.0101577344;
k_addN=0.1421285327;
DSB_72h_fac=1.1633211285;
k_DSBO=0.0003442436;
k_DSBN=0.0000509150;
k_CyA=2.2853234474;
fVX=0.0013893083;
kf_ATR_MGMT_P=0.0000107314;
k_ATR=0.0169235999;
K_add=0.0000739704;
kd_pATR=0.0033118743;
k_Chk1=444.2252454294;
C_Chk1=0.7577104433;
pChk1_ref12_5_24h=0.0067917824;
pChk1_ref100_24h=0.0068002720;
pChk1_ref100_48h=0.0080549917;
kd_pChk1=0.0798754563;
k_cdc25=284.8233442563;
K_cdc25=1.3697289540;
kf_p53=0.0006910632;
k_p53=30.4927620903;
K_ATR=0.0003068397;
p53ser46_ref50_72h=0.0005757581;
kp_ser46=4.4793515792;
K_p53=0.5818203830;
upAsy=0.2937551196;
sness=0.0039495026;
k_apop=0.0783198542;
tED50=395.6358822679;
cell_pop_norm0_Jack_MGMT_P=74.2780291429;
k_dis=0.0169510022;

%%%%%%%%%

cost=123.8868794990;

%%%%%%%%%

