TMZout0_Ka_XTMZ(norm)=0.40121;
MGMT_P0(norm)=0.36545;
k_MGMT(norm)=0.82366;
k_addO(norm)=0.80416;
k_addN(norm)=0.73953;
DSB_72h_fac(norm)=0.60780;
k_DSBO(norm)=0.72037;
k_DSBN(norm)=0.39009;
k_CyA(norm)=0.64899;
fVX(norm)=0.51075;
kf_ATR_MGMT_P(norm)=0.78260;
k_ATR(norm)=0.53785;
K_add(norm)=0.62362;
kd_pATR(norm)=0.87807;
k_Chk1(norm)=0.48066;
C_Chk1(norm)=0.66137;
pChk1_ref12_5_24h(norm)=0.43634;
pChk1_ref100_24h(norm)=0.45224;
pChk1_ref100_48h(norm)=0.56972;
kd_pChk1(norm)=0.50388;
k_cdc25(norm)=0.70590;
K_cdc25(norm)=0.72339;
kf_p53(norm)=0.61028;
k_p53(norm)=0.00010;
K_ATR(norm)=0.13849;
p53ser46_ref50_72h(norm)=0.57975;
kp_ser46(norm)=0.57120;
K_p53(norm)=0.25656;
upAsy(norm)=0.61558;
sness(norm)=0.35526;
k_apop(norm)=0.55798;
tED50(norm)=0.74017;
cell_pop_norm0_Jack_MGMT_P(norm)=0.14018;
k_dis(norm)=0.96642;

%%%%%%%%%

TMZout0_Ka_XTMZ=33.9909993983;
MGMT_P0=1.6850345155;
k_MGMT=57.4157326125;
k_addO=0.0133301477;
k_addN=0.1727326175;
DSB_72h_fac=1.0524193991;
k_DSBO=0.0003511927;
k_DSBN=0.0000312878;
k_CyA=2.1531392328;
fVX=0.0013240770;
kf_ATR_MGMT_P=0.0000128348;
k_ATR=0.0199698416;
K_add=0.0000724436;
kd_pATR=0.0049704735;
k_Chk1=439.5817573938;
C_Chk1=0.7936368018;
pChk1_ref12_5_24h=0.0067166404;
pChk1_ref100_24h=0.0068233198;
pChk1_ref100_48h=0.0085217554;
kd_pChk1=0.0762080352;
k_cdc25=267.1585434323;
K_cdc25=1.5163514098;
kf_p53=0.0007058760;
k_p53=22.6274627823;
K_ATR=0.0002841544;
p53ser46_ref50_72h=0.0005422998;
kp_ser46=3.7997171715;
K_p53=0.4008499194;
upAsy=0.2585323895;
sness=0.0034265196;
k_apop=0.0623487760;
tED50=424.8533514986;
cell_pop_norm0_Jack_MGMT_P=73.5888366678;
k_dis=0.0223940667;

%%%%%%%%%

cost=250.4469012926;

%%%%%%%%%

