TMZout0_Ka_XTMZ(norm)=0.48000;
MGMT_P0(norm)=0.92240;
k_MGMT(norm)=0.46609;
k_addO(norm)=0.54508;
k_addN(norm)=0.35248;
DSB_72h_fac(norm)=0.72540;
k_DSBO(norm)=0.62357;
k_DSBN(norm)=0.69082;
k_CyA(norm)=0.68976;
fVX(norm)=0.59345;
kf_ATR_MGMT_P(norm)=0.60166;
k_ATR(norm)=0.60834;
K_add(norm)=0.66957;
kd_pATR(norm)=0.54387;
k_Chk1(norm)=0.52807;
C_Chk1(norm)=0.60337;
pChk1_ref12_5_24h(norm)=0.50005;
pChk1_ref100_24h(norm)=0.49911;
pChk1_ref100_48h(norm)=0.54134;
kd_pChk1(norm)=0.63115;
k_cdc25(norm)=0.25677;
K_cdc25(norm)=0.55507;
kf_p53(norm)=0.72833;
k_p53(norm)=0.55759;
K_ATR(norm)=0.56884;
p53ser46_ref50_72h(norm)=0.74363;
kp_ser46(norm)=0.64660;
K_p53(norm)=0.73362;
upAsy(norm)=0.37069;
sness(norm)=0.18021;
k_apop(norm)=0.49880;
tED50(norm)=0.57686;
cell_pop_norm0_Jack_MGMT_P(norm)=0.14830;
k_dis(norm)=0.61245;

%%%%%%%%%

TMZout0_Ka_XTMZ=34.6114068618;
MGMT_P0=2.3822498399;
k_MGMT=42.4086760226;
k_addO=0.0107028563;
k_addN=0.1244361265;
DSB_72h_fac=1.1464424691;
k_DSBO=0.0003235375;
k_DSBN=0.0000403679;
k_CyA=2.2288243587;
fVX=0.0014201852;
kf_ATR_MGMT_P=0.0000110104;
k_ATR=0.0211988841;
K_add=0.0000753200;
kd_pATR=0.0037447245;
k_Chk1=457.5977690489;
C_Chk1=0.7555818201;
pChk1_ref12_5_24h=0.0070892120;
pChk1_ref100_24h=0.0070997698;
pChk1_ref100_48h=0.0083192729;
kd_pChk1=0.0848861027;
k_cdc25=182.5990041313;
K_cdc25=1.3148091225;
kf_p53=0.0007801318;
k_p53=36.2892947956;
K_ATR=0.0004091785;
p53ser46_ref50_72h=0.0006230769;
kp_ser46=4.0503762490;
K_p53=0.6005222244;
upAsy=0.2100890526;
sness=0.0029541950;
k_apop=0.0592994896;
tED50=369.9504877239;
cell_pop_norm0_Jack_MGMT_P=73.8024258625;
k_dis=0.0165912409;

%%%%%%%%%

cost=122.9764486543;

%%%%%%%%%

