TMZout0_Ka_XTMZ(norm)=0.25535;
MGMT_P0(norm)=0.45216;
k_MGMT(norm)=0.00957;
k_addO(norm)=0.38580;
k_addN(norm)=0.99872;
DSB_72h_fac(norm)=0.47220;
k_DSBO(norm)=0.24060;
k_DSBN(norm)=0.20976;
k_CyA(norm)=0.46634;
fVX(norm)=0.08626;
kf_ATR_MGMT_P(norm)=1.00000;
k_ATR(norm)=0.38085;
K_add(norm)=0.16688;
kd_pATR(norm)=0.98213;
k_Chk1(norm)=0.95938;
C_Chk1(norm)=0.51858;
pChk1_ref12_5_24h(norm)=0.51363;
pChk1_ref100_24h(norm)=0.59142;
pChk1_ref100_48h(norm)=0.46773;
kd_pChk1(norm)=1.00000;
k_cdc25(norm)=0.25063;
K_cdc25(norm)=0.45826;
kf_p53(norm)=0.71096;
k_p53(norm)=0.78166;
K_ATR(norm)=0.33342;
p53ser46_ref50_72h(norm)=0.65817;
kp_ser46(norm)=0.60353;
K_p53(norm)=0.25301;
upAsy(norm)=0.57887;
sness(norm)=0.04126;
k_apop(norm)=0.64470;
tED50(norm)=0.32647;
cell_pop_norm0_Jack_MGMT_P(norm)=0.28445;
k_dis(norm)=0.70513;

%%%%%%%%%

TMZout0_Ka_XTMZ=32.8715727578;
MGMT_P0=1.7783617054;
k_MGMT=28.8048766352;
k_addO=0.0093516465;
k_addN=0.2151534587;
DSB_72h_fac=0.9535374400;
k_DSBO=0.0002338849;
k_DSBN=0.0000268545;
k_CyA=1.8444244430;
fVX=0.0009240837;
kf_ATR_MGMT_P=0.0000154307;
k_ATR=0.0174824925;
K_add=0.0000491962;
kd_pATR=0.0054286092;
k_Chk1=659.4700266592;
C_Chk1=0.7032033585;
pChk1_ref12_5_24h=0.0071712097;
pChk1_ref100_24h=0.0076773710;
pChk1_ref100_48h=0.0078162666;
kd_pChk1=0.1160280820;
k_cdc25=181.6520754835;
K_cdc25=1.2112550714;
kf_p53=0.0007687359;
k_p53=43.8764461040;
K_ATR=0.0003351832;
p53ser46_ref50_72h=0.0005795537;
kp_ser46=3.9052594619;
K_p53=0.3996464616;
upAsy=0.2506146394;
sness=0.0026260774;
k_apop=0.0671029318;
tED50=299.2305061131;
cell_pop_norm0_Jack_MGMT_P=77.4748020333;
k_dis=0.0179465714;

%%%%%%%%%

cost=235.4017123643;

%%%%%%%%%

