TMZout0_Ka_XTMZ(norm)=0.68268;
MGMT_P0(norm)=0.68518;
k_MGMT(norm)=0.17432;
k_addO(norm)=0.52854;
k_addN(norm)=0.67222;
DSB_72h_fac(norm)=0.64535;
k_DSBO(norm)=0.49140;
k_DSBN(norm)=0.36555;
k_CyA(norm)=0.81284;
fVX(norm)=0.29708;
kf_ATR_MGMT_P(norm)=0.38981;
k_ATR(norm)=0.73055;
K_add(norm)=0.65550;
kd_pATR(norm)=0.97638;
k_Chk1(norm)=0.12433;
C_Chk1(norm)=0.11406;
pChk1_ref12_5_24h(norm)=0.15862;
pChk1_ref100_24h(norm)=0.61461;
pChk1_ref100_48h(norm)=0.76320;
kd_pChk1(norm)=0.28291;
k_cdc25(norm)=0.30470;
K_cdc25(norm)=0.15871;
kf_p53(norm)=0.48622;
k_p53(norm)=0.51925;
K_ATR(norm)=0.22748;
p53ser46_ref50_72h(norm)=0.70053;
kp_ser46(norm)=0.83552;
K_p53(norm)=0.41897;
upAsy(norm)=0.42555;
sness(norm)=0.65902;
k_apop(norm)=0.67068;
tED50(norm)=0.42365;
cell_pop_norm0_Jack_MGMT_P(norm)=0.32482;
k_dis(norm)=0.74810;

%%%%%%%%%

TMZout0_Ka_XTMZ=36.2599288133;
MGMT_P0=2.0555941388;
k_MGMT=33.1198027997;
k_addO=0.0105538622;
k_addN=0.1631570682;
DSB_72h_fac=1.0815655621;
k_DSBO=0.0002892596;
k_DSBN=0.0000306439;
k_CyA=2.4738144207;
fVX=0.0011048067;
kf_ATR_MGMT_P=0.0000092013;
k_ATR=0.0235116330;
K_add=0.0000744270;
kd_pATR=0.0054022211;
k_Chk1=325.0247537307;
C_Chk1=0.4991416322;
pChk1_ref12_5_24h=0.0053083544;
pChk1_ref100_24h=0.0078296599;
pChk1_ref100_48h=0.0100398117;
kd_pChk1=0.0631959979;
k_cdc25=190.1674953972;
K_cdc25=0.9397416772;
kf_p53=0.0006354449;
k_p53=35.1293927618;
K_ATR=0.0003064094;
p53ser46_ref50_72h=0.0006007336;
kp_ser46=4.7535102327;
K_p53=0.4599855465;
upAsy=0.2200837329;
sness=0.0044322958;
k_apop=0.0685960024;
tED50=324.9128858518;
cell_pop_norm0_Jack_MGMT_P=78.5984575095;
k_dis=0.0186120607;

%%%%%%%%%

cost=290.6855343668;

%%%%%%%%%

