TMZout0_Ka_XTMZ(norm)=0.96233;
MGMT_P0(norm)=0.46444;
k_MGMT(norm)=0.62155;
k_addO(norm)=0.59495;
k_addN(norm)=0.44656;
DSB_72h_fac(norm)=0.48220;
k_DSBO(norm)=0.33568;
k_DSBN(norm)=0.41847;
k_CyA(norm)=0.16453;
fVX(norm)=0.37123;
kf_ATR_MGMT_P(norm)=0.83199;
k_ATR(norm)=0.42669;
K_add(norm)=0.99484;
kd_pATR(norm)=0.17001;
k_Chk1(norm)=0.16377;
C_Chk1(norm)=0.42954;
pChk1_ref12_5_24h(norm)=0.26165;
pChk1_ref100_24h(norm)=0.83433;
pChk1_ref100_48h(norm)=0.79528;
kd_pChk1(norm)=0.56347;
k_cdc25(norm)=0.68183;
K_cdc25(norm)=0.22414;
kf_p53(norm)=0.48643;
k_p53(norm)=0.41101;
K_ATR(norm)=0.00010;
p53ser46_ref50_72h(norm)=0.46750;
kp_ser46(norm)=0.39994;
K_p53(norm)=0.51449;
upAsy(norm)=0.15120;
sness(norm)=0.74213;
k_apop(norm)=0.95685;
tED50(norm)=0.00010;
cell_pop_norm0_Jack_MGMT_P(norm)=0.03041;
k_dis(norm)=0.58037;

%%%%%%%%%

TMZout0_Ka_XTMZ=38.6641600357;
MGMT_P0=1.7919884273;
k_MGMT=48.3792350465;
k_addO=0.0111647620;
k_addN=0.1347621653;
DSB_72h_fac=0.9604980493;
k_DSBO=0.0002535060;
k_DSBN=0.0000320490;
k_CyA=1.4282486643;
fVX=0.0011764534;
kf_ATR_MGMT_P=0.0000133832;
k_ATR=0.0181747926;
K_add=0.0000992202;
kd_pATR=0.0027280227;
k_Chk1=336.0719557239;
C_Chk1=0.6520999170;
pChk1_ref12_5_24h=0.0057925775;
pChk1_ref100_24h=0.0094318416;
pChk1_ref100_48h=0.0103164267;
kd_pChk1=0.0801547608;
k_cdc25=261.7650059838;
K_cdc25=0.9933184075;
kf_p53=0.0006355571;
k_p53=32.0509563976;
K_ATR=0.0002527144;
p53ser46_ref50_72h=0.0004930985;
kp_ser46=3.2864931508;
K_p53=0.4987625757;
upAsy=0.1744359172;
sness=0.0047556820;
k_apop=0.0874184844;
tED50=226.9392185870;
cell_pop_norm0_Jack_MGMT_P=70.7633405455;
k_dis=0.0161462949;

%%%%%%%%%

cost=272.1252183226;

%%%%%%%%%

