TMZout0_Ka_XTMZ(norm)=0.00010;
MGMT_P0(norm)=0.91740;
k_MGMT(norm)=0.00010;
k_addO(norm)=0.41350;
k_addN(norm)=0.07925;
DSB_72h_fac(norm)=0.72821;
k_DSBO(norm)=1.00000;
k_DSBN(norm)=0.66619;
k_CyA(norm)=0.77400;
fVX(norm)=0.49809;
kf_ATR_MGMT_P(norm)=0.13699;
k_ATR(norm)=0.90239;
K_add(norm)=0.22517;
kd_pATR(norm)=1.00000;
k_Chk1(norm)=0.47990;
C_Chk1(norm)=0.75227;
pChk1_ref12_5_24h(norm)=0.10203;
pChk1_ref100_24h(norm)=0.21568;
pChk1_ref100_48h(norm)=0.22264;
kd_pChk1(norm)=1.00000;
k_cdc25(norm)=0.29543;
K_cdc25(norm)=0.99537;
kf_p53(norm)=0.42625;
k_p53(norm)=0.52765;
K_ATR(norm)=0.00010;
p53ser46_ref50_72h(norm)=0.59287;
kp_ser46(norm)=0.28097;
K_p53(norm)=1.00000;
upAsy(norm)=0.15309;
sness(norm)=0.70087;
k_apop(norm)=0.32156;
tED50(norm)=0.49290;
cell_pop_norm0_Jack_MGMT_P(norm)=0.06256;
k_dis(norm)=0.46844;

%%%%%%%%%

TMZout0_Ka_XTMZ=31.0007116889;
MGMT_P0=2.3900778336;
k_MGMT=25.4963091117;
k_addO=0.0094362999;
k_addN=0.0910637292;
DSB_72h_fac=1.1415213472;
k_DSBO=0.0004525506;
k_DSBN=0.0000444150;
k_CyA=2.4315855472;
fVX=0.0012762194;
kf_ATR_MGMT_P=0.0000074369;
k_ATR=0.0248833590;
K_add=0.0000534881;
kd_pATR=0.0045153580;
k_Chk1=398.2740287068;
C_Chk1=0.8585196379;
pChk1_ref12_5_24h=0.0047230690;
pChk1_ref100_24h=0.0052072820;
pChk1_ref100_48h=0.0061513836;
kd_pChk1=0.1115245029;
k_cdc25=231.4716518467;
K_cdc25=1.8962013470;
kf_p53=0.0005878022;
k_p53=28.5843871555;
K_ATR=0.0002098135;
p53ser46_ref50_72h=0.0005565470;
kp_ser46=3.2892374554;
K_p53=1.1749573564;
upAsy=0.1923763891;
sness=0.0043560459;
k_apop=0.0507968659;
tED50=378.8135245799;
cell_pop_norm0_Jack_MGMT_P=71.5795263998;
k_dis=0.0147257684;

%%%%%%%%%

cost=100000.0000000000;

%%%%%%%%%

