TMZout0_Ka_XTMZ(norm)=0.46792;
MGMT_P0(norm)=0.21429;
k_MGMT(norm)=0.53012;
k_addO(norm)=0.00010;
k_addN(norm)=0.25837;
DSB_72h_fac(norm)=1.00000;
k_DSBO(norm)=0.73486;
k_DSBN(norm)=1.00000;
k_CyA(norm)=0.45004;
fVX(norm)=0.24529;
kf_ATR_MGMT_P(norm)=0.62610;
k_ATR(norm)=0.24666;
K_add(norm)=0.67855;
kd_pATR(norm)=0.15484;
k_Chk1(norm)=0.00010;
C_Chk1(norm)=0.17655;
pChk1_ref12_5_24h(norm)=0.00010;
pChk1_ref100_24h(norm)=0.00010;
pChk1_ref100_48h(norm)=0.89004;
kd_pChk1(norm)=0.73782;
k_cdc25(norm)=0.00010;
K_cdc25(norm)=1.00000;
kf_p53(norm)=0.47242;
k_p53(norm)=0.71683;
K_ATR(norm)=0.06822;
p53ser46_ref50_72h(norm)=1.00000;
kp_ser46(norm)=0.15421;
K_p53(norm)=0.82766;
upAsy(norm)=0.00010;
sness(norm)=0.71419;
k_apop(norm)=0.52819;
tED50(norm)=0.05970;
cell_pop_norm0_Jack_MGMT_P(norm)=0.05036;
k_dis(norm)=0.00010;

%%%%%%%%%

TMZout0_Ka_XTMZ=34.5155136511;
MGMT_P0=1.5338864423;
k_MGMT=44.7727842002;
k_addO=0.0067446269;
k_addN=0.1148994892;
DSB_72h_fac=1.4000000000;
k_DSBO=0.0003555305;
k_DSBN=0.0000524573;
k_CyA=1.8191223754;
fVX=0.0010573808;
kf_ATR_MGMT_P=0.0000112408;
k_ATR=0.0156034959;
K_add=0.0000758954;
kd_pATR=0.0026931682;
k_Chk1=292.5525408855;
C_Chk1=0.5262843701;
pChk1_ref12_5_24h=0.0046411643;
pChk1_ref100_24h=0.0046517778;
pChk1_ref100_48h=0.0111789013;
kd_pChk1=0.0929149393;
k_cdc25=146.9099469980;
K_cdc25=1.9168368689;
kf_p53=0.0006280611;
k_p53=41.5312977326;
K_ATR=0.0002677291;
p53ser46_ref50_72h=0.0007742483;
kp_ser46=2.6687468444;
K_p53=0.6503325925;
upAsy=0.1534735768;
sness=0.0046444122;
k_apop=0.0607950586;
tED50=238.6941005364;
cell_pop_norm0_Jack_MGMT_P=71.2686197745;
k_dis=0.0098752604;

%%%%%%%%%

cost=367.8471177057;

%%%%%%%%%

