TMZout0_Ka_XTMZ(norm)=0.43076;
MGMT_P0(norm)=0.35810;
k_MGMT(norm)=0.63788;
k_addO(norm)=0.43259;
k_addN(norm)=0.73592;
DSB_72h_fac(norm)=0.32733;
k_DSBO(norm)=0.33485;
k_DSBN(norm)=0.15025;
k_CyA(norm)=0.24873;
fVX(norm)=0.45927;
kf_ATR_MGMT_P(norm)=0.76322;
k_ATR(norm)=0.22389;
K_add(norm)=0.34021;
kd_pATR(norm)=0.35127;
k_Chk1(norm)=0.82772;
C_Chk1(norm)=0.00010;
pChk1_ref12_5_24h(norm)=0.32640;
pChk1_ref100_24h(norm)=0.36488;
pChk1_ref100_48h(norm)=0.85380;
kd_pChk1(norm)=0.38101;
k_cdc25(norm)=0.49416;
K_cdc25(norm)=0.03180;
kf_p53(norm)=0.81050;
k_p53(norm)=0.42221;
K_ATR(norm)=0.28788;
p53ser46_ref50_72h(norm)=0.57767;
kp_ser46(norm)=0.58949;
K_p53(norm)=0.61387;
upAsy(norm)=0.47256;
sness(norm)=0.33572;
k_apop(norm)=0.63081;
tED50(norm)=0.84636;
cell_pop_norm0_Jack_MGMT_P(norm)=0.14680;
k_dis(norm)=0.60993;

%%%%%%%%%

TMZout0_Ka_XTMZ=34.2223497293;
MGMT_P0=1.6773499134;
k_MGMT=49.0531205525;
k_addO=0.0097297730;
k_addN=0.1722043062;
DSB_72h_fac=0.8581352691;
k_DSBO=0.0002533272;
k_DSBN=0.0000255340;
k_CyA=1.5338630053;
fVX=0.0012675626;
kf_ATR_MGMT_P=0.0000126257;
k_ATR=0.0153054281;
K_add=0.0000569786;
kd_pATR=0.0031808736;
k_Chk1=589.8610868589;
C_Chk1=0.4532009724;
pChk1_ref12_5_24h=0.0061192630;
pChk1_ref100_24h=0.0063365244;
pChk1_ref100_48h=0.0108408317;
kd_pChk1=0.0686737866;
k_cdc25=223.2826300986;
K_cdc25=0.8439358256;
kf_p53=0.0008363843;
k_p53=32.3564725151;
K_ATR=0.0003224981;
p53ser46_ref50_72h=0.0005413429;
kp_ser46=3.8590488810;
K_p53=0.5425799114;
upAsy=0.2290271250;
sness=0.0033702365;
k_apop=0.0663178985;
tED50=464.8492748728;
cell_pop_norm0_Jack_MGMT_P=73.7627139100;
k_dis=0.0165559040;

%%%%%%%%%

cost=198.4362373916;

%%%%%%%%%

