TMZout0_Ka_XTMZ(norm)=0.40251;
MGMT_P0(norm)=0.93793;
k_MGMT(norm)=0.36204;
k_addO(norm)=0.53331;
k_addN(norm)=0.69420;
DSB_72h_fac(norm)=0.59436;
k_DSBO(norm)=0.56879;
k_DSBN(norm)=0.15858;
k_CyA(norm)=0.62514;
fVX(norm)=1.00000;
kf_ATR_MGMT_P(norm)=0.18267;
k_ATR(norm)=1.00000;
K_add(norm)=0.51632;
kd_pATR(norm)=0.28780;
k_Chk1(norm)=0.29077;
C_Chk1(norm)=0.35814;
pChk1_ref12_5_24h(norm)=1.00000;
pChk1_ref100_24h(norm)=0.68934;
pChk1_ref100_48h(norm)=0.35608;
kd_pChk1(norm)=0.16261;
k_cdc25(norm)=0.34219;
K_cdc25(norm)=0.48770;
kf_p53(norm)=0.60417;
k_p53(norm)=0.00010;
K_ATR(norm)=1.00000;
p53ser46_ref50_72h(norm)=0.56351;
kp_ser46(norm)=0.38543;
K_p53(norm)=0.75201;
upAsy(norm)=0.09765;
sness(norm)=0.62341;
k_apop(norm)=0.43550;
tED50(norm)=0.00010;
cell_pop_norm0_Jack_MGMT_P(norm)=0.29950;
k_dis(norm)=0.00010;

%%%%%%%%%

TMZout0_Ka_XTMZ=34.0011471052;
MGMT_P0=2.4053648838;
k_MGMT=38.8299170323;
k_addO=0.0105966357;
k_addN=0.1662235604;
DSB_72h_fac=1.0421713736;
k_DSBO=0.0003088626;
k_DSBN=0.0000257148;
k_CyA=2.1100700555;
fVX=0.0020042231;
kf_ATR_MGMT_P=0.0000077201;
k_ATR=0.0295416857;
K_add=0.0000661480;
kd_pATR=0.0030143275;
k_Chk1=374.2524871756;
C_Chk1=0.6138209908;
pChk1_ref12_5_24h=0.0108284658;
pChk1_ref100_24h=0.0083414831;
pChk1_ref100_48h=0.0071107645;
kd_pChk1=0.0570717731;
k_cdc25=196.3050665791;
K_cdc25=1.2418502630;
kf_p53=0.0007022301;
k_p53=22.6274627823;
K_ATR=0.0005896170;
p53ser46_ref50_72h=0.0005348874;
kp_ser46=3.2463284022;
K_p53=0.6099529179;
upAsy=0.1666970529;
sness=0.0043005520;
k_apop=0.0562030357;
tED50=226.9392185870;
cell_pop_norm0_Jack_MGMT_P=77.8917236746;
k_dis=0.0098752604;

%%%%%%%%%

cost=100000.0000000000;

%%%%%%%%%

