TMZout0_Ka_XTMZ(norm)=0.08219;
MGMT_P0(norm)=0.87364;
k_MGMT(norm)=0.52715;
k_addO(norm)=0.62149;
k_addN(norm)=0.59090;
DSB_72h_fac(norm)=0.64373;
k_DSBO(norm)=0.52665;
k_DSBN(norm)=0.55190;
k_CyA(norm)=0.89193;
fVX(norm)=0.65148;
kf_ATR_MGMT_P(norm)=0.56453;
k_ATR(norm)=0.74646;
K_add(norm)=0.64637;
kd_pATR(norm)=0.72873;
k_Chk1(norm)=0.59230;
C_Chk1(norm)=0.57453;
pChk1_ref12_5_24h(norm)=0.53364;
pChk1_ref100_24h(norm)=0.53648;
pChk1_ref100_48h(norm)=0.57008;
kd_pChk1(norm)=0.60711;
k_cdc25(norm)=0.61835;
K_cdc25(norm)=0.41623;
kf_p53(norm)=0.91772;
k_p53(norm)=0.72120;
K_ATR(norm)=0.79427;
p53ser46_ref50_72h(norm)=0.82904;
kp_ser46(norm)=0.46472;
K_p53(norm)=0.62019;
upAsy(norm)=0.75116;
sness(norm)=0.69322;
k_apop(norm)=0.82493;
tED50(norm)=0.33473;
cell_pop_norm0_Jack_MGMT_P(norm)=0.13996;
k_dis(norm)=0.62946;

%%%%%%%%%

TMZout0_Ka_XTMZ=31.5904769728;
MGMT_P0=2.3284904304;
k_MGMT=38.6397330557;
k_addO=0.0107061890;
k_addN=0.1237388284;
DSB_72h_fac=1.0696568961;
k_DSBO=0.0003079890;
k_DSBN=0.0000385005;
k_CyA=3.1771238899;
fVX=0.0015045297;
kf_ATR_MGMT_P=0.0000106817;
k_ATR=0.0302327591;
K_add=0.0000855160;
kd_pATR=0.0030738341;
k_Chk1=337.5294329235;
C_Chk1=0.7449422530;
pChk1_ref12_5_24h=0.0081564159;
pChk1_ref100_24h=0.0081942578;
pChk1_ref100_48h=0.0104065631;
kd_pChk1=0.0642593242;
k_cdc25=237.7645080301;
K_cdc25=1.2059886097;
kf_p53=0.0007639831;
k_p53=36.6809816350;
K_ATR=0.0005518737;
p53ser46_ref50_72h=0.0005900695;
kp_ser46=2.9899244498;
K_p53=0.6645003571;
upAsy=0.2263821784;
sness=0.0041200345;
k_apop=0.0711915592;
tED50=306.6949634860;
cell_pop_norm0_Jack_MGMT_P=73.5831714242;
k_dis=0.0167539826;

%%%%%%%%%

cost=123.4981019314;

%%%%%%%%%

