TMZout0_Ka_XTMZ(norm)=0.50000;
MGMT_P0(norm)=0.50000;
k_MGMT(norm)=0.25000;
k_addO(norm)=0.25000;
k_addN(norm)=0.75000;
DSB_72h_fac(norm)=0.25000;
k_DSBO(norm)=0.75000;
k_DSBN(norm)=0.75000;
k_CyA(norm)=0.50000;
fVX(norm)=0.50000;
kf_ATR_MGMT_P(norm)=0.25000;
k_ATR(norm)=0.50000;
K_add(norm)=0.75000;
kd_pATR(norm)=0.50000;
k_Chk1(norm)=0.50000;
C_Chk1(norm)=0.25000;
pChk1_ref12_5_24h(norm)=0.50000;
pChk1_ref100_24h(norm)=0.50000;
pChk1_ref100_48h(norm)=0.75000;
kd_pChk1(norm)=0.50000;
k_cdc25(norm)=0.50000;
K_cdc25(norm)=0.75000;
kf_p53(norm)=0.25000;
k_p53(norm)=0.75000;
K_ATR(norm)=0.75000;
p53ser46_ref50_72h(norm)=0.75000;
kp_ser46(norm)=0.25000;
K_p53(norm)=0.25000;
upAsy(norm)=0.50000;
sness(norm)=0.75000;
k_apop(norm)=0.25000;
tED50(norm)=0.75000;
cell_pop_norm0_Jack_MGMT_P(norm)=0.25000;
k_dis(norm)=0.50000;

%%%%%%%%%

TMZout0_Ka_XTMZ=34.7706773014;
MGMT_P0=1.8497076145;
k_MGMT=29.5402734422;
k_addO=0.0076636357;
k_addN=0.1317213311;
DSB_72h_fac=0.7919470059;
k_DSBO=0.0003725944;
k_DSBN=0.0000470507;
k_CyA=2.1796369617;
fVX=0.0011824740;
kf_ATR_MGMT_P=0.0000080519;
k_ATR=0.0229064935;
K_add=0.0000860089;
kd_pATR=0.0031466166;
k_Chk1=375.7516282803;
C_Chk1=0.5713295495;
pChk1_ref12_5_24h=0.0072161374;
pChk1_ref100_24h=0.0072279773;
pChk1_ref100_48h=0.0104144094;
kd_pChk1=0.0708347333;
k_cdc25=236.9086437969;
K_cdc25=1.5161582878;
kf_p53=0.0004447150;
k_p53=42.3311407788;
K_ATR=0.0005415939;
p53ser46_ref50_72h=0.0005391541;
kp_ser46=2.5342858593;
K_p53=0.4639109931;
upAsy=0.2316378521;
sness=0.0043812301;
k_apop=0.0497126504;
tED50=502.0517972530;
cell_pop_norm0_Jack_MGMT_P=76.5285579750;
k_dis=0.0151944567;

%%%%%%%%%

cost=123.2408986570;

%%%%%%%%%

