TMZout0_Ka_XTMZ(norm)=0.56757;
MGMT_P0(norm)=0.26895;
k_MGMT(norm)=0.95216;
k_addO(norm)=0.20663;
k_addN(norm)=0.27437;
DSB_72h_fac(norm)=0.45404;
k_DSBO(norm)=0.10642;
k_DSBN(norm)=0.60929;
k_CyA(norm)=0.23962;
fVX(norm)=0.72672;
kf_ATR_MGMT_P(norm)=0.76753;
k_ATR(norm)=1.00000;
K_add(norm)=0.75073;
kd_pATR(norm)=0.43311;
k_Chk1(norm)=0.48788;
C_Chk1(norm)=0.38629;
pChk1_ref12_5_24h(norm)=0.35581;
pChk1_ref100_24h(norm)=0.58772;
pChk1_ref100_48h(norm)=0.91826;
kd_pChk1(norm)=0.49081;
k_cdc25(norm)=0.59642;
K_cdc25(norm)=0.00010;
kf_p53(norm)=0.02396;
k_p53(norm)=0.34055;
K_ATR(norm)=0.29247;
p53ser46_ref50_72h(norm)=0.36259;
kp_ser46(norm)=0.40890;
K_p53(norm)=0.21834;
upAsy(norm)=0.35370;
sness(norm)=0.73868;
k_apop(norm)=0.34160;
tED50(norm)=0.57597;
cell_pop_norm0_Jack_MGMT_P(norm)=0.41426;
k_dis(norm)=0.77552;

%%%%%%%%%

TMZout0_Ka_XTMZ=35.3142516613;
MGMT_P0=1.6792163699;
k_MGMT=57.1231175391;
k_addO=0.0079190814;
k_addN=0.1074344943;
DSB_72h_fac=0.9291041864;
k_DSBO=0.0002122512;
k_DSBN=0.0000423246;
k_CyA=1.5461454109;
fVX=0.0015490204;
kf_ATR_MGMT_P=0.0000126886;
k_ATR=0.0270288705;
K_add=0.0000834933;
kd_pATR=0.0027931138;
k_Chk1=400.9771367290;
C_Chk1=0.6296179372;
pChk1_ref12_5_24h=0.0058560992;
pChk1_ref100_24h=0.0071369728;
pChk1_ref100_48h=0.0110903955;
kd_pChk1=0.0724439273;
k_cdc25=298.7130935910;
K_cdc25=0.8159212781;
kf_p53=0.0004180203;
k_p53=24.3939941325;
K_ATR=0.0002687936;
p53ser46_ref50_72h=0.0004578899;
kp_ser46=3.6658163645;
K_p53=0.6058842657;
upAsy=0.2280181700;
sness=0.0044978911;
k_apop=0.0516668687;
tED50=406.4370472410;
cell_pop_norm0_Jack_MGMT_P=81.1460594655;
k_dis=0.0191019182;

%%%%%%%%%

cost=323.5444725196;

%%%%%%%%%

