TMZout0_Ka_XTMZ(norm)=0.17330;
MGMT_P0(norm)=0.22084;
k_MGMT(norm)=0.65435;
k_addO(norm)=0.00010;
k_addN(norm)=0.38434;
DSB_72h_fac(norm)=0.21054;
k_DSBO(norm)=0.17360;
k_DSBN(norm)=0.85592;
k_CyA(norm)=0.49414;
fVX(norm)=0.63700;
kf_ATR_MGMT_P(norm)=1.00000;
k_ATR(norm)=0.47090;
K_add(norm)=0.68299;
kd_pATR(norm)=0.00288;
k_Chk1(norm)=0.52627;
C_Chk1(norm)=0.00010;
pChk1_ref12_5_24h(norm)=0.31113;
pChk1_ref100_24h(norm)=0.70384;
pChk1_ref100_48h(norm)=1.00000;
kd_pChk1(norm)=0.60459;
k_cdc25(norm)=0.60857;
K_cdc25(norm)=0.59537;
kf_p53(norm)=0.24351;
k_p53(norm)=0.18865;
K_ATR(norm)=0.47610;
p53ser46_ref50_72h(norm)=0.48526;
kp_ser46(norm)=0.40801;
K_p53(norm)=0.50340;
upAsy(norm)=0.37391;
sness(norm)=1.00000;
k_apop(norm)=0.37277;
tED50(norm)=0.69073;
cell_pop_norm0_Jack_MGMT_P(norm)=0.51385;
k_dis(norm)=0.00010;

%%%%%%%%%

TMZout0_Ka_XTMZ=32.2581850307;
MGMT_P0=1.5401485978;
k_MGMT=49.7427153817;
k_addO=0.0067446269;
k_addN=0.1278416940;
DSB_72h_fac=0.7882212293;
k_DSBO=0.0002209773;
k_DSBN=0.0000464289;
k_CyA=1.8883844861;
fVX=0.0014735668;
kf_ATR_MGMT_P=0.0000154307;
k_ATR=0.0188685214;
K_add=0.0000761811;
kd_pATR=0.0023678105;
k_Chk1=456.9008365751;
C_Chk1=0.4532009724;
pChk1_ref12_5_24h=0.0060406024;
pChk1_ref100_24h=0.0084445714;
pChk1_ref100_48h=0.0122705020;
kd_pChk1=0.0829970109;
k_cdc25=246.0106259127;
K_cdc25=1.3604752050;
kf_p53=0.0005173282;
k_p53=26.5471565500;
K_ATR=0.0003782577;
p53ser46_ref50_72h=0.0005005754;
kp_ser46=3.3090332849;
K_p53=0.4940987281;
upAsy=0.2106620490;
sness=0.0059169975;
k_apop=0.0532935872;
tED50=407.4214487060;
cell_pop_norm0_Jack_MGMT_P=84.0802225815;
k_dis=0.0098752604;

%%%%%%%%%

cost=436.9767218154;

%%%%%%%%%

