TMZout0_Ka_XTMZ(norm)=0.04140;
MGMT_P0(norm)=0.99669;
k_MGMT(norm)=0.38740;
k_addO(norm)=0.66215;
k_addN(norm)=0.66918;
DSB_72h_fac(norm)=0.62215;
k_DSBO(norm)=0.58298;
k_DSBN(norm)=0.61351;
k_CyA(norm)=0.63625;
fVX(norm)=0.56125;
kf_ATR_MGMT_P(norm)=0.59862;
k_ATR(norm)=0.69343;
K_add(norm)=0.63598;
kd_pATR(norm)=0.63271;
k_Chk1(norm)=0.81919;
C_Chk1(norm)=0.61422;
pChk1_ref12_5_24h(norm)=0.59442;
pChk1_ref100_24h(norm)=0.60523;
pChk1_ref100_48h(norm)=0.56686;
kd_pChk1(norm)=0.75544;
k_cdc25(norm)=0.26785;
K_cdc25(norm)=0.65881;
kf_p53(norm)=0.47423;
k_p53(norm)=0.48269;
K_ATR(norm)=0.58020;
p53ser46_ref50_72h(norm)=0.43620;
kp_ser46(norm)=0.57820;
K_p53(norm)=0.26682;
upAsy(norm)=0.58930;
sness(norm)=0.54695;
k_apop(norm)=0.55219;
tED50(norm)=0.79545;
cell_pop_norm0_Jack_MGMT_P(norm)=0.16871;
k_dis(norm)=0.57618;

%%%%%%%%%

TMZout0_Ka_XTMZ=31.2960528111;
MGMT_P0=2.4953541097;
k_MGMT=34.3249101430;
k_addO=0.0110814454;
k_addN=0.1322240399;
DSB_72h_fac=1.0523614477;
k_DSBO=0.0003230449;
k_DSBN=0.0000405637;
k_CyA=2.5582857372;
fVX=0.0013938007;
kf_ATR_MGMT_P=0.0000109948;
k_ATR=0.0289044696;
K_add=0.0000847665;
kd_pATR=0.0028336748;
k_Chk1=409.0717742703;
C_Chk1=0.7704219517;
pChk1_ref12_5_24h=0.0085874092;
pChk1_ref100_24h=0.0086858233;
pChk1_ref100_48h=0.0103782837;
kd_pChk1=0.0728647348;
k_cdc25=176.6737676738;
K_cdc25=1.4811719945;
kf_p53=0.0005246716;
k_p53=29.9690709469;
K_ATR=0.0004603282;
p53ser46_ref50_72h=0.0004230050;
kp_ser46=3.2916998788;
K_p53=0.4925641965;
upAsy=0.1973694545;
sness=0.0036397980;
k_apop=0.0565022933;
tED50=453.1470763184;
cell_pop_norm0_Jack_MGMT_P=74.3415434172;
k_dis=0.0160143965;

%%%%%%%%%

cost=123.6614177877;

%%%%%%%%%

