TMZout0_Ka_XTMZ(norm)=0.15087;
MGMT_P0(norm)=0.99983;
k_MGMT(norm)=0.15349;
k_addO(norm)=0.62037;
k_addN(norm)=0.65954;
DSB_72h_fac(norm)=0.67112;
k_DSBO(norm)=0.51610;
k_DSBN(norm)=0.39201;
k_CyA(norm)=0.85869;
fVX(norm)=0.58414;
kf_ATR_MGMT_P(norm)=0.56951;
k_ATR(norm)=0.71725;
K_add(norm)=0.73147;
kd_pATR(norm)=0.24393;
k_Chk1(norm)=0.21438;
C_Chk1(norm)=0.58081;
pChk1_ref12_5_24h(norm)=0.63899;
pChk1_ref100_24h(norm)=0.64065;
pChk1_ref100_48h(norm)=0.73507;
kd_pChk1(norm)=0.30363;
k_cdc25(norm)=0.63766;
K_cdc25(norm)=0.67449;
kf_p53(norm)=0.23617;
k_p53(norm)=0.28932;
K_ATR(norm)=0.44632;
p53ser46_ref50_72h(norm)=0.29796;
kp_ser46(norm)=0.47093;
K_p53(norm)=0.22261;
upAsy(norm)=0.50634;
sness(norm)=0.31390;
k_apop(norm)=0.65090;
tED50(norm)=0.97726;
cell_pop_norm0_Jack_MGMT_P(norm)=0.14382;
k_dis(norm)=0.61166;

%%%%%%%%%

TMZout0_Ka_XTMZ=32.0925292910;
MGMT_P0=2.4997427724;
k_MGMT=32.5403920536;
k_addO=0.0114078126;
k_addN=0.1614127095;
DSB_72h_fac=1.1020379730;
k_DSBO=0.0002953787;
k_DSBN=0.0000313385;
k_CyA=2.5718037216;
fVX=0.0014090317;
kf_ATR_MGMT_P=0.0000107145;
k_ATR=0.0232482766;
K_add=0.0000793756;
kd_pATR=0.0029043519;
k_Chk1=350.7945422968;
C_Chk1=0.7412745683;
pChk1_ref12_5_24h=0.0079748914;
pChk1_ref100_24h=0.0080043631;
pChk1_ref100_48h=0.0098033543;
kd_pChk1=0.0643154006;
k_cdc25=252.1490598828;
K_cdc25=1.4547998195;
kf_p53=0.0005141194;
k_p53=28.9109878232;
K_ATR=0.0003688315;
p53ser46_ref50_72h=0.0004271149;
kp_ser46=3.4902362877;
K_p53=0.3894830240;
upAsy=0.2356773982;
sness=0.0033085200;
k_apop=0.0674561667;
tED50=519.3743849505;
cell_pop_norm0_Jack_MGMT_P=73.6845780861;
k_dis=0.0165801943;

%%%%%%%%%

cost=124.2434518426;

%%%%%%%%%

