TMZout0_Ka_XTMZ(norm)=0.37009;
MGMT_P0(norm)=0.79287;
k_MGMT(norm)=0.36597;
k_addO(norm)=0.83071;
k_addN(norm)=0.52023;
DSB_72h_fac(norm)=0.38529;
k_DSBO(norm)=0.40246;
k_DSBN(norm)=0.36006;
k_CyA(norm)=0.48168;
fVX(norm)=0.65420;
kf_ATR_MGMT_P(norm)=0.72081;
k_ATR(norm)=0.32767;
K_add(norm)=0.71515;
kd_pATR(norm)=0.36497;
k_Chk1(norm)=0.37875;
C_Chk1(norm)=0.80697;
pChk1_ref12_5_24h(norm)=0.30809;
pChk1_ref100_24h(norm)=0.40397;
pChk1_ref100_48h(norm)=0.58361;
kd_pChk1(norm)=0.25894;
k_cdc25(norm)=0.43870;
K_cdc25(norm)=0.69013;
kf_p53(norm)=0.59338;
k_p53(norm)=0.51746;
K_ATR(norm)=0.25260;
p53ser46_ref50_72h(norm)=0.71213;
kp_ser46(norm)=0.88700;
K_p53(norm)=0.07429;
upAsy(norm)=0.28319;
sness(norm)=0.49707;
k_apop(norm)=0.79855;
tED50(norm)=0.56333;
cell_pop_norm0_Jack_MGMT_P(norm)=0.37722;
k_dis(norm)=0.60308;

%%%%%%%%%

TMZout0_Ka_XTMZ=33.7490253972;
MGMT_P0=2.1679982407;
k_MGMT=42.2014602037;
k_addO=0.0127415207;
k_addN=0.1364853456;
DSB_72h_fac=0.8503680243;
k_DSBO=0.0003135326;
k_DSBN=0.0000292651;
k_CyA=2.5412011505;
fVX=0.0015416027;
kf_ATR_MGMT_P=0.0000122351;
k_ATR=0.0226650185;
K_add=0.0001009881;
kd_pATR=0.0016468114;
k_Chk1=267.5913513706;
C_Chk1=0.9109402050;
pChk1_ref12_5_24h=0.0069885657;
pChk1_ref100_24h=0.0076245709;
pChk1_ref100_48h=0.0107304169;
kd_pChk1=0.0462217325;
k_cdc25=187.2430137440;
K_cdc25=1.4941926858;
kf_p53=0.0004746326;
k_p53=28.8575366618;
K_ATR=0.0003669304;
p53ser46_ref50_72h=0.0004294797;
kp_ser46=3.9905067835;
K_p53=0.3789635538;
upAsy=0.2178491534;
sness=0.0049855729;
k_apop=0.0739362250;
tED50=405.9561687295;
cell_pop_norm0_Jack_MGMT_P=80.0811410802;
k_dis=0.0159467572;

%%%%%%%%%

cost=184.4778439212;

%%%%%%%%%

