TMZout0_Ka_XTMZ(norm)=0.72842;
MGMT_P0(norm)=0.81514;
k_MGMT(norm)=0.66406;
k_addO(norm)=0.51923;
k_addN(norm)=0.64264;
DSB_72h_fac(norm)=0.69602;
k_DSBO(norm)=0.69123;
k_DSBN(norm)=0.58423;
k_CyA(norm)=0.70412;
fVX(norm)=0.38555;
kf_ATR_MGMT_P(norm)=0.58940;
k_ATR(norm)=0.50465;
K_add(norm)=0.64146;
kd_pATR(norm)=0.42471;
k_Chk1(norm)=0.41213;
C_Chk1(norm)=0.61519;
pChk1_ref12_5_24h(norm)=0.51773;
pChk1_ref100_24h(norm)=0.51639;
pChk1_ref100_48h(norm)=0.53083;
kd_pChk1(norm)=0.54372;
k_cdc25(norm)=0.04827;
K_cdc25(norm)=0.63954;
kf_p53(norm)=0.22094;
k_p53(norm)=0.54823;
K_ATR(norm)=0.47310;
p53ser46_ref50_72h(norm)=0.26986;
kp_ser46(norm)=0.64301;
K_p53(norm)=0.72092;
upAsy(norm)=0.20552;
sness(norm)=0.61793;
k_apop(norm)=0.70101;
tED50(norm)=0.48890;
cell_pop_norm0_Jack_MGMT_P(norm)=0.16489;
k_dis(norm)=0.61563;

%%%%%%%%%

TMZout0_Ka_XTMZ=36.6426853756;
MGMT_P0=2.2606599926;
k_MGMT=44.7505316678;
k_addO=0.0103206261;
k_addN=0.1467779292;
DSB_72h_fac=1.1142599550;
k_DSBO=0.0003483744;
k_DSBN=0.0000414354;
k_CyA=2.2917900191;
fVX=0.0011601468;
kf_ATR_MGMT_P=0.0000109110;
k_ATR=0.0177643536;
K_add=0.0000761103;
kd_pATR=0.0027733051;
k_Chk1=376.0505055801;
C_Chk1=0.7643776600;
pChk1_ref12_5_24h=0.0067172278;
pChk1_ref100_24h=0.0067183548;
pChk1_ref100_48h=0.0079869081;
kd_pChk1=0.0757651789;
k_cdc25=187.7362995752;
K_cdc25=1.4026435904;
kf_p53=0.0004939462;
k_p53=29.0871932726;
K_ATR=0.0003132462;
p53ser46_ref50_72h=0.0004232936;
kp_ser46=4.4700993532;
K_p53=0.9275247943;
upAsy=0.2011152327;
sness=0.0040604490;
k_apop=0.0700591667;
tED50=377.5324424492;
cell_pop_norm0_Jack_MGMT_P=74.2404399407;
k_dis=0.0166817077;

%%%%%%%%%

cost=124.3761063454;

%%%%%%%%%

