TMZout0_Ka_XTMZ(norm)=0.65663;
MGMT_P0(norm)=0.35388;
k_MGMT(norm)=0.36769;
k_addO(norm)=0.27511;
k_addN(norm)=0.53004;
DSB_72h_fac(norm)=0.47098;
k_DSBO(norm)=0.60311;
k_DSBN(norm)=0.47928;
k_CyA(norm)=0.45498;
fVX(norm)=0.50307;
kf_ATR_MGMT_P(norm)=0.57628;
k_ATR(norm)=0.64530;
K_add(norm)=0.95603;
kd_pATR(norm)=0.10596;
k_Chk1(norm)=0.66141;
C_Chk1(norm)=1.00000;
pChk1_ref12_5_24h(norm)=0.48281;
pChk1_ref100_24h(norm)=0.76894;
pChk1_ref100_48h(norm)=0.73496;
kd_pChk1(norm)=0.19410;
k_cdc25(norm)=0.51232;
K_cdc25(norm)=0.48743;
kf_p53(norm)=0.81569;
k_p53(norm)=0.77020;
K_ATR(norm)=0.51826;
p53ser46_ref50_72h(norm)=0.90328;
kp_ser46(norm)=0.77044;
K_p53(norm)=0.43882;
upAsy(norm)=0.16465;
sness(norm)=0.00010;
k_apop(norm)=0.41663;
tED50(norm)=0.76900;
cell_pop_norm0_Jack_MGMT_P(norm)=0.33645;
k_dis(norm)=0.50580;

%%%%%%%%%

TMZout0_Ka_XTMZ=36.0437172809;
MGMT_P0=1.7586752336;
k_MGMT=34.8131109739;
k_addO=0.0083921844;
k_addN=0.1334216494;
DSB_72h_fac=0.9409965212;
k_DSBO=0.0003233112;
k_DSBN=0.0000379096;
k_CyA=1.8556523363;
fVX=0.0012816205;
kf_ATR_MGMT_P=0.0000107904;
k_ATR=0.0200127780;
K_add=0.0000993567;
kd_pATR=0.0021169287;
k_Chk1=464.4862844978;
C_Chk1=1.0590316885;
pChk1_ref12_5_24h=0.0065214019;
pChk1_ref100_24h=0.0083214088;
pChk1_ref100_48h=0.0094950013;
kd_pChk1=0.0563402957;
k_cdc25=278.1679942687;
K_cdc25=1.2330332087;
kf_p53=0.0008175851;
k_p53=35.1059654668;
K_ATR=0.0003254645;
p53ser46_ref50_72h=0.0007239754;
kp_ser46=4.9797522825;
K_p53=0.7303342447;
upAsy=0.1942694670;
sness=0.0024056203;
k_apop=0.0550580976;
tED50=478.6575555862;
cell_pop_norm0_Jack_MGMT_P=78.9251067228;
k_dis=0.0151994180;

%%%%%%%%%

cost=214.8051128575;

%%%%%%%%%

