TMZout0_Ka_XTMZ(norm)=0.61925;
MGMT_P0(norm)=1.00000;
k_MGMT(norm)=0.79618;
k_addO(norm)=0.27987;
k_addN(norm)=0.93076;
DSB_72h_fac(norm)=0.17209;
k_DSBO(norm)=0.40277;
k_DSBN(norm)=0.00010;
k_CyA(norm)=0.80062;
fVX(norm)=0.35754;
kf_ATR_MGMT_P(norm)=0.56034;
k_ATR(norm)=0.70888;
K_add(norm)=0.77071;
kd_pATR(norm)=0.51614;
k_Chk1(norm)=1.00000;
C_Chk1(norm)=1.00000;
pChk1_ref12_5_24h(norm)=0.31522;
pChk1_ref100_24h(norm)=1.00000;
pChk1_ref100_48h(norm)=0.95648;
kd_pChk1(norm)=0.27766;
k_cdc25(norm)=0.34507;
K_cdc25(norm)=0.75973;
kf_p53(norm)=0.74411;
k_p53(norm)=0.73614;
K_ATR(norm)=0.48292;
p53ser46_ref50_72h(norm)=0.17149;
kp_ser46(norm)=0.93309;
K_p53(norm)=0.22573;
upAsy(norm)=0.32793;
sness(norm)=0.91542;
k_apop(norm)=0.30233;
tED50(norm)=0.68206;
cell_pop_norm0_Jack_MGMT_P(norm)=0.26160;
k_dis(norm)=0.44746;

%%%%%%%%%

TMZout0_Ka_XTMZ=35.7357398563;
MGMT_P0=2.5000000000;
k_MGMT=60.7620173593;
k_addO=0.0079896546;
k_addN=0.1932647094;
DSB_72h_fac=0.7153384276;
k_DSBO=0.0003136136;
k_DSBN=0.0000215721;
k_CyA=3.3296892677;
fVX=0.0011989677;
kf_ATR_MGMT_P=0.0000106797;
k_ATR=0.0313063803;
K_add=0.0001058562;
kd_pATR=0.0018718452;
k_Chk1=452.9782583015;
C_Chk1=1.0728079097;
pChk1_ref12_5_24h=0.0070308926;
pChk1_ref100_24h=0.0126339952;
pChk1_ref100_48h=0.0147171055;
kd_pChk1=0.0469609078;
k_cdc25=172.9627769443;
K_cdc25=1.5849641350;
kf_p53=0.0005392921;
k_p53=34.7319632875;
K_ATR=0.0004460009;
p53ser46_ref50_72h=0.0002716428;
kp_ser46=4.1494092452;
K_p53=0.4308497943;
upAsy=0.2262663355;
sness=0.0071065308;
k_apop=0.0485582347;
tED50=448.9176842572;
cell_pop_norm0_Jack_MGMT_P=76.8459451289;
k_dis=0.0139767498;

%%%%%%%%%

cost=643.6497235414;

%%%%%%%%%

