TMZout0_Ka_XTMZ(norm)=0.36488;
MGMT_P0(norm)=0.67505;
k_MGMT(norm)=0.59312;
k_addO(norm)=0.61841;
k_addN(norm)=0.99261;
DSB_72h_fac(norm)=0.55007;
k_DSBO(norm)=0.16912;
k_DSBN(norm)=0.42095;
k_CyA(norm)=0.70158;
fVX(norm)=0.37490;
kf_ATR_MGMT_P(norm)=0.49463;
k_ATR(norm)=0.92536;
K_add(norm)=0.56316;
kd_pATR(norm)=0.64041;
k_Chk1(norm)=0.23415;
C_Chk1(norm)=0.84878;
pChk1_ref12_5_24h(norm)=0.50033;
pChk1_ref100_24h(norm)=0.81110;
pChk1_ref100_48h(norm)=0.78479;
kd_pChk1(norm)=0.37221;
k_cdc25(norm)=0.09696;
K_cdc25(norm)=0.73926;
kf_p53(norm)=0.64438;
k_p53(norm)=0.55154;
K_ATR(norm)=0.33326;
p53ser46_ref50_72h(norm)=0.69264;
kp_ser46(norm)=0.27203;
K_p53(norm)=0.76435;
upAsy(norm)=0.55335;
sness(norm)=0.67158;
k_apop(norm)=0.68752;
tED50(norm)=0.36307;
cell_pop_norm0_Jack_MGMT_P(norm)=0.49071;
k_dis(norm)=0.67750;

%%%%%%%%%

TMZout0_Ka_XTMZ=33.7086726617;
MGMT_P0=2.0554658151;
k_MGMT=39.5072054729;
k_addO=0.0104713360;
k_addN=0.1617822289;
DSB_72h_fac=0.9947013033;
k_DSBO=0.0002277652;
k_DSBN=0.0000356028;
k_CyA=2.5855884999;
fVX=0.0010635451;
kf_ATR_MGMT_P=0.0000099065;
k_ATR=0.0328459224;
K_add=0.0000734157;
kd_pATR=0.0035441510;
k_Chk1=299.9672702349;
C_Chk1=0.9489038874;
pChk1_ref12_5_24h=0.0072181442;
pChk1_ref100_24h=0.0094079573;
pChk1_ref100_48h=0.0107259826;
kd_pChk1=0.0635657982;
k_cdc25=168.3722612532;
K_cdc25=1.5024300318;
kf_p53=0.0006211624;
k_p53=35.7792008113;
K_ATR=0.0003804725;
p53ser46_ref50_72h=0.0005135768;
kp_ser46=2.5820244735;
K_p53=0.7173044246;
upAsy=0.2423487496;
sness=0.0040995645;
k_apop=0.0720220092;
tED50=361.7162165084;
cell_pop_norm0_Jack_MGMT_P=83.3893176713;
k_dis=0.0176604704;

%%%%%%%%%

cost=213.5125128684;

%%%%%%%%%

