TMZout0_Ka_XTMZ(norm)=0.42303;
MGMT_P0(norm)=1.00000;
k_MGMT(norm)=0.46673;
k_addO(norm)=0.48112;
k_addN(norm)=0.78320;
DSB_72h_fac(norm)=1.00000;
k_DSBO(norm)=0.30918;
k_DSBN(norm)=0.71583;
k_CyA(norm)=0.56673;
fVX(norm)=0.45774;
kf_ATR_MGMT_P(norm)=0.60745;
k_ATR(norm)=0.81769;
K_add(norm)=0.87285;
kd_pATR(norm)=0.50280;
k_Chk1(norm)=0.78748;
C_Chk1(norm)=0.66179;
pChk1_ref12_5_24h(norm)=0.38769;
pChk1_ref100_24h(norm)=0.51984;
pChk1_ref100_48h(norm)=0.82816;
kd_pChk1(norm)=0.35406;
k_cdc25(norm)=0.15963;
K_cdc25(norm)=0.26379;
kf_p53(norm)=0.29693;
k_p53(norm)=0.27373;
K_ATR(norm)=0.40658;
p53ser46_ref50_72h(norm)=0.11338;
kp_ser46(norm)=0.50110;
K_p53(norm)=0.21889;
upAsy(norm)=0.24578;
sness(norm)=0.70771;
k_apop(norm)=0.65662;
tED50(norm)=0.34748;
cell_pop_norm0_Jack_MGMT_P(norm)=0.30058;
k_dis(norm)=0.47326;

%%%%%%%%%

TMZout0_Ka_XTMZ=34.1616801369;
MGMT_P0=2.5000000000;
k_MGMT=42.4315835051;
k_addO=0.0101382036;
k_addN=0.1792429291;
DSB_72h_fac=1.4000000000;
k_DSBO=0.0002478772;
k_DSBN=0.0000412325;
k_CyA=2.0081756607;
fVX=0.0012659223;
kf_ATR_MGMT_P=0.0000110646;
k_ATR=0.0253134203;
K_add=0.0000894769;
kd_pATR=0.0036166429;
k_Chk1=570.0873196358;
C_Chk1=0.7939225684;
pChk1_ref12_5_24h=0.0064454342;
pChk1_ref100_24h=0.0072255605;
pChk1_ref100_48h=0.0106079018;
kd_pChk1=0.0671231591;
k_cdc25=168.1719722214;
K_cdc25=1.0272527702;
kf_p53=0.0005412830;
k_p53=28.5314859977;
K_ATR=0.0003566181;
p53ser46_ref50_72h=0.0003652792;
kp_ser46=3.5806089855;
K_p53=0.3882584589;
upAsy=0.1889898951;
sness=0.0046189731;
k_apop=0.0677839845;
tED50=304.6052977905;
cell_pop_norm0_Jack_MGMT_P=77.9217863489;
k_dis=0.0147455930;

%%%%%%%%%

cost=236.0877904906;

%%%%%%%%%

