TMZout0_Ka_XTMZ(norm)=0.07176;
MGMT_P0(norm)=0.47629;
k_MGMT(norm)=0.20751;
k_addO(norm)=0.58303;
k_addN(norm)=0.48213;
DSB_72h_fac(norm)=0.62688;
k_DSBO(norm)=0.98640;
k_DSBN(norm)=0.55701;
k_CyA(norm)=0.39108;
fVX(norm)=1.00000;
kf_ATR_MGMT_P(norm)=0.77030;
k_ATR(norm)=0.17591;
K_add(norm)=0.86065;
kd_pATR(norm)=1.00000;
k_Chk1(norm)=0.89981;
C_Chk1(norm)=0.70639;
pChk1_ref12_5_24h(norm)=0.00295;
pChk1_ref100_24h(norm)=0.38594;
pChk1_ref100_48h(norm)=0.49912;
kd_pChk1(norm)=0.83118;
k_cdc25(norm)=0.29905;
K_cdc25(norm)=0.56863;
kf_p53(norm)=0.29453;
k_p53(norm)=0.74937;
K_ATR(norm)=0.11684;
p53ser46_ref50_72h(norm)=0.13369;
kp_ser46(norm)=0.89900;
K_p53(norm)=0.45343;
upAsy(norm)=0.83167;
sness(norm)=0.73908;
k_apop(norm)=0.57638;
tED50(norm)=0.97278;
cell_pop_norm0_Jack_MGMT_P(norm)=0.23566;
k_dis(norm)=0.35548;

%%%%%%%%%

TMZout0_Ka_XTMZ=31.5149264269;
MGMT_P0=1.8052429721;
k_MGMT=34.0645709731;
k_addO=0.0110525987;
k_addN=0.1388852301;
DSB_72h_fac=1.0671331338;
k_DSBO=0.0004399842;
k_DSBN=0.0000360410;
k_CyA=1.7304824282;
fVX=0.0020042231;
kf_ATR_MGMT_P=0.0000127016;
k_ATR=0.0146956113;
K_add=0.0000885571;
kd_pATR=0.0055114322;
k_Chk1=627.0109612210;
C_Chk1=0.8244978298;
pChk1_ref12_5_24h=0.0046523830;
pChk1_ref100_24h=0.0064505965;
pChk1_ref100_48h=0.0080269405;
kd_pChk1=0.1005638847;
k_cdc25=189.2589235730;
K_cdc25=1.3299936191;
kf_p53=0.0005401838;
k_p53=42.6921592332;
K_ATR=0.0002789883;
p53ser46_ref50_72h=0.0003716199;
kp_ser46=5.0161974018;
K_p53=0.4736153850;
upAsy=0.3104796823;
sness=0.0047433897;
k_apop=0.0633288036;
tED50=517.4070177007;
cell_pop_norm0_Jack_MGMT_P=76.1380072578;
k_dis=0.0133451040;

%%%%%%%%%

cost=226.0971735803;

%%%%%%%%%

