TMZout0_Ka_XTMZ(norm)=0.50334;
MGMT_P0(norm)=0.82015;
k_MGMT(norm)=0.55919;
k_addO(norm)=0.49242;
k_addN(norm)=0.30948;
DSB_72h_fac(norm)=0.67862;
k_DSBO(norm)=0.75526;
k_DSBN(norm)=0.72983;
k_CyA(norm)=0.47673;
fVX(norm)=0.56880;
kf_ATR_MGMT_P(norm)=0.58857;
k_ATR(norm)=0.57968;
K_add(norm)=0.64911;
kd_pATR(norm)=0.18975;
k_Chk1(norm)=0.10562;
C_Chk1(norm)=0.59104;
pChk1_ref12_5_24h(norm)=0.58022;
pChk1_ref100_24h(norm)=0.57830;
pChk1_ref100_48h(norm)=0.61888;
kd_pChk1(norm)=0.30754;
k_cdc25(norm)=0.51727;
K_cdc25(norm)=0.74816;
kf_p53(norm)=0.11860;
k_p53(norm)=0.27961;
K_ATR(norm)=0.37659;
p53ser46_ref50_72h(norm)=0.24620;
kp_ser46(norm)=0.61401;
K_p53(norm)=0.38169;
upAsy(norm)=0.03961;
sness(norm)=0.74978;
k_apop(norm)=0.72807;
tED50(norm)=0.22935;
cell_pop_norm0_Jack_MGMT_P(norm)=0.14816;
k_dis(norm)=0.61592;

%%%%%%%%%

TMZout0_Ka_XTMZ=34.7973317882;
MGMT_P0=2.2355244230;
k_MGMT=45.8892822584;
k_addO=0.0102357589;
k_addN=0.1199850344;
DSB_72h_fac=1.1080700286;
k_DSBO=0.0003617303;
k_DSBN=0.0000417243;
k_CyA=1.8607377333;
fVX=0.0013908265;
kf_ATR_MGMT_P=0.0000108890;
k_ATR=0.0206902385;
K_add=0.0000740255;
kd_pATR=0.0027740390;
k_Chk1=319.9129366954;
C_Chk1=0.7477283970;
pChk1_ref12_5_24h=0.0075874853;
pChk1_ref100_24h=0.0075924853;
pChk1_ref100_48h=0.0088842127;
kd_pChk1=0.0645288264;
k_cdc25=227.6975737825;
K_cdc25=1.5485160527;
kf_p53=0.0004653747;
k_p53=28.6739428483;
K_ATR=0.0003476711;
p53ser46_ref50_72h=0.0004087907;
kp_ser46=3.9400873231;
K_p53=0.4456853307;
upAsy=0.1586978156;
sness=0.0047866097;
k_apop=0.0720140259;
tED50=275.5933206149;
cell_pop_norm0_Jack_MGMT_P=73.7985999441;
k_dis=0.0166400515;

%%%%%%%%%

cost=124.9311528211;

%%%%%%%%%

