TMZout0_Ka_XTMZ(norm)=0.55315;
MGMT_P0(norm)=0.90889;
k_MGMT(norm)=0.61961;
k_addO(norm)=0.56789;
k_addN(norm)=0.81733;
DSB_72h_fac(norm)=0.70957;
k_DSBO(norm)=0.76116;
k_DSBN(norm)=0.26558;
k_CyA(norm)=0.52319;
fVX(norm)=0.75147;
kf_ATR_MGMT_P(norm)=0.61692;
k_ATR(norm)=0.51406;
K_add(norm)=0.67051;
kd_pATR(norm)=0.35410;
k_Chk1(norm)=0.33375;
C_Chk1(norm)=0.57709;
pChk1_ref12_5_24h(norm)=0.34196;
pChk1_ref100_24h(norm)=0.33987;
pChk1_ref100_48h(norm)=0.42894;
kd_pChk1(norm)=0.62519;
k_cdc25(norm)=0.23374;
K_cdc25(norm)=0.56936;
kf_p53(norm)=0.39070;
k_p53(norm)=0.24962;
K_ATR(norm)=0.30728;
p53ser46_ref50_72h(norm)=0.44052;
kp_ser46(norm)=0.63786;
K_p53(norm)=0.00568;
upAsy(norm)=0.43129;
sness(norm)=0.75215;
k_apop(norm)=0.60158;
tED50(norm)=0.48330;
cell_pop_norm0_Jack_MGMT_P(norm)=0.13367;
k_dis(norm)=0.59237;

%%%%%%%%%

TMZout0_Ka_XTMZ=35.1975055036;
MGMT_P0=2.3623238492;
k_MGMT=48.2998292733;
k_addO=0.0109117175;
k_addN=0.1845030673;
DSB_72h_fac=1.1333060195;
k_DSBO=0.0003635422;
k_DSBN=0.0000281551;
k_CyA=1.9354382837;
fVX=0.0016236528;
kf_ATR_MGMT_P=0.0000111537;
k_ATR=0.0195714057;
K_add=0.0000753802;
kd_pATR=0.0031885173;
k_Chk1=388.1330457740;
C_Chk1=0.7389401586;
pChk1_ref12_5_24h=0.0062004447;
pChk1_ref100_24h=0.0062036641;
pChk1_ref100_48h=0.0075635365;
kd_pChk1=0.0844579605;
k_cdc25=179.0716250185;
K_cdc25=1.3308186691;
kf_p53=0.0005860440;
k_p53=27.9545969499;
K_ATR=0.0003278418;
p53ser46_ref50_72h=0.0004819512;
kp_ser46=4.0204997731;
K_p53=0.3240891356;
upAsy=0.2211573010;
sness=0.0047962038;
k_apop=0.0646954762;
tED50=341.7565664993;
cell_pop_norm0_Jack_MGMT_P=73.4183086860;
k_dis=0.0163113393;

%%%%%%%%%

cost=124.3617742717;

%%%%%%%%%

