TMZout0_Ka_XTMZ(norm)=0.45379;
MGMT_P0(norm)=0.79401;
k_MGMT(norm)=0.92451;
k_addO(norm)=0.64447;
k_addN(norm)=0.88584;
DSB_72h_fac(norm)=0.72295;
k_DSBO(norm)=0.50198;
k_DSBN(norm)=0.74775;
k_CyA(norm)=0.59754;
fVX(norm)=0.47643;
kf_ATR_MGMT_P(norm)=0.62289;
k_ATR(norm)=0.52081;
K_add(norm)=0.52994;
kd_pATR(norm)=0.70397;
k_Chk1(norm)=0.21109;
C_Chk1(norm)=0.57634;
pChk1_ref12_5_24h(norm)=0.32957;
pChk1_ref100_24h(norm)=0.34038;
pChk1_ref100_48h(norm)=0.36762;
kd_pChk1(norm)=0.59790;
k_cdc25(norm)=0.27852;
K_cdc25(norm)=0.58311;
kf_p53(norm)=0.08200;
k_p53(norm)=0.61055;
K_ATR(norm)=0.54303;
p53ser46_ref50_72h(norm)=0.13090;
kp_ser46(norm)=0.71503;
K_p53(norm)=0.83545;
upAsy(norm)=0.27472;
sness(norm)=0.46460;
k_apop(norm)=0.56776;
tED50(norm)=0.81791;
cell_pop_norm0_Jack_MGMT_P(norm)=0.17121;
k_dis(norm)=0.60606;

%%%%%%%%%

TMZout0_Ka_XTMZ=34.4037205562;
MGMT_P0=2.2081917526;
k_MGMT=52.3140581562;
k_addO=0.0107050543;
k_addN=0.1477883960;
DSB_72h_fac=1.1342940739;
k_DSBO=0.0003019749;
k_DSBN=0.0000469610;
k_CyA=2.3674201508;
fVX=0.0011590950;
kf_ATR_MGMT_P=0.0000110437;
k_ATR=0.0233140416;
K_add=0.0000713781;
kd_pATR=0.0037402362;
k_Chk1=294.1623617004;
C_Chk1=0.7533060990;
pChk1_ref12_5_24h=0.0062458603;
pChk1_ref100_24h=0.0063136704;
pChk1_ref100_48h=0.0075323216;
kd_pChk1=0.0769607677;
k_cdc25=196.3732460759;
K_cdc25=1.3162366043;
kf_p53=0.0003857095;
k_p53=37.6138009000;
K_ATR=0.0004544779;
p53ser46_ref50_72h=0.0003190785;
kp_ser46=3.7581498211;
K_p53=0.7618437029;
upAsy=0.1913863883;
sness=0.0034401454;
k_apop=0.0650723889;
tED50=531.7860784033;
cell_pop_norm0_Jack_MGMT_P=74.4077646382;
k_dis=0.0166230607;

%%%%%%%%%

cost=124.0855080854;

%%%%%%%%%

