TMZout0_Ka_XTMZ(norm)=0.34327;
MGMT_P0(norm)=0.60700;
k_MGMT(norm)=0.33582;
k_addO(norm)=0.76829;
k_addN(norm)=0.64239;
DSB_72h_fac(norm)=0.39128;
k_DSBO(norm)=0.44186;
k_DSBN(norm)=0.36302;
k_CyA(norm)=0.60956;
fVX(norm)=0.59515;
kf_ATR_MGMT_P(norm)=0.71602;
k_ATR(norm)=0.69339;
K_add(norm)=0.97834;
kd_pATR(norm)=0.56023;
k_Chk1(norm)=0.81824;
C_Chk1(norm)=0.61530;
pChk1_ref12_5_24h(norm)=0.52761;
pChk1_ref100_24h(norm)=0.53540;
pChk1_ref100_48h(norm)=0.42215;
kd_pChk1(norm)=0.56064;
k_cdc25(norm)=1.00000;
K_cdc25(norm)=0.20559;
kf_p53(norm)=1.00000;
k_p53(norm)=0.85772;
K_ATR(norm)=0.51499;
p53ser46_ref50_72h(norm)=0.68755;
kp_ser46(norm)=0.38748;
K_p53(norm)=0.71347;
upAsy(norm)=0.08816;
sness(norm)=0.16741;
k_apop(norm)=0.62462;
tED50(norm)=0.51786;
cell_pop_norm0_Jack_MGMT_P(norm)=0.34534;
k_dis(norm)=0.32178;

%%%%%%%%%

TMZout0_Ka_XTMZ=33.5417956089;
MGMT_P0=1.9728908673;
k_MGMT=31.7682814684;
k_addO=0.0118892281;
k_addN=0.1202421970;
DSB_72h_fac=0.8816690180;
k_DSBO=0.0002869777;
k_DSBN=0.0000338974;
k_CyA=2.3916553565;
fVX=0.0012817507;
kf_ATR_MGMT_P=0.0000119504;
k_ATR=0.0269848982;
K_add=0.0001043678;
kd_pATR=0.0033113733;
k_Chk1=492.0458729588;
C_Chk1=0.7785874368;
pChk1_ref12_5_24h=0.0073869227;
pChk1_ref100_24h=0.0074480426;
pChk1_ref100_48h=0.0078884844;
kd_pChk1=0.0745690430;
k_cdc25=361.8839309961;
K_cdc25=0.9559020284;
kf_p53=0.0008395845;
k_p53=46.3766591716;
K_ATR=0.0004438087;
p53ser46_ref50_72h=0.0005113655;
kp_ser46=2.8473873255;
K_p53=0.6870395848;
upAsy=0.1634033445;
sness=0.0026743335;
k_apop=0.0682839862;
tED50=412.4066237957;
cell_pop_norm0_Jack_MGMT_P=79.1756475011;
k_dis=0.0130647938;

%%%%%%%%%

cost=266.8772404382;

%%%%%%%%%

