TMZout0_Ka_XTMZ(norm)=0.31383;
MGMT_P0(norm)=1.00000;
k_MGMT(norm)=1.00000;
k_addO(norm)=0.46753;
k_addN(norm)=0.59647;
DSB_72h_fac(norm)=0.73510;
k_DSBO(norm)=0.14360;
k_DSBN(norm)=0.60301;
k_CyA(norm)=0.75752;
fVX(norm)=0.16115;
kf_ATR_MGMT_P(norm)=0.73396;
k_ATR(norm)=0.71625;
K_add(norm)=0.78490;
kd_pATR(norm)=0.30864;
k_Chk1(norm)=0.69859;
C_Chk1(norm)=0.41699;
pChk1_ref12_5_24h(norm)=0.25928;
pChk1_ref100_24h(norm)=0.34196;
pChk1_ref100_48h(norm)=0.41518;
kd_pChk1(norm)=0.53908;
k_cdc25(norm)=1.00000;
K_cdc25(norm)=0.88165;
kf_p53(norm)=0.18992;
k_p53(norm)=0.00010;
K_ATR(norm)=0.23837;
p53ser46_ref50_72h(norm)=0.41833;
kp_ser46(norm)=0.11248;
K_p53(norm)=0.52594;
upAsy(norm)=0.38692;
sness(norm)=0.84864;
k_apop(norm)=0.74713;
tED50(norm)=0.72270;
cell_pop_norm0_Jack_MGMT_P(norm)=0.18943;
k_dis(norm)=0.02516;

%%%%%%%%%

TMZout0_Ka_XTMZ=33.3158720579;
MGMT_P0=2.5000000000;
k_MGMT=57.6809463461;
k_addO=0.0093967907;
k_addN=0.1243240729;
DSB_72h_fac=1.1460926767;
k_DSBO=0.0002226287;
k_DSBN=0.0000402044;
k_CyA=2.8351429072;
fVX=0.0009930489;
kf_ATR_MGMT_P=0.0000123307;
k_ATR=0.0294687848;
K_add=0.0000961668;
kd_pATR=0.0021532673;
k_Chk1=369.3368912324;
C_Chk1=0.6518592025;
pChk1_ref12_5_24h=0.0064645893;
pChk1_ref100_24h=0.0069491327;
pChk1_ref100_48h=0.0091265979;
kd_pChk1=0.0606600014;
k_cdc25=328.5382759798;
K_cdc25=1.7889814592;
kf_p53=0.0004123509;
k_p53=19.9109525917;
K_ATR=0.0003445732;
p53ser46_ref50_72h=0.0004166479;
kp_ser46=2.2184289525;
K_p53=0.6134965883;
upAsy=0.1662692869;
sness=0.0046999290;
k_apop=0.0666497328;
tED50=426.0604692952;
cell_pop_norm0_Jack_MGMT_P=74.8929676303;
k_dis=0.0100403888;

%%%%%%%%%

cost=315.1177222450;

%%%%%%%%%

