TMZout0_Ka_XTMZ(norm)=0.64408;
MGMT_P0(norm)=0.73943;
k_MGMT(norm)=0.56841;
k_addO(norm)=0.12627;
k_addN(norm)=0.50246;
DSB_72h_fac(norm)=0.71227;
k_DSBO(norm)=1.00000;
k_DSBN(norm)=0.60468;
k_CyA(norm)=0.15249;
fVX(norm)=1.00000;
kf_ATR_MGMT_P(norm)=0.86020;
k_ATR(norm)=0.78972;
K_add(norm)=0.73080;
kd_pATR(norm)=0.45442;
k_Chk1(norm)=0.54518;
C_Chk1(norm)=0.40164;
pChk1_ref12_5_24h(norm)=0.58008;
pChk1_ref100_24h(norm)=0.84495;
pChk1_ref100_48h(norm)=0.85792;
kd_pChk1(norm)=0.47089;
k_cdc25(norm)=0.42404;
K_cdc25(norm)=0.38318;
kf_p53(norm)=0.79544;
k_p53(norm)=0.58191;
K_ATR(norm)=0.67928;
p53ser46_ref50_72h(norm)=0.98725;
kp_ser46(norm)=0.67461;
K_p53(norm)=0.10325;
upAsy(norm)=0.85216;
sness(norm)=0.59642;
k_apop(norm)=0.64758;
tED50(norm)=0.68428;
cell_pop_norm0_Jack_MGMT_P(norm)=0.66402;
k_dis(norm)=0.39993;

%%%%%%%%%

TMZout0_Ka_XTMZ=35.9400128861;
MGMT_P0=2.1260999713;
k_MGMT=46.2492935497;
k_addO=0.0075055721;
k_addN=0.1412987077;
DSB_72h_fac=1.1355385360;
k_DSBO=0.0004450842;
k_DSBN=0.0000375265;
k_CyA=1.4137481662;
fVX=0.0020042231;
kf_ATR_MGMT_P=0.0000137070;
k_ATR=0.0247205617;
K_add=0.0000793307;
kd_pATR=0.0034714017;
k_Chk1=464.2814713325;
C_Chk1=0.6368663997;
pChk1_ref12_5_24h=0.0075865824;
pChk1_ref100_24h=0.0095171016;
pChk1_ref100_48h=0.0108787731;
kd_pChk1=0.0741077336;
k_cdc25=210.4022784234;
K_cdc25=1.1366060899;
kf_p53=0.0008257783;
k_p53=37.0449037107;
K_ATR=0.0004493179;
p53ser46_ref50_72h=0.0007659260;
kp_ser46=4.1476696474;
K_p53=0.3520209231;
upAsy=0.3159167767;
sness=0.0042033216;
k_apop=0.0672664757;
tED50=405.2006442439;
cell_pop_norm0_Jack_MGMT_P=88.7067181059;
k_dis=0.0138572791;

%%%%%%%%%

cost=229.5344923984;

%%%%%%%%%

