TMZout0_Ka_XTMZ(norm)=0.07258;
MGMT_P0(norm)=0.76059;
k_MGMT(norm)=0.81004;
k_addO(norm)=0.64188;
k_addN(norm)=0.92076;
DSB_72h_fac(norm)=0.79620;
k_DSBO(norm)=0.71617;
k_DSBN(norm)=0.30494;
k_CyA(norm)=0.18170;
fVX(norm)=0.90509;
kf_ATR_MGMT_P(norm)=0.60993;
k_ATR(norm)=0.62708;
K_add(norm)=0.56334;
kd_pATR(norm)=0.89494;
k_Chk1(norm)=0.52123;
C_Chk1(norm)=0.59123;
pChk1_ref12_5_24h(norm)=0.78601;
pChk1_ref100_24h(norm)=0.78427;
pChk1_ref100_48h(norm)=0.85068;
kd_pChk1(norm)=0.26078;
k_cdc25(norm)=0.61855;
K_cdc25(norm)=0.59476;
kf_p53(norm)=0.71491;
k_p53(norm)=0.56519;
K_ATR(norm)=0.56561;
p53ser46_ref50_72h(norm)=0.72199;
kp_ser46(norm)=0.64106;
K_p53(norm)=0.82505;
upAsy(norm)=0.16165;
sness(norm)=0.10122;
k_apop(norm)=0.54932;
tED50(norm)=0.32313;
cell_pop_norm0_Jack_MGMT_P(norm)=0.14039;
k_dis(norm)=0.62641;

%%%%%%%%%

TMZout0_Ka_XTMZ=31.5208646940;
MGMT_P0=2.1542615063;
k_MGMT=56.7567322344;
k_addO=0.0116175971;
k_addN=0.2014016772;
DSB_72h_fac=1.2070479421;
k_DSBO=0.0003499454;
k_DSBN=0.0000291099;
k_CyA=1.4491796176;
fVX=0.0018493555;
kf_ATR_MGMT_P=0.0000110879;
k_ATR=0.0215381279;
K_add=0.0000688367;
kd_pATR=0.0050420187;
k_Chk1=454.9551232282;
C_Chk1=0.7478444046;
pChk1_ref12_5_24h=0.0090328621;
pChk1_ref100_24h=0.0090401328;
pChk1_ref100_48h=0.0108122229;
kd_pChk1=0.0620223341;
k_cdc25=248.1003814351;
K_cdc25=1.3597759394;
kf_p53=0.0007713135;
k_p53=36.5239236993;
K_ATR=0.0004080615;
p53ser46_ref50_72h=0.0006117552;
kp_ser46=4.0314340704;
K_p53=0.6488929803;
upAsy=0.1759864169;
sness=0.0027629320;
k_apop=0.0618929723;
tED50=298.3860263819;
cell_pop_norm0_Jack_MGMT_P=73.5944586723;
k_dis=0.0167886944;

%%%%%%%%%

cost=123.6622044453;

%%%%%%%%%

