TMZout0_Ka_XTMZ(norm)=0.24520;
MGMT_P0(norm)=0.80046;
k_MGMT(norm)=0.58948;
k_addO(norm)=0.53783;
k_addN(norm)=0.42778;
DSB_72h_fac(norm)=0.67691;
k_DSBO(norm)=0.70384;
k_DSBN(norm)=0.78025;
k_CyA(norm)=0.79450;
fVX(norm)=0.35094;
kf_ATR_MGMT_P(norm)=0.58775;
k_ATR(norm)=0.64818;
K_add(norm)=0.73128;
kd_pATR(norm)=0.31532;
k_Chk1(norm)=0.49365;
C_Chk1(norm)=0.59799;
pChk1_ref12_5_24h(norm)=0.57547;
pChk1_ref100_24h(norm)=0.58123;
pChk1_ref100_48h(norm)=0.62602;
kd_pChk1(norm)=0.56680;
k_cdc25(norm)=0.57628;
K_cdc25(norm)=0.55179;
kf_p53(norm)=0.25279;
k_p53(norm)=0.60472;
K_ATR(norm)=0.66427;
p53ser46_ref50_72h(norm)=0.24360;
kp_ser46(norm)=0.51413;
K_p53(norm)=0.72345;
upAsy(norm)=0.43726;
sness(norm)=0.47019;
k_apop(norm)=0.66027;
tED50(norm)=0.82512;
cell_pop_norm0_Jack_MGMT_P(norm)=0.14672;
k_dis(norm)=0.61854;

%%%%%%%%%

TMZout0_Ka_XTMZ=32.7951122654;
MGMT_P0=2.2083237068;
k_MGMT=47.0824410664;
k_addO=0.0106372981;
k_addN=0.1326350723;
DSB_72h_fac=1.1066944823;
k_DSBO=0.0003463083;
k_DSBN=0.0000435456;
k_CyA=2.4356552257;
fVX=0.0011563926;
kf_ATR_MGMT_P=0.0000108814;
k_ATR=0.0219267224;
K_add=0.0000793631;
kd_pATR=0.0030854474;
k_Chk1=444.4475614893;
C_Chk1=0.7521406792;
pChk1_ref12_5_24h=0.0075570192;
pChk1_ref100_24h=0.0076113653;
pChk1_ref100_48h=0.0089381518;
kd_pChk1=0.0803811628;
k_cdc25=239.3715227186;
K_cdc25=1.3111546664;
kf_p53=0.0005214106;
k_p53=37.7677291171;
K_ATR=0.0004436366;
p53ser46_ref50_72h=0.0004078885;
kp_ser46=3.6203584307;
K_p53=0.5953697833;
upAsy=0.2222782445;
sness=0.0037769699;
k_apop=0.0679939687;
tED50=456.5589773257;
cell_pop_norm0_Jack_MGMT_P=73.7606958650;
k_dis=0.0166770166;

%%%%%%%%%

cost=123.4726363469;

%%%%%%%%%

