TMZout0_Ka_XTMZ(norm)=0.37791;
MGMT_P0(norm)=0.44385;
k_MGMT(norm)=0.00010;
k_addO(norm)=0.32571;
k_addN(norm)=0.62574;
DSB_72h_fac(norm)=0.42787;
k_DSBO(norm)=0.79279;
k_DSBN(norm)=0.52130;
k_CyA(norm)=0.83026;
fVX(norm)=0.00010;
kf_ATR_MGMT_P(norm)=0.47522;
k_ATR(norm)=0.32116;
K_add(norm)=0.81706;
kd_pATR(norm)=0.43431;
k_Chk1(norm)=1.00000;
C_Chk1(norm)=0.00010;
pChk1_ref12_5_24h(norm)=0.15680;
pChk1_ref100_24h(norm)=0.91750;
pChk1_ref100_48h(norm)=1.00000;
kd_pChk1(norm)=0.68605;
k_cdc25(norm)=0.37130;
K_cdc25(norm)=0.46417;
kf_p53(norm)=1.00000;
k_p53(norm)=0.76055;
K_ATR(norm)=0.22194;
p53ser46_ref50_72h(norm)=0.77434;
kp_ser46(norm)=0.87762;
K_p53(norm)=0.70194;
upAsy(norm)=0.40397;
sness(norm)=0.08287;
k_apop(norm)=0.63654;
tED50(norm)=0.22856;
cell_pop_norm0_Jack_MGMT_P(norm)=0.21147;
k_dis(norm)=0.39455;

%%%%%%%%%

TMZout0_Ka_XTMZ=33.8096051400;
MGMT_P0=1.7881803066;
k_MGMT=23.9032587359;
k_addO=0.0081713806;
k_addN=0.1185579333;
DSB_72h_fac=0.9065186803;
k_DSBO=0.0003863522;
k_DSBN=0.0000387623;
k_CyA=2.8834409570;
fVX=0.0007741765;
kf_ATR_MGMT_P=0.0000097448;
k_ATR=0.0196856350;
K_add=0.0000910377;
kd_pATR=0.0029762751;
k_Chk1=573.9700930324;
C_Chk1=0.4623057424;
pChk1_ref12_5_24h=0.0053953167;
pChk1_ref100_24h=0.0102955293;
pChk1_ref100_48h=0.0128714905;
kd_pChk1=0.0829295113;
k_cdc25=212.4328827261;
K_cdc25=1.1900536909;
kf_p53=0.0008395845;
k_p53=42.7110548081;
K_ATR=0.0003462258;
p53ser46_ref50_72h=0.0005503874;
kp_ser46=4.3132424193;
K_p53=0.6803598480;
upAsy=0.2135361167;
sness=0.0024894845;
k_apop=0.0689771112;
tED50=322.7535869910;
cell_pop_norm0_Jack_MGMT_P=75.4840833439;
k_dis=0.0138957122;

%%%%%%%%%

cost=235.7119337412;

%%%%%%%%%

