TMZout0_Ka_XTMZ(norm)=0.52158;
MGMT_P0(norm)=0.80708;
k_MGMT(norm)=0.59506;
k_addO(norm)=0.62334;
k_addN(norm)=0.58450;
DSB_72h_fac(norm)=0.69290;
k_DSBO(norm)=0.54663;
k_DSBN(norm)=0.58876;
k_CyA(norm)=0.30571;
fVX(norm)=0.82178;
kf_ATR_MGMT_P(norm)=0.60275;
k_ATR(norm)=0.46855;
K_add(norm)=0.46333;
kd_pATR(norm)=0.94288;
k_Chk1(norm)=0.39670;
C_Chk1(norm)=0.54863;
pChk1_ref12_5_24h(norm)=0.48240;
pChk1_ref100_24h(norm)=0.47574;
pChk1_ref100_48h(norm)=0.54829;
kd_pChk1(norm)=0.43432;
k_cdc25(norm)=0.55096;
K_cdc25(norm)=0.59782;
kf_p53(norm)=0.67317;
k_p53(norm)=0.44647;
K_ATR(norm)=0.36437;
p53ser46_ref50_72h(norm)=0.69547;
kp_ser46(norm)=0.72619;
K_p53(norm)=0.26431;
upAsy(norm)=0.42259;
sness(norm)=0.42474;
k_apop(norm)=0.61803;
tED50(norm)=0.57646;
cell_pop_norm0_Jack_MGMT_P(norm)=0.13213;
k_dis(norm)=0.62434;

%%%%%%%%%

TMZout0_Ka_XTMZ=34.9433381065;
MGMT_P0=2.1892889391;
k_MGMT=51.2418142588;
k_addO=0.0106884817;
k_addN=0.1441241542;
DSB_72h_fac=1.0913308123;
k_DSBO=0.0003542678;
k_DSBN=0.0000355228;
k_CyA=2.1891982196;
fVX=0.0017767862;
kf_ATR_MGMT_P=0.0000110704;
k_ATR=0.0255385536;
K_add=0.0000815839;
kd_pATR=0.0026872162;
k_Chk1=271.6915859242;
C_Chk1=0.7318625959;
pChk1_ref12_5_24h=0.0081008359;
pChk1_ref100_24h=0.0081026129;
pChk1_ref100_48h=0.0104140457;
kd_pChk1=0.0536268429;
k_cdc25=205.9282196649;
K_cdc25=1.3817787253;
kf_p53=0.0005078328;
k_p53=27.1729615232;
K_ATR=0.0004033787;
p53ser46_ref50_72h=0.0004234606;
kp_ser46=3.4821951637;
K_p53=0.4451643192;
upAsy=0.2451618954;
sness=0.0046892112;
k_apop=0.0634499448;
tED50=410.4973805204;
cell_pop_norm0_Jack_MGMT_P=73.3779951752;
k_dis=0.0162365280;

%%%%%%%%%

cost=124.6656209162;

%%%%%%%%%

