TMZout0_Ka_XTMZ(norm)=0.66867;
MGMT_P0(norm)=0.79011;
k_MGMT(norm)=0.74010;
k_addO(norm)=0.58831;
k_addN(norm)=0.77282;
DSB_72h_fac(norm)=0.55837;
k_DSBO(norm)=0.57420;
k_DSBN(norm)=0.49546;
k_CyA(norm)=0.97706;
fVX(norm)=0.62002;
kf_ATR_MGMT_P(norm)=0.58366;
k_ATR(norm)=0.70483;
K_add(norm)=0.66741;
kd_pATR(norm)=0.31932;
k_Chk1(norm)=0.55651;
C_Chk1(norm)=0.65033;
pChk1_ref12_5_24h(norm)=0.51015;
pChk1_ref100_24h(norm)=0.52643;
pChk1_ref100_48h(norm)=0.49934;
kd_pChk1(norm)=0.74189;
k_cdc25(norm)=0.39026;
K_cdc25(norm)=0.57231;
kf_p53(norm)=0.53945;
k_p53(norm)=0.58075;
K_ATR(norm)=0.68332;
p53ser46_ref50_72h(norm)=0.52781;
kp_ser46(norm)=0.48932;
K_p53(norm)=0.09223;
upAsy(norm)=0.33405;
sness(norm)=0.67209;
k_apop(norm)=0.67249;
tED50(norm)=0.35294;
cell_pop_norm0_Jack_MGMT_P(norm)=0.16469;
k_dis(norm)=0.61425;

%%%%%%%%%

TMZout0_Ka_XTMZ=36.1434859960;
MGMT_P0=2.2300652686;
k_MGMT=47.7288753474;
k_addO=0.0109427200;
k_addN=0.1638937745;
DSB_72h_fac=1.0048234176;
k_DSBO=0.0003154878;
k_DSBN=0.0000384329;
k_CyA=2.8881002464;
fVX=0.0014151207;
kf_ATR_MGMT_P=0.0000108581;
k_ATR=0.0210481395;
K_add=0.0000778020;
kd_pATR=0.0025364032;
k_Chk1=424.9862938946;
C_Chk1=0.7874762585;
pChk1_ref12_5_24h=0.0066742578;
pChk1_ref100_24h=0.0067757943;
pChk1_ref100_48h=0.0077766166;
kd_pChk1=0.0896174619;
k_cdc25=250.8374419050;
K_cdc25=1.3249753001;
kf_p53=0.0006469705;
k_p53=29.8997750531;
K_ATR=0.0003743207;
p53ser46_ref50_72h=0.0005266957;
kp_ser46=3.9243097257;
K_p53=0.5444821262;
upAsy=0.2242545542;
sness=0.0042511311;
k_apop=0.0683865006;
tED50=336.4531528494;
cell_pop_norm0_Jack_MGMT_P=74.2351106856;
k_dis=0.0166622170;

%%%%%%%%%

cost=123.8946745331;

%%%%%%%%%

