TMZout0_Ka_XTMZ(norm)=0.51544;
MGMT_P0(norm)=1.00000;
k_MGMT(norm)=0.11867;
k_addO(norm)=0.71333;
k_addN(norm)=0.36922;
DSB_72h_fac(norm)=0.52893;
k_DSBO(norm)=0.74739;
k_DSBN(norm)=0.45564;
k_CyA(norm)=0.43015;
fVX(norm)=0.55143;
kf_ATR_MGMT_P(norm)=0.68125;
k_ATR(norm)=0.61005;
K_add(norm)=0.54810;
kd_pATR(norm)=0.61673;
k_Chk1(norm)=0.28805;
C_Chk1(norm)=0.23042;
pChk1_ref12_5_24h(norm)=0.31284;
pChk1_ref100_24h(norm)=0.40397;
pChk1_ref100_48h(norm)=0.84445;
kd_pChk1(norm)=1.00000;
k_cdc25(norm)=0.01791;
K_cdc25(norm)=0.22967;
kf_p53(norm)=0.63583;
k_p53(norm)=0.97448;
K_ATR(norm)=0.57054;
p53ser46_ref50_72h(norm)=0.51906;
kp_ser46(norm)=0.38091;
K_p53(norm)=0.37733;
upAsy(norm)=0.63677;
sness(norm)=0.15721;
k_apop(norm)=0.67914;
tED50(norm)=0.70829;
cell_pop_norm0_Jack_MGMT_P(norm)=0.19543;
k_dis(norm)=0.54108;

%%%%%%%%%

TMZout0_Ka_XTMZ=34.8941260873;
MGMT_P0=2.5000000000;
k_MGMT=28.1908882764;
k_addO=0.0121654898;
k_addN=0.1164256925;
DSB_72h_fac=0.9828583558;
k_DSBO=0.0003653537;
k_DSBN=0.0000371578;
k_CyA=1.8170301357;
fVX=0.0013352240;
kf_ATR_MGMT_P=0.0000117940;
k_ATR=0.0194237868;
K_add=0.0000703215;
kd_pATR=0.0032633033;
k_Chk1=338.5213761411;
C_Chk1=0.5517255411;
pChk1_ref12_5_24h=0.0056467008;
pChk1_ref100_24h=0.0061079552;
pChk1_ref100_48h=0.0104180064;
kd_pChk1=0.1115245029;
k_cdc25=182.9677577322;
K_cdc25=0.9911165720;
kf_p53=0.0007020241;
k_p53=41.7401654569;
K_ATR=0.0003402066;
p53ser46_ref50_72h=0.0005228052;
kp_ser46=3.5799089382;
K_p53=0.6932539203;
upAsy=0.2898238919;
sness=0.0027481424;
k_apop=0.0687730703;
tED50=454.6587778751;
cell_pop_norm0_Jack_MGMT_P=75.0534787498;
k_dis=0.0156605809;

%%%%%%%%%

cost=244.7174344246;

%%%%%%%%%

