TMZout0_Ka_XTMZ(norm)=0.64600;
MGMT_P0(norm)=0.67731;
k_MGMT(norm)=0.35241;
k_addO(norm)=0.56300;
k_addN(norm)=0.69293;
DSB_72h_fac(norm)=0.64457;
k_DSBO(norm)=0.58638;
k_DSBN(norm)=0.33096;
k_CyA(norm)=0.44998;
fVX(norm)=0.31949;
kf_ATR_MGMT_P(norm)=0.46734;
k_ATR(norm)=0.55492;
K_add(norm)=0.86126;
kd_pATR(norm)=0.00010;
k_Chk1(norm)=0.13817;
C_Chk1(norm)=0.38027;
pChk1_ref12_5_24h(norm)=0.34633;
pChk1_ref100_24h(norm)=0.58431;
pChk1_ref100_48h(norm)=0.68074;
kd_pChk1(norm)=0.43149;
k_cdc25(norm)=0.47171;
K_cdc25(norm)=0.85579;
kf_p53(norm)=0.34680;
k_p53(norm)=0.92110;
K_ATR(norm)=0.38057;
p53ser46_ref50_72h(norm)=0.73007;
kp_ser46(norm)=0.67569;
K_p53(norm)=0.52529;
upAsy(norm)=0.66656;
sness(norm)=0.40479;
k_apop(norm)=0.77386;
tED50(norm)=0.62457;
cell_pop_norm0_Jack_MGMT_P(norm)=0.35381;
k_dis(norm)=0.41803;

%%%%%%%%%

TMZout0_Ka_XTMZ=35.9558765139;
MGMT_P0=2.0455562688;
k_MGMT=38.5143442748;
k_addO=0.0108665796;
k_addN=0.1660444985;
DSB_72h_fac=1.0809556990;
k_DSBO=0.0003135009;
k_DSBN=0.0000297589;
k_CyA=1.8190379280;
fVX=0.0011259850;
kf_ATR_MGMT_P=0.0000098260;
k_ATR=0.0202608349;
K_add=0.0000886024;
kd_pATR=0.0023622425;
k_Chk1=328.8593971722;
C_Chk1=0.6254387844;
pChk1_ref12_5_24h=0.0062234696;
pChk1_ref100_24h=0.0076312514;
pChk1_ref100_48h=0.0093622699;
kd_pChk1=0.0716744964;
k_cdc25=219.0757303148;
K_cdc25=1.6963714048;
kf_p53=0.0005646430;
k_p53=49.3790800329;
K_ATR=0.0003488453;
p53ser46_ref50_72h=0.0006159622;
kp_ser46=4.1514532086;
K_p53=0.5033482056;
upAsy=0.2699459874;
sness=0.0035733822;
k_apop=0.0748631535;
tED50=385.2112348281;
cell_pop_norm0_Jack_MGMT_P=79.4152712729;
k_dis=0.0140713608;

%%%%%%%%%

cost=227.2673821276;

%%%%%%%%%

