TMZout0_Ka_XTMZ(norm)=0.64566;
MGMT_P0(norm)=0.45240;
k_MGMT(norm)=0.55796;
k_addO(norm)=0.72099;
k_addN(norm)=1.00000;
DSB_72h_fac(norm)=0.95759;
k_DSBO(norm)=0.40808;
k_DSBN(norm)=0.90843;
k_CyA(norm)=1.00000;
fVX(norm)=0.38599;
kf_ATR_MGMT_P(norm)=0.82773;
k_ATR(norm)=0.51664;
K_add(norm)=0.60775;
kd_pATR(norm)=0.66406;
k_Chk1(norm)=0.76503;
C_Chk1(norm)=0.09707;
pChk1_ref12_5_24h(norm)=0.66142;
pChk1_ref100_24h(norm)=0.77489;
pChk1_ref100_48h(norm)=0.63189;
kd_pChk1(norm)=0.56567;
k_cdc25(norm)=1.00000;
K_cdc25(norm)=0.00010;
kf_p53(norm)=0.98156;
k_p53(norm)=1.00000;
K_ATR(norm)=0.17285;
p53ser46_ref50_72h(norm)=0.71391;
kp_ser46(norm)=0.62838;
K_p53(norm)=0.85107;
upAsy(norm)=0.70113;
sness(norm)=0.14294;
k_apop(norm)=0.88415;
tED50(norm)=0.00010;
cell_pop_norm0_Jack_MGMT_P(norm)=0.37248;
k_dis(norm)=0.00010;

%%%%%%%%%

TMZout0_Ka_XTMZ=35.9530390971;
MGMT_P0=1.7786225336;
k_MGMT=45.8414965999;
k_addO=0.0124230519;
k_addN=0.2153875622;
DSB_72h_fac=1.3574577456;
k_DSBO=0.0002695440;
k_DSBN=0.0000485413;
k_CyA=2.8989184694;
fVX=0.0011912561;
kf_ATR_MGMT_P=0.0000133350;
k_ATR=0.0196142132;
K_add=0.0000714763;
kd_pATR=0.0041461799;
k_Chk1=559.3475934297;
C_Chk1=0.4920087091;
pChk1_ref12_5_24h=0.0081278669;
pChk1_ref100_24h=0.0089685872;
pChk1_ref100_48h=0.0089826582;
kd_pChk1=0.0803044510;
k_cdc25=342.7608330462;
K_cdc25=0.8215711239;
kf_p53=0.0009668303;
k_p53=52.7929398346;
K_ATR=0.0002925488;
p53ser46_ref50_72h=0.0006075855;
kp_ser46=3.9883546435;
K_p53=0.6633599632;
upAsy=0.2779681004;
sness=0.0028623431;
k_apop=0.0821960944;
tED50=226.9392185870;
cell_pop_norm0_Jack_MGMT_P=79.9457569635;
k_dis=0.0098752604;

%%%%%%%%%

cost=1992.1517376144;

%%%%%%%%%

