TMZout0_Ka_XTMZ(norm)=0.10205;
MGMT_P0(norm)=0.86286;
k_MGMT(norm)=0.38548;
k_addO(norm)=0.28428;
k_addN(norm)=0.12263;
DSB_72h_fac(norm)=0.39505;
k_DSBO(norm)=0.35377;
k_DSBN(norm)=0.92457;
k_CyA(norm)=0.73519;
fVX(norm)=0.17947;
kf_ATR_MGMT_P(norm)=0.88369;
k_ATR(norm)=0.50249;
K_add(norm)=0.00010;
kd_pATR(norm)=0.74327;
k_Chk1(norm)=0.35639;
C_Chk1(norm)=0.33068;
pChk1_ref12_5_24h(norm)=0.26660;
pChk1_ref100_24h(norm)=0.53752;
pChk1_ref100_48h(norm)=0.45747;
kd_pChk1(norm)=0.03629;
k_cdc25(norm)=0.40485;
K_cdc25(norm)=0.61208;
kf_p53(norm)=1.00000;
k_p53(norm)=0.75717;
K_ATR(norm)=0.39419;
p53ser46_ref50_72h(norm)=0.99151;
kp_ser46(norm)=1.00000;
K_p53(norm)=0.43524;
upAsy(norm)=0.57248;
sness(norm)=0.73086;
k_apop(norm)=0.16707;
tED50(norm)=0.21072;
cell_pop_norm0_Jack_MGMT_P(norm)=0.25700;
k_dis(norm)=0.26050;

%%%%%%%%%

TMZout0_Ka_XTMZ=31.7348414140;
MGMT_P0=2.2956740970;
k_MGMT=39.6086252909;
k_addO=0.0085808689;
k_addN=0.1024158807;
DSB_72h_fac=0.9014792686;
k_DSBO=0.0002574206;
k_DSBN=0.0000492095;
k_CyA=2.3162826327;
fVX=0.0010000206;
kf_ATR_MGMT_P=0.0000139825;
k_ATR=0.0193804185;
K_add=0.0000427130;
kd_pATR=0.0044339888;
k_Chk1=395.6493803644;
C_Chk1=0.5997018657;
pChk1_ref12_5_24h=0.0058169046;
pChk1_ref100_24h=0.0073346341;
pChk1_ref100_48h=0.0077486287;
kd_pChk1=0.0512788780;
k_cdc25=207.0084692140;
K_cdc25=1.3798755628;
kf_p53=0.0009820586;
k_p53=42.9754333866;
K_ATR=0.0003528964;
p53ser46_ref50_72h=0.0007686975;
kp_ser46=5.4643701630;
K_p53=0.4663708560;
upAsy=0.2492614128;
sness=0.0047104711;
k_apop=0.0447698341;
tED50=271.2773377474;
cell_pop_norm0_Jack_MGMT_P=76.7198650435;
k_dis=0.0123131290;

%%%%%%%%%

cost=825.2755394490;

%%%%%%%%%

