TMZout0_Ka_XTMZ(norm)=0.13414;
MGMT_P0(norm)=0.67388;
k_MGMT(norm)=0.73184;
k_addO(norm)=0.60551;
k_addN(norm)=0.63644;
DSB_72h_fac(norm)=0.35723;
k_DSBO(norm)=0.72915;
k_DSBN(norm)=0.42269;
k_CyA(norm)=0.51607;
fVX(norm)=0.79484;
kf_ATR_MGMT_P(norm)=0.67581;
k_ATR(norm)=0.64995;
K_add(norm)=0.53283;
kd_pATR(norm)=0.52153;
k_Chk1(norm)=0.27851;
C_Chk1(norm)=0.30628;
pChk1_ref12_5_24h(norm)=0.58198;
pChk1_ref100_24h(norm)=0.63349;
pChk1_ref100_48h(norm)=0.56744;
kd_pChk1(norm)=0.21215;
k_cdc25(norm)=0.80458;
K_cdc25(norm)=0.65166;
kf_p53(norm)=0.24056;
k_p53(norm)=0.43694;
K_ATR(norm)=0.35482;
p53ser46_ref50_72h(norm)=0.37925;
kp_ser46(norm)=0.67154;
K_p53(norm)=0.05993;
upAsy(norm)=0.26179;
sness(norm)=0.37917;
k_apop(norm)=0.67451;
tED50(norm)=0.59845;
cell_pop_norm0_Jack_MGMT_P(norm)=0.39966;
k_dis(norm)=0.71037;

%%%%%%%%%

TMZout0_Ka_XTMZ=31.9695326975;
MGMT_P0=2.0933336964;
k_MGMT=47.3956884646;
k_addO=0.0111033326;
k_addN=0.1460083313;
DSB_72h_fac=0.8639551897;
k_DSBO=0.0003597502;
k_DSBN=0.0000361350;
k_CyA=1.9542430044;
fVX=0.0016410568;
kf_ATR_MGMT_P=0.0000117398;
k_ATR=0.0200918028;
K_add=0.0000694174;
kd_pATR=0.0030104045;
k_Chk1=335.7954395039;
C_Chk1=0.5883508001;
pChk1_ref12_5_24h=0.0070930563;
pChk1_ref100_24h=0.0074191629;
pChk1_ref100_48h=0.0082385329;
kd_pChk1=0.0572082179;
k_cdc25=356.3284155241;
K_cdc25=1.4171164879;
kf_p53=0.0005022284;
k_p53=26.4698022794;
K_ATR=0.0002833746;
p53ser46_ref50_72h=0.0004644013;
kp_ser46=4.5795033459;
K_p53=0.5297823249;
upAsy=0.2109364051;
sness=0.0033167891;
k_apop=0.0685036388;
tED50=414.2525843119;
cell_pop_norm0_Jack_MGMT_P=80.7246297589;
k_dis=0.0180761453;

%%%%%%%%%

cost=163.3386355516;

%%%%%%%%%

