TMZout0_Ka_XTMZ(norm)=0.40752;
MGMT_P0(norm)=0.85408;
k_MGMT(norm)=0.46941;
k_addO(norm)=0.27776;
k_addN(norm)=0.25670;
DSB_72h_fac(norm)=0.35372;
k_DSBO(norm)=0.40977;
k_DSBN(norm)=0.46521;
k_CyA(norm)=0.22258;
fVX(norm)=0.68574;
kf_ATR_MGMT_P(norm)=0.57543;
k_ATR(norm)=0.59956;
K_add(norm)=0.51550;
kd_pATR(norm)=0.43223;
k_Chk1(norm)=0.70853;
C_Chk1(norm)=0.82050;
pChk1_ref12_5_24h(norm)=0.12850;
pChk1_ref100_24h(norm)=0.64872;
pChk1_ref100_48h(norm)=0.59629;
kd_pChk1(norm)=0.72036;
k_cdc25(norm)=0.75413;
K_cdc25(norm)=0.86068;
kf_p53(norm)=0.69844;
k_p53(norm)=0.85629;
K_ATR(norm)=0.46539;
p53ser46_ref50_72h(norm)=0.73792;
kp_ser46(norm)=0.38960;
K_p53(norm)=0.72169;
upAsy(norm)=0.24981;
sness(norm)=0.46345;
k_apop(norm)=0.43959;
tED50(norm)=0.46774;
cell_pop_norm0_Jack_MGMT_P(norm)=0.21726;
k_dis(norm)=0.51005;

%%%%%%%%%

TMZout0_Ka_XTMZ=34.0402495139;
MGMT_P0=2.3090956150;
k_MGMT=37.9466729908;
k_addO=0.0084110903;
k_addN=0.1058381549;
DSB_72h_fac=0.8616806713;
k_DSBO=0.0002744572;
k_DSBN=0.0000374606;
k_CyA=1.5239829290;
fVX=0.0014961539;
kf_ATR_MGMT_P=0.0000107826;
k_ATR=0.0192520290;
K_add=0.0000684056;
kd_pATR=0.0027910305;
k_Chk1=483.4085384594;
C_Chk1=0.9096145495;
pChk1_ref12_5_24h=0.0048301671;
pChk1_ref100_24h=0.0075155249;
pChk1_ref100_48h=0.0084424564;
kd_pChk1=0.0879972308;
k_cdc25=341.4180971910;
K_cdc25=1.6916994902;
kf_p53=0.0007402685;
k_p53=37.7625820075;
K_ATR=0.0003112060;
p53ser46_ref50_72h=0.0006293282;
kp_ser46=3.6063661442;
K_p53=0.9281327770;
upAsy=0.2088048056;
sness=0.0035623018;
k_apop=0.0561395919;
tED50=370.8256733565;
cell_pop_norm0_Jack_MGMT_P=75.6401637732;
k_dis=0.0152542216;

%%%%%%%%%

cost=183.9322624691;

%%%%%%%%%

