TMZout0_Ka_XTMZ(norm)=0.59881;
MGMT_P0(norm)=0.79659;
k_MGMT(norm)=0.51669;
k_addO(norm)=0.60580;
k_addN(norm)=0.64153;
DSB_72h_fac(norm)=0.73265;
k_DSBO(norm)=0.28754;
k_DSBN(norm)=0.50975;
k_CyA(norm)=0.20079;
fVX(norm)=0.72177;
kf_ATR_MGMT_P(norm)=0.74450;
k_ATR(norm)=0.60248;
K_add(norm)=0.64027;
kd_pATR(norm)=0.54556;
k_Chk1(norm)=0.48011;
C_Chk1(norm)=0.34528;
pChk1_ref12_5_24h(norm)=0.17866;
pChk1_ref100_24h(norm)=0.34017;
pChk1_ref100_48h(norm)=0.28197;
kd_pChk1(norm)=0.39331;
k_cdc25(norm)=0.87587;
K_cdc25(norm)=0.51050;
kf_p53(norm)=0.64953;
k_p53(norm)=0.63959;
K_ATR(norm)=0.04857;
p53ser46_ref50_72h(norm)=1.00000;
kp_ser46(norm)=0.59994;
K_p53(norm)=0.83365;
upAsy(norm)=0.54870;
sness(norm)=0.64379;
k_apop(norm)=0.22355;
tED50(norm)=0.19802;
cell_pop_norm0_Jack_MGMT_P(norm)=0.47277;
k_dis(norm)=0.31393;

%%%%%%%%%

TMZout0_Ka_XTMZ=35.5684203315;
MGMT_P0=2.2030247869;
k_MGMT=44.2660580194;
k_addO=0.0112678608;
k_addN=0.1589685400;
DSB_72h_fac=1.1524994456;
k_DSBO=0.0002433745;
k_DSBN=0.0000346262;
k_CyA=1.4728054993;
fVX=0.0015833071;
kf_ATR_MGMT_P=0.0000124270;
k_ATR=0.0210939968;
K_add=0.0000734731;
kd_pATR=0.0037500705;
k_Chk1=439.3746919335;
C_Chk1=0.6071682192;
pChk1_ref12_5_24h=0.0053992434;
pChk1_ref100_24h=0.0062052350;
pChk1_ref100_48h=0.0066779658;
kd_pChk1=0.0693931393;
k_cdc25=308.5413425356;
K_cdc25=1.2660752030;
kf_p53=0.0007297480;
k_p53=38.9001912508;
K_ATR=0.0002633100;
p53ser46_ref50_72h=0.0007742483;
kp_ser46=3.8933750717;
K_p53=0.6536372399;
upAsy=0.2442898915;
sness=0.0043754643;
k_apop=0.0469640888;
tED50=268.3730009796;
cell_pop_norm0_Jack_MGMT_P=82.8573999142;
k_dis=0.0128833756;

%%%%%%%%%

cost=222.1658545763;

%%%%%%%%%

