TMZout0_Ka_XTMZ(norm)=0.33733;
MGMT_P0(norm)=0.42908;
k_MGMT(norm)=0.16032;
k_addO(norm)=0.03212;
k_addN(norm)=0.11450;
DSB_72h_fac(norm)=0.53504;
k_DSBO(norm)=0.10697;
k_DSBN(norm)=0.90921;
k_CyA(norm)=0.65974;
fVX(norm)=0.18210;
kf_ATR_MGMT_P(norm)=0.59192;
k_ATR(norm)=0.95416;
K_add(norm)=0.59188;
kd_pATR(norm)=0.43090;
k_Chk1(norm)=0.37135;
C_Chk1(norm)=0.11080;
pChk1_ref12_5_24h(norm)=0.38204;
pChk1_ref100_24h(norm)=0.65195;
pChk1_ref100_48h(norm)=0.61461;
kd_pChk1(norm)=0.89894;
k_cdc25(norm)=0.54657;
K_cdc25(norm)=0.47392;
kf_p53(norm)=0.38734;
k_p53(norm)=0.23000;
K_ATR(norm)=0.28719;
p53ser46_ref50_72h(norm)=0.69553;
kp_ser46(norm)=0.29878;
K_p53(norm)=0.63580;
upAsy(norm)=0.64163;
sness(norm)=0.78131;
k_apop(norm)=0.43726;
tED50(norm)=0.68311;
cell_pop_norm0_Jack_MGMT_P(norm)=0.51601;
k_dis(norm)=0.53210;

%%%%%%%%%

TMZout0_Ka_XTMZ=33.4961495136;
MGMT_P0=1.7530245164;
k_MGMT=32.7294005549;
k_addO=0.0069301113;
k_addN=0.1017132053;
DSB_72h_fac=0.9981452451;
k_DSBO=0.0002088465;
k_DSBN=0.0000485732;
k_CyA=2.1728454694;
fVX=0.0010022581;
kf_ATR_MGMT_P=0.0000109199;
k_ATR=0.0284163546;
K_add=0.0000705217;
kd_pATR=0.0034028840;
k_Chk1=400.6972921831;
C_Chk1=0.4977657021;
pChk1_ref12_5_24h=0.0064146245;
pChk1_ref100_24h=0.0080813655;
pChk1_ref100_48h=0.0088521155;
kd_pChk1=0.1065059300;
k_cdc25=233.4214300761;
K_cdc25=1.2274409284;
kf_p53=0.0005843741;
k_p53=27.4936915390;
K_ATR=0.0003223078;
p53ser46_ref50_72h=0.0005981942;
kp_ser46=3.0165311197;
K_p53=0.5527566690;
upAsy=0.2643029167;
sness=0.0049161842;
k_apop=0.0562871347;
tED50=404.8013682204;
cell_pop_norm0_Jack_MGMT_P=84.1449918212;
k_dis=0.0154992630;

%%%%%%%%%

cost=209.3437635254;

%%%%%%%%%

