TMZout0_Ka_XTMZ(norm)=0.59875;
MGMT_P0(norm)=0.66762;
k_MGMT(norm)=0.00972;
k_addO(norm)=0.38571;
k_addN(norm)=0.78423;
DSB_72h_fac(norm)=0.67621;
k_DSBO(norm)=0.44936;
k_DSBN(norm)=0.47894;
k_CyA(norm)=0.79158;
fVX(norm)=0.62269;
kf_ATR_MGMT_P(norm)=0.81406;
k_ATR(norm)=0.62821;
K_add(norm)=0.90952;
kd_pATR(norm)=0.04198;
k_Chk1(norm)=0.85430;
C_Chk1(norm)=0.13079;
pChk1_ref12_5_24h(norm)=0.63812;
pChk1_ref100_24h(norm)=0.65119;
pChk1_ref100_48h(norm)=1.00000;
kd_pChk1(norm)=1.00000;
k_cdc25(norm)=0.58603;
K_cdc25(norm)=0.37023;
kf_p53(norm)=0.77646;
k_p53(norm)=0.01115;
K_ATR(norm)=0.30552;
p53ser46_ref50_72h(norm)=0.58505;
kp_ser46(norm)=0.54062;
K_p53(norm)=0.61980;
upAsy(norm)=0.94133;
sness(norm)=0.73106;
k_apop(norm)=0.63098;
tED50(norm)=0.59499;
cell_pop_norm0_Jack_MGMT_P(norm)=0.10407;
k_dis(norm)=0.31381;

%%%%%%%%%

TMZout0_Ka_XTMZ=35.5679715133;
MGMT_P0=2.0462807171;
k_MGMT=24.0989619629;
k_addO=0.0085975202;
k_addN=0.1355981155;
DSB_72h_fac=1.0947299779;
k_DSBO=0.0002888068;
k_DSBN=0.0000373958;
k_CyA=2.7904709650;
fVX=0.0013120123;
kf_ATR_MGMT_P=0.0000129856;
k_ATR=0.0255350350;
K_add=0.0000984559;
kd_pATR=0.0021345328;
k_Chk1=507.3134918763;
C_Chk1=0.5164388393;
pChk1_ref12_5_24h=0.0081120509;
pChk1_ref100_24h=0.0082158237;
pChk1_ref100_48h=0.0128714905;
kd_pChk1=0.1082018424;
k_cdc25=254.8230436128;
K_cdc25=1.0990052264;
kf_p53=0.0006947127;
k_p53=22.6349460672;
K_ATR=0.0003716341;
p53ser46_ref50_72h=0.0004688297;
kp_ser46=3.2418860563;
K_p53=0.6346162602;
upAsy=0.3366729035;
sness=0.0043114771;
k_apop=0.0686530233;
tED50=440.2582418113;
cell_pop_norm0_Jack_MGMT_P=72.6470419264;
k_dis=0.0129769083;

%%%%%%%%%

cost=217.8450637158;

%%%%%%%%%

