TMZout0_Ka_XTMZ(norm)=0.45198;
MGMT_P0(norm)=0.28115;
k_MGMT(norm)=0.37413;
k_addO(norm)=0.83337;
k_addN(norm)=0.00010;
DSB_72h_fac(norm)=0.15091;
k_DSBO(norm)=0.06539;
k_DSBN(norm)=0.48082;
k_CyA(norm)=0.63567;
fVX(norm)=0.13907;
kf_ATR_MGMT_P(norm)=0.58782;
k_ATR(norm)=1.00000;
K_add(norm)=0.42388;
kd_pATR(norm)=0.73724;
k_Chk1(norm)=0.22886;
C_Chk1(norm)=0.21267;
pChk1_ref12_5_24h(norm)=0.61163;
pChk1_ref100_24h(norm)=0.64735;
pChk1_ref100_48h(norm)=0.71834;
kd_pChk1(norm)=0.73820;
k_cdc25(norm)=0.31375;
K_cdc25(norm)=0.83148;
kf_p53(norm)=0.64421;
k_p53(norm)=0.55518;
K_ATR(norm)=0.49178;
p53ser46_ref50_72h(norm)=0.31418;
kp_ser46(norm)=0.39729;
K_p53(norm)=0.58483;
upAsy(norm)=0.58328;
sness(norm)=0.71763;
k_apop(norm)=0.58705;
tED50(norm)=0.55998;
cell_pop_norm0_Jack_MGMT_P(norm)=0.47350;
k_dis(norm)=0.55221;

%%%%%%%%%

TMZout0_Ka_XTMZ=34.3894365999;
MGMT_P0=1.6904035337;
k_MGMT=35.0035470675;
k_addO=0.0134680101;
k_addN=0.0851569238;
DSB_72h_fac=0.7399428511;
k_DSBO=0.0002049994;
k_DSBN=0.0000379591;
k_CyA=2.1626627166;
fVX=0.0009414873;
kf_ATR_MGMT_P=0.0000108964;
k_ATR=0.0270288705;
K_add=0.0000632963;
kd_pATR=0.0036141344;
k_Chk1=321.9639373448;
C_Chk1=0.5434862372;
pChk1_ref12_5_24h=0.0072735281;
pChk1_ref100_24h=0.0075067855;
pChk1_ref100_48h=0.0093622495;
kd_pChk1=0.0893377551;
k_cdc25=235.0929331532;
K_cdc25=1.6503508875;
kf_p53=0.0007070258;
k_p53=29.2591194010;
K_ATR=0.0003182449;
p53ser46_ref50_72h=0.0004394902;
kp_ser46=3.6299219061;
K_p53=0.8265151181;
upAsy=0.2769819037;
sness=0.0044183593;
k_apop=0.0636106225;
tED50=400.9700993125;
cell_pop_norm0_Jack_MGMT_P=82.8790086796;
k_dis=0.0158089567;

%%%%%%%%%

cost=339.8706894801;

%%%%%%%%%

