TMZout0_Ka_XTMZ(norm)=0.54268;
MGMT_P0(norm)=0.33922;
k_MGMT(norm)=0.34566;
k_addO(norm)=0.65566;
k_addN(norm)=0.70059;
DSB_72h_fac(norm)=0.50190;
k_DSBO(norm)=0.17439;
k_DSBN(norm)=0.39687;
k_CyA(norm)=0.26573;
fVX(norm)=0.38523;
kf_ATR_MGMT_P(norm)=0.56959;
k_ATR(norm)=0.97463;
K_add(norm)=0.78684;
kd_pATR(norm)=0.58539;
k_Chk1(norm)=0.71824;
C_Chk1(norm)=0.59724;
pChk1_ref12_5_24h(norm)=0.69246;
pChk1_ref100_24h(norm)=0.75909;
pChk1_ref100_48h(norm)=0.78601;
kd_pChk1(norm)=0.26189;
k_cdc25(norm)=0.73465;
K_cdc25(norm)=0.43711;
kf_p53(norm)=0.35651;
k_p53(norm)=0.03383;
K_ATR(norm)=0.60208;
p53ser46_ref50_72h(norm)=0.12222;
kp_ser46(norm)=0.68552;
K_p53(norm)=0.99527;
upAsy(norm)=0.00010;
sness(norm)=0.67743;
k_apop(norm)=0.86491;
tED50(norm)=0.22524;
cell_pop_norm0_Jack_MGMT_P(norm)=0.00326;
k_dis(norm)=0.54931;

%%%%%%%%%

TMZout0_Ka_XTMZ=35.1130439303;
MGMT_P0=1.6789265082;
k_MGMT=32.0344145524;
k_addO=0.0108070835;
k_addN=0.1263209887;
DSB_72h_fac=0.9589625296;
k_DSBO=0.0002287847;
k_DSBN=0.0000348837;
k_CyA=1.7872178070;
fVX=0.0010728987;
kf_ATR_MGMT_P=0.0000105560;
k_ATR=0.0342462680;
K_add=0.0000887356;
kd_pATR=0.0033827146;
k_Chk1=452.0717385080;
C_Chk1=0.7667675754;
pChk1_ref12_5_24h=0.0084942634;
pChk1_ref100_24h=0.0090023408;
pChk1_ref100_48h=0.0107370203;
kd_pChk1=0.0578934023;
k_cdc25=289.0194462630;
K_cdc25=1.1630780491;
kf_p53=0.0004867152;
k_p53=23.0742585502;
K_ATR=0.0004777947;
p53ser46_ref50_72h=0.0003167400;
kp_ser46=3.6653730629;
K_p53=0.8723246539;
upAsy=0.1516554193;
sness=0.0041199654;
k_apop=0.0837026258;
tED50=321.8468441412;
cell_pop_norm0_Jack_MGMT_P=70.0813702213;
k_dis=0.0158427630;

%%%%%%%%%

cost=187.6762387116;

%%%%%%%%%

