TMZout0_Ka_XTMZ(norm)=0.14337;
MGMT_P0(norm)=0.43456;
k_MGMT(norm)=0.00010;
k_addO(norm)=0.36343;
k_addN(norm)=0.51147;
DSB_72h_fac(norm)=0.36398;
k_DSBO(norm)=0.00010;
k_DSBN(norm)=0.22956;
k_CyA(norm)=0.74402;
fVX(norm)=0.22048;
kf_ATR_MGMT_P(norm)=0.41792;
k_ATR(norm)=0.69242;
K_add(norm)=0.41364;
kd_pATR(norm)=0.63698;
k_Chk1(norm)=0.72489;
C_Chk1(norm)=0.30472;
pChk1_ref12_5_24h(norm)=0.54835;
pChk1_ref100_24h(norm)=1.00000;
pChk1_ref100_48h(norm)=0.88333;
kd_pChk1(norm)=0.65954;
k_cdc25(norm)=0.38739;
K_cdc25(norm)=0.58501;
kf_p53(norm)=0.28651;
k_p53(norm)=0.95455;
K_ATR(norm)=0.41887;
p53ser46_ref50_72h(norm)=0.48831;
kp_ser46(norm)=0.53909;
K_p53(norm)=0.63436;
upAsy(norm)=0.21652;
sness(norm)=0.87243;
k_apop(norm)=0.04699;
tED50(norm)=0.70865;
cell_pop_norm0_Jack_MGMT_P(norm)=0.17861;
k_dis(norm)=0.23354;

%%%%%%%%%

TMZout0_Ka_XTMZ=32.0373186816;
MGMT_P0=1.7590052390;
k_MGMT=28.5745592480;
k_addO=0.0091760243;
k_addN=0.1423815567;
DSB_72h_fac=0.8813256222;
k_DSBO=0.0001907665;
k_DSBN=0.0000273087;
k_CyA=2.3336814114;
fVX=0.0010353846;
kf_ATR_MGMT_P=0.0000094231;
k_ATR=0.0227641948;
K_add=0.0000606364;
kd_pATR=0.0040521293;
k_Chk1=540.6417527276;
C_Chk1=0.5866582467;
pChk1_ref12_5_24h=0.0073853261;
pChk1_ref100_24h=0.0108532287;
pChk1_ref100_48h=0.0111155024;
kd_pChk1=0.0869522711;
k_cdc25=203.9692269434;
K_cdc25=1.3485846148;
kf_p53=0.0005365239;
k_p53=50.7985364207;
K_ATR=0.0003603540;
p53ser46_ref50_72h=0.0005018676;
kp_ser46=3.6977328884;
K_p53=0.5520818395;
upAsy=0.1843620675;
sness=0.0053107708;
k_apop=0.0404385434;
tED50=413.6564442601;
cell_pop_norm0_Jack_MGMT_P=74.6045634895;
k_dis=0.0120350988;

%%%%%%%%%

cost=253.9625274382;

%%%%%%%%%

