TMZout0_Ka_XTMZ(norm)=0.33214;
MGMT_P0(norm)=1.00000;
k_MGMT(norm)=0.73972;
k_addO(norm)=0.69319;
k_addN(norm)=0.59855;
DSB_72h_fac(norm)=0.59571;
k_DSBO(norm)=0.46205;
k_DSBN(norm)=0.40575;
k_CyA(norm)=0.54255;
fVX(norm)=0.49763;
kf_ATR_MGMT_P(norm)=0.71479;
k_ATR(norm)=0.81867;
K_add(norm)=0.61547;
kd_pATR(norm)=0.66384;
k_Chk1(norm)=0.06883;
C_Chk1(norm)=0.28329;
pChk1_ref12_5_24h(norm)=0.00010;
pChk1_ref100_24h(norm)=0.00010;
pChk1_ref100_48h(norm)=0.24431;
kd_pChk1(norm)=0.32468;
k_cdc25(norm)=0.58128;
K_cdc25(norm)=0.91178;
kf_p53(norm)=0.23382;
k_p53(norm)=0.57754;
K_ATR(norm)=0.37594;
p53ser46_ref50_72h(norm)=0.38500;
kp_ser46(norm)=0.37104;
K_p53(norm)=0.94100;
upAsy(norm)=0.02597;
sness(norm)=0.72725;
k_apop(norm)=0.56505;
tED50(norm)=0.44647;
cell_pop_norm0_Jack_MGMT_P(norm)=0.40204;
k_dis(norm)=0.55111;

%%%%%%%%%

TMZout0_Ka_XTMZ=33.4562187421;
MGMT_P0=2.5000000000;
k_MGMT=53.4739120495;
k_addO=0.0121338745;
k_addN=0.1532838854;
DSB_72h_fac=1.0432003093;
k_DSBO=0.0002821568;
k_DSBN=0.0000317056;
k_CyA=1.9674494163;
fVX=0.0013094374;
kf_ATR_MGMT_P=0.0000121181;
k_ATR=0.0253344706;
K_add=0.0000719452;
kd_pATR=0.0041453809;
k_Chk1=310.0958233623;
C_Chk1=0.5760989501;
pChk1_ref12_5_24h=0.0046411643;
pChk1_ref100_24h=0.0046517778;
pChk1_ref100_48h=0.0064682183;
kd_pChk1=0.0654726890;
k_cdc25=240.3878767327;
K_cdc25=1.7787781109;
kf_p53=0.0005131003;
k_p53=36.9079727408;
K_ATR=0.0003474808;
p53ser46_ref50_72h=0.0004598070;
kp_ser46=3.2069781290;
K_p53=0.7158827104;
upAsy=0.1568751756;
sness=0.0046961016;
k_apop=0.0627234612;
tED50=331.2545026883;
cell_pop_norm0_Jack_MGMT_P=80.7932508648;
k_dis=0.0157510102;

%%%%%%%%%

cost=210.9030833687;

%%%%%%%%%

