TMZout0_Ka_XTMZ(norm)=0.79575;
MGMT_P0(norm)=0.68858;
k_MGMT(norm)=0.18472;
k_addO(norm)=0.35669;
k_addN(norm)=0.80254;
DSB_72h_fac(norm)=0.64772;
k_DSBO(norm)=0.85036;
k_DSBN(norm)=0.39189;
k_CyA(norm)=0.81252;
fVX(norm)=0.43148;
kf_ATR_MGMT_P(norm)=0.50378;
k_ATR(norm)=0.66034;
K_add(norm)=0.80799;
kd_pATR(norm)=0.49741;
k_Chk1(norm)=0.82454;
C_Chk1(norm)=0.52176;
pChk1_ref12_5_24h(norm)=0.40672;
pChk1_ref100_24h(norm)=0.55490;
pChk1_ref100_48h(norm)=0.92429;
kd_pChk1(norm)=0.37851;
k_cdc25(norm)=0.38809;
K_cdc25(norm)=0.36168;
kf_p53(norm)=0.60806;
k_p53(norm)=0.55258;
K_ATR(norm)=0.51245;
p53ser46_ref50_72h(norm)=0.12820;
kp_ser46(norm)=0.35209;
K_p53(norm)=0.05399;
upAsy(norm)=0.26713;
sness(norm)=0.52236;
k_apop(norm)=1.00000;
tED50(norm)=0.58101;
cell_pop_norm0_Jack_MGMT_P(norm)=0.50546;
k_dis(norm)=0.69090;

%%%%%%%%%

TMZout0_Ka_XTMZ=37.2135024936;
MGMT_P0=2.0722844041;
k_MGMT=27.9507467637;
k_addO=0.0083886794;
k_addN=0.1377172773;
DSB_72h_fac=1.0712938128;
k_DSBO=0.0004056625;
k_DSBN=0.0000347369;
k_CyA=2.8404214650;
fVX=0.0011157782;
kf_ATR_MGMT_P=0.0000099835;
k_ATR=0.0262397499;
K_add=0.0000903406;
kd_pATR=0.0031397242;
k_Chk1=494.6799437072;
C_Chk1=0.7192655759;
pChk1_ref12_5_24h=0.0066677560;
pChk1_ref100_24h=0.0075721257;
pChk1_ref100_48h=0.0120716974;
kd_pChk1=0.0639059360;
k_cdc25=215.4761416324;
K_cdc25=1.0910680706;
kf_p53=0.0006023394;
k_p53=35.8106511826;
K_ATR=0.0004428537;
p53ser46_ref50_72h=0.0003183506;
kp_ser46=2.7632643315;
K_p53=0.3929236503;
upAsy=0.1901602400;
sness=0.0036126679;
k_apop=0.0938532913;
tED50=435.0749520916;
cell_pop_norm0_Jack_MGMT_P=83.8290112655;
k_dis=0.0178620696;

%%%%%%%%%

cost=278.5137930365;

%%%%%%%%%

