TMZout0_Ka_XTMZ(norm)=0.35699;
MGMT_P0(norm)=0.90177;
k_MGMT(norm)=0.38666;
k_addO(norm)=0.73265;
k_addN(norm)=0.29613;
DSB_72h_fac(norm)=0.37305;
k_DSBO(norm)=0.82509;
k_DSBN(norm)=0.55171;
k_CyA(norm)=0.52789;
fVX(norm)=0.04910;
kf_ATR_MGMT_P(norm)=0.55786;
k_ATR(norm)=0.71415;
K_add(norm)=0.67265;
kd_pATR(norm)=0.61584;
k_Chk1(norm)=0.00010;
C_Chk1(norm)=0.00010;
pChk1_ref12_5_24h(norm)=0.12129;
pChk1_ref100_24h(norm)=0.20970;
pChk1_ref100_48h(norm)=0.42995;
kd_pChk1(norm)=0.34712;
k_cdc25(norm)=0.57855;
K_cdc25(norm)=0.61418;
kf_p53(norm)=1.00000;
k_p53(norm)=0.88946;
K_ATR(norm)=0.68079;
p53ser46_ref50_72h(norm)=0.37894;
kp_ser46(norm)=0.10098;
K_p53(norm)=0.34283;
upAsy(norm)=0.24563;
sness(norm)=0.60989;
k_apop(norm)=0.37588;
tED50(norm)=0.57317;
cell_pop_norm0_Jack_MGMT_P(norm)=0.55225;
k_dis(norm)=0.43733;

%%%%%%%%%

TMZout0_Ka_XTMZ=33.6476626238;
MGMT_P0=2.3698308014;
k_MGMT=35.3770547250;
k_addO=0.0123662772;
k_addN=0.1094339995;
DSB_72h_fac=0.8742809676;
k_DSBO=0.0003902142;
k_DSBN=0.0000403093;
k_CyA=1.9739045283;
fVX=0.0008723869;
kf_ATR_MGMT_P=0.0000106232;
k_ATR=0.0212150153;
K_add=0.0000781481;
kd_pATR=0.0032608337;
k_Chk1=265.2328093531;
C_Chk1=0.4539091817;
pChk1_ref12_5_24h=0.0048007728;
pChk1_ref100_24h=0.0051809432;
pChk1_ref100_48h=0.0073326027;
kd_pChk1=0.0641395952;
k_cdc25=294.2232910117;
K_cdc25=1.3728226144;
kf_p53=0.0009557765;
k_p53=38.8390004444;
K_ATR=0.0003735195;
p53ser46_ref50_72h=0.0004642803;
kp_ser46=2.8239902266;
K_p53=0.6732828070;
upAsy=0.2080679658;
sness=0.0040328922;
k_apop=0.0531897057;
tED50=405.4735940044;
cell_pop_norm0_Jack_MGMT_P=85.2396988921;
k_dis=0.0143427171;

%%%%%%%%%

cost=333.9642509477;

%%%%%%%%%

