TMZout0_Ka_XTMZ(norm)=0.93305;
MGMT_P0(norm)=1.00000;
k_MGMT(norm)=0.74407;
k_addO(norm)=0.58418;
k_addN(norm)=0.76058;
DSB_72h_fac(norm)=0.63941;
k_DSBO(norm)=0.00010;
k_DSBN(norm)=0.42129;
k_CyA(norm)=0.23696;
fVX(norm)=0.30173;
kf_ATR_MGMT_P(norm)=0.84846;
k_ATR(norm)=0.47977;
K_add(norm)=0.09710;
kd_pATR(norm)=0.33388;
k_Chk1(norm)=0.00010;
C_Chk1(norm)=0.35131;
pChk1_ref12_5_24h(norm)=0.35034;
pChk1_ref100_24h(norm)=1.00000;
pChk1_ref100_48h(norm)=0.85965;
kd_pChk1(norm)=0.26121;
k_cdc25(norm)=1.00000;
K_cdc25(norm)=0.90853;
kf_p53(norm)=0.19897;
k_p53(norm)=0.51690;
K_ATR(norm)=0.12156;
p53ser46_ref50_72h(norm)=0.64834;
kp_ser46(norm)=0.73071;
K_p53(norm)=0.52010;
upAsy(norm)=1.00000;
sness(norm)=1.00000;
k_apop(norm)=0.55994;
tED50(norm)=0.07958;
cell_pop_norm0_Jack_MGMT_P(norm)=0.30930;
k_dis(norm)=0.79388;

%%%%%%%%%

TMZout0_Ka_XTMZ=38.4051713871;
MGMT_P0=2.5000000000;
k_MGMT=53.6713434491;
k_addO=0.0110633057;
k_addN=0.1758411153;
DSB_72h_fac=1.0769040350;
k_DSBO=0.0001907665;
k_DSBN=0.0000321259;
k_CyA=1.5186362901;
fVX=0.0011091761;
kf_ATR_MGMT_P=0.0000135713;
k_ATR=0.0190108599;
K_add=0.0000463716;
kd_pATR=0.0031343401;
k_Chk1=292.5525408855;
C_Chk1=0.6102788028;
pChk1_ref12_5_24h=0.0062446255;
pChk1_ref100_24h=0.0108532287;
pChk1_ref100_48h=0.0108947107;
kd_pChk1=0.0620447695;
k_cdc25=342.7608330462;
K_cdc25=1.7738842171;
kf_p53=0.0004981689;
k_p53=35.0593972537;
K_ATR=0.0002801076;
p53ser46_ref50_72h=0.0005747481;
kp_ser46=4.3495803784;
K_p53=0.5011390302;
upAsy=0.3580746716;
sness=0.0059169975;
k_apop=0.0624525802;
tED50=242.7486209831;
cell_pop_norm0_Jack_MGMT_P=78.1643321843;
k_dis=0.0193482347;

%%%%%%%%%

cost=440.8532712621;

%%%%%%%%%

