TMZout0_Ka_XTMZ(norm)=0.19964;
MGMT_P0(norm)=0.81052;
k_MGMT(norm)=0.35532;
k_addO(norm)=0.45567;
k_addN(norm)=0.53403;
DSB_72h_fac(norm)=0.49561;
k_DSBO(norm)=0.43131;
k_DSBN(norm)=0.54394;
k_CyA(norm)=0.28830;
fVX(norm)=0.62837;
kf_ATR_MGMT_P(norm)=0.86320;
k_ATR(norm)=0.72572;
K_add(norm)=0.83500;
kd_pATR(norm)=0.01108;
k_Chk1(norm)=0.45992;
C_Chk1(norm)=0.42439;
pChk1_ref12_5_24h(norm)=0.28896;
pChk1_ref100_24h(norm)=0.93398;
pChk1_ref100_48h(norm)=1.00000;
kd_pChk1(norm)=0.46562;
k_cdc25(norm)=0.33207;
K_cdc25(norm)=0.73201;
kf_p53(norm)=0.43268;
k_p53(norm)=0.78560;
K_ATR(norm)=0.07719;
p53ser46_ref50_72h(norm)=0.45474;
kp_ser46(norm)=0.39210;
K_p53(norm)=0.50839;
upAsy(norm)=0.32235;
sness(norm)=0.24288;
k_apop(norm)=0.66732;
tED50(norm)=0.23863;
cell_pop_norm0_Jack_MGMT_P(norm)=0.65530;
k_dis(norm)=0.61904;

%%%%%%%%%

TMZout0_Ka_XTMZ=32.4538547468;
MGMT_P0=2.2472791473;
k_MGMT=33.4046327315;
k_addO=0.0093028121;
k_addN=0.1179173872;
DSB_72h_fac=0.9564264051;
k_DSBO=0.0002840882;
k_DSBN=0.0000382416;
k_CyA=1.9050816263;
fVX=0.0014753664;
kf_ATR_MGMT_P=0.0000137577;
k_ATR=0.0297061998;
K_add=0.0001003365;
kd_pATR=0.0016734175;
k_Chk1=301.7159022357;
C_Chk1=0.6559582336;
pChk1_ref12_5_24h=0.0066291817;
pChk1_ref100_24h=0.0114757364;
pChk1_ref100_48h=0.0149799251;
kd_pChk1=0.0569993431;
k_cdc25=186.5530220004;
K_cdc25=1.5759530564;
kf_p53=0.0005065222;
k_p53=38.7381849756;
K_ATR=0.0003005879;
p53ser46_ref50_72h=0.0004297026;
kp_ser46=2.8115081820;
K_p53=0.6044448820;
upAsy=0.1574162518;
sness=0.0028130982;
k_apop=0.0622918082;
tED50=282.7127736154;
cell_pop_norm0_Jack_MGMT_P=88.4312847952;
k_dis=0.0166066640;

%%%%%%%%%

cost=310.3073495777;

%%%%%%%%%

