TMZout0_Ka_XTMZ(norm)=0.40574;
MGMT_P0(norm)=0.03113;
k_MGMT(norm)=0.56041;
k_addO(norm)=0.05067;
k_addN(norm)=0.66366;
DSB_72h_fac(norm)=0.13848;
k_DSBO(norm)=1.00000;
k_DSBN(norm)=0.57143;
k_CyA(norm)=0.44545;
fVX(norm)=0.00010;
kf_ATR_MGMT_P(norm)=0.88633;
k_ATR(norm)=0.54852;
K_add(norm)=0.57577;
kd_pATR(norm)=0.36564;
k_Chk1(norm)=0.82774;
C_Chk1(norm)=0.30816;
pChk1_ref12_5_24h(norm)=0.44773;
pChk1_ref100_24h(norm)=0.60180;
pChk1_ref100_48h(norm)=0.82163;
kd_pChk1(norm)=0.10714;
k_cdc25(norm)=0.08796;
K_cdc25(norm)=0.22303;
kf_p53(norm)=0.65017;
k_p53(norm)=0.32231;
K_ATR(norm)=0.33286;
p53ser46_ref50_72h(norm)=0.60704;
kp_ser46(norm)=1.00000;
K_p53(norm)=0.48256;
upAsy(norm)=0.78084;
sness(norm)=0.38673;
k_apop(norm)=0.05530;
tED50(norm)=0.98758;
cell_pop_norm0_Jack_MGMT_P(norm)=0.00010;
k_dis(norm)=0.58758;

%%%%%%%%%

TMZout0_Ka_XTMZ=34.0262998567;
MGMT_P0=1.4497104866;
k_MGMT=39.7440742286;
k_addO=0.0066006280;
k_addN=0.1316074156;
DSB_72h_fac=0.7302726646;
k_DSBO=0.0004599560;
k_DSBN=0.0000391430;
k_CyA=2.1763970667;
fVX=0.0008663821;
kf_ATR_MGMT_P=0.0000140300;
k_ATR=0.0255647482;
K_add=0.0000805505;
kd_pATR=0.0022598202;
k_Chk1=412.0463983653;
C_Chk1=0.5944377252;
pChk1_ref12_5_24h=0.0075837766;
pChk1_ref100_24h=0.0086606117;
pChk1_ref100_48h=0.0128787079;
kd_pChk1=0.0420684803;
k_cdc25=151.6966017702;
K_cdc25=1.0238753835;
kf_p53=0.0006090164;
k_p53=26.1612368607;
K_ATR=0.0003732931;
p53ser46_ref50_72h=0.0004888890;
kp_ser46=4.7057774264;
K_p53=0.5913567982;
upAsy=0.2321473796;
sness=0.0031777490;
k_apop=0.0370870233;
tED50=533.2630185362;
cell_pop_norm0_Jack_MGMT_P=70.0024967691;
k_dis=0.0161698792;

%%%%%%%%%

cost=216.0418353832;

%%%%%%%%%

