TMZout0_Ka_XTMZ(norm)=0.53729;
MGMT_P0(norm)=0.60142;
k_MGMT(norm)=0.70786;
k_addO(norm)=0.93775;
k_addN(norm)=0.84312;
DSB_72h_fac(norm)=0.66554;
k_DSBO(norm)=0.74674;
k_DSBN(norm)=0.26365;
k_CyA(norm)=0.39955;
fVX(norm)=0.91141;
kf_ATR_MGMT_P(norm)=0.60856;
k_ATR(norm)=0.81472;
K_add(norm)=0.74419;
kd_pATR(norm)=0.30291;
k_Chk1(norm)=0.46342;
C_Chk1(norm)=0.62545;
pChk1_ref12_5_24h(norm)=0.19892;
pChk1_ref100_24h(norm)=0.38006;
pChk1_ref100_48h(norm)=0.71964;
kd_pChk1(norm)=0.72055;
k_cdc25(norm)=0.88532;
K_cdc25(norm)=0.23083;
kf_p53(norm)=0.46434;
k_p53(norm)=0.23484;
K_ATR(norm)=0.23133;
p53ser46_ref50_72h(norm)=0.44849;
kp_ser46(norm)=0.36098;
K_p53(norm)=0.51909;
upAsy(norm)=1.00000;
sness(norm)=0.56306;
k_apop(norm)=0.84977;
tED50(norm)=0.75056;
cell_pop_norm0_Jack_MGMT_P(norm)=0.24968;
k_dis(norm)=0.54714;

%%%%%%%%%

TMZout0_Ka_XTMZ=35.0696149317;
MGMT_P0=1.9512869950;
k_MGMT=52.0497401771;
k_addO=0.0149276945;
k_addN=0.1885778351;
DSB_72h_fac=1.0975739058;
k_DSBO=0.0003591278;
k_DSBN=0.0000281091;
k_CyA=1.7429549014;
fVX=0.0018592904;
kf_ATR_MGMT_P=0.0000110750;
k_ATR=0.0252496358;
K_add=0.0000802359;
kd_pATR=0.0030531799;
k_Chk1=433.2073510730;
C_Chk1=0.7698459546;
pChk1_ref12_5_24h=0.0054927505;
pChk1_ref100_24h=0.0064185420;
pChk1_ref100_48h=0.0096759738;
kd_pChk1=0.0915656895;
k_cdc25=311.0223603383;
K_cdc25=0.9989643398;
kf_p53=0.0006237751;
k_p53=27.6067955615;
K_ATR=0.0003074104;
p53ser46_ref50_72h=0.0004852176;
kp_ser46=3.1797608596;
K_p53=0.5007109440;
upAsy=0.3580746716;
sness=0.0040861813;
k_apop=0.0798361987;
tED50=428.6089918577;
cell_pop_norm0_Jack_MGMT_P=76.5198225809;
k_dis=0.0156981031;

%%%%%%%%%

cost=272.7338251152;

%%%%%%%%%

