TMZout0_Ka_XTMZ(norm)=0.58537;
MGMT_P0(norm)=1.00000;
k_MGMT(norm)=0.51783;
k_addO(norm)=0.31879;
k_addN(norm)=0.92871;
DSB_72h_fac(norm)=0.04508;
k_DSBO(norm)=0.00010;
k_DSBN(norm)=0.28632;
k_CyA(norm)=0.17833;
fVX(norm)=0.46297;
kf_ATR_MGMT_P(norm)=0.84326;
k_ATR(norm)=0.85207;
K_add(norm)=0.16484;
kd_pATR(norm)=0.37003;
k_Chk1(norm)=0.53470;
C_Chk1(norm)=0.81846;
pChk1_ref12_5_24h(norm)=0.69398;
pChk1_ref100_24h(norm)=0.70918;
pChk1_ref100_48h(norm)=0.65683;
kd_pChk1(norm)=0.93247;
k_cdc25(norm)=0.78774;
K_cdc25(norm)=0.86100;
kf_p53(norm)=0.73230;
k_p53(norm)=0.22724;
K_ATR(norm)=0.56333;
p53ser46_ref50_72h(norm)=0.53475;
kp_ser46(norm)=0.32636;
K_p53(norm)=0.28301;
upAsy(norm)=0.47480;
sness(norm)=0.00010;
k_apop(norm)=0.87248;
tED50(norm)=0.66632;
cell_pop_norm0_Jack_MGMT_P(norm)=0.24700;
k_dis(norm)=0.33955;

%%%%%%%%%

TMZout0_Ka_XTMZ=35.4588609123;
MGMT_P0=2.5000000000;
k_MGMT=39.5356609541;
k_addO=0.0087085865;
k_addN=0.1870361984;
DSB_72h_fac=0.6834134828;
k_DSBO=0.0001939667;
k_DSBN=0.0000321917;
k_CyA=1.4679069184;
fVX=0.0012388056;
kf_ATR_MGMT_P=0.0000135294;
k_ATR=0.0238446755;
K_add=0.0000508227;
kd_pATR=0.0026477484;
k_Chk1=417.2044008514;
C_Chk1=0.9080398120;
pChk1_ref12_5_24h=0.0077991622;
pChk1_ref100_24h=0.0079105730;
pChk1_ref100_48h=0.0088867609;
kd_pChk1=0.1053221301;
k_cdc25=351.2813586068;
K_cdc25=1.6921535189;
kf_p53=0.0007618109;
k_p53=22.1608593570;
K_ATR=0.0003381338;
p53ser46_ref50_72h=0.0005298017;
kp_ser46=3.4181960103;
K_p53=0.6400077672;
upAsy=0.2526572264;
sness=0.0024056203;
k_apop=0.0810145667;
tED50=438.7732547068;
cell_pop_norm0_Jack_MGMT_P=76.4468494342;
k_dis=0.0132023356;

%%%%%%%%%

cost=229.5309313626;

%%%%%%%%%

