TMZout0_Ka_XTMZ(norm)=0.32917;
MGMT_P0(norm)=0.68573;
k_MGMT(norm)=0.43525;
k_addO(norm)=0.67544;
k_addN(norm)=0.20473;
DSB_72h_fac(norm)=0.00010;
k_DSBO(norm)=0.77848;
k_DSBN(norm)=0.33262;
k_CyA(norm)=0.16773;
fVX(norm)=0.38988;
kf_ATR_MGMT_P(norm)=0.97399;
k_ATR(norm)=0.69225;
K_add(norm)=0.37269;
kd_pATR(norm)=0.52072;
k_Chk1(norm)=0.00010;
C_Chk1(norm)=0.47769;
pChk1_ref12_5_24h(norm)=0.30373;
pChk1_ref100_24h(norm)=0.48448;
pChk1_ref100_48h(norm)=0.35255;
kd_pChk1(norm)=1.00000;
k_cdc25(norm)=0.13105;
K_cdc25(norm)=0.00010;
kf_p53(norm)=0.61253;
k_p53(norm)=0.27550;
K_ATR(norm)=0.59017;
p53ser46_ref50_72h(norm)=0.39020;
kp_ser46(norm)=0.64152;
K_p53(norm)=0.85488;
upAsy(norm)=0.89005;
sness(norm)=0.14268;
k_apop(norm)=1.00000;
tED50(norm)=1.00000;
cell_pop_norm0_Jack_MGMT_P(norm)=0.42963;
k_dis(norm)=0.54872;

%%%%%%%%%

TMZout0_Ka_XTMZ=33.4334617447;
MGMT_P0=2.0562983060;
k_MGMT=41.3146021094;
k_addO=0.0119527082;
k_addN=0.1097941288;
DSB_72h_fac=0.6763120313;
k_DSBO=0.0003689170;
k_DSBN=0.0000298005;
k_CyA=1.4321186299;
fVX=0.0011951863;
kf_ATR_MGMT_P=0.0000150943;
k_ATR=0.0227609206;
K_add=0.0000585688;
kd_pATR=0.0036719703;
k_Chk1=292.5525408855;
C_Chk1=0.6792545591;
pChk1_ref12_5_24h=0.0060028230;
pChk1_ref100_24h=0.0070123059;
pChk1_ref100_48h=0.0070894962;
kd_pChk1=0.1160280820;
k_cdc25=164.1482946860;
K_cdc25=0.8215711239;
kf_p53=0.0007072275;
k_p53=28.5742915603;
K_ATR=0.0004166423;
p53ser46_ref50_72h=0.0004618356;
kp_ser46=4.0329803318;
K_p53=0.6655048421;
upAsy=0.3262226460;
sness=0.0028617258;
k_apop=0.0906739715;
tED50=529.4799787438;
cell_pop_norm0_Jack_MGMT_P=81.5922306092;
k_dis=0.0157191381;

%%%%%%%%%

cost=265.7174953471;

%%%%%%%%%

