TMZout0_Ka_XTMZ(norm)=0.25851;
MGMT_P0(norm)=1.00000;
k_MGMT(norm)=0.51231;
k_addO(norm)=0.28753;
k_addN(norm)=0.54707;
DSB_72h_fac(norm)=0.46689;
k_DSBO(norm)=0.85109;
k_DSBN(norm)=0.33339;
k_CyA(norm)=0.47128;
fVX(norm)=0.73581;
kf_ATR_MGMT_P(norm)=0.85187;
k_ATR(norm)=0.89561;
K_add(norm)=0.36281;
kd_pATR(norm)=0.45756;
k_Chk1(norm)=0.31721;
C_Chk1(norm)=0.82536;
pChk1_ref12_5_24h(norm)=0.22343;
pChk1_ref100_24h(norm)=0.36208;
pChk1_ref100_48h(norm)=0.32794;
kd_pChk1(norm)=0.80136;
k_cdc25(norm)=0.34428;
K_cdc25(norm)=0.26354;
kf_p53(norm)=0.03531;
k_p53(norm)=0.87428;
K_ATR(norm)=0.52952;
p53ser46_ref50_72h(norm)=1.00000;
kp_ser46(norm)=0.68215;
K_p53(norm)=0.29081;
upAsy(norm)=0.54902;
sness(norm)=0.59971;
k_apop(norm)=0.58634;
tED50(norm)=0.01155;
cell_pop_norm0_Jack_MGMT_P(norm)=0.49242;
k_dis(norm)=0.85924;

%%%%%%%%%

TMZout0_Ka_XTMZ=32.8954589419;
MGMT_P0=2.5000000000;
k_MGMT=44.1022959707;
k_addO=0.0086044822;
k_addN=0.1467420308;
DSB_72h_fac=0.9498573483;
k_DSBO=0.0003923241;
k_DSBN=0.0000298200;
k_CyA=1.8521664051;
fVX=0.0016022445;
kf_ATR_MGMT_P=0.0000136105;
k_ATR=0.0270409012;
K_add=0.0000580804;
kd_pATR=0.0034806480;
k_Chk1=382.7294979136;
C_Chk1=0.9119413250;
pChk1_ref12_5_24h=0.0056079943;
pChk1_ref100_24h=0.0063214849;
pChk1_ref100_48h=0.0069432250;
kd_pChk1=0.0980546667;
k_cdc25=196.6533177170;
K_cdc25=1.0270304580;
kf_p53=0.0004336627;
k_p53=47.4582881980;
K_ATR=0.0003957716;
p53ser46_ref50_72h=0.0007742483;
kp_ser46=4.1742664558;
K_p53=0.4126529618;
upAsy=0.2443568744;
sness=0.0042150497;
k_apop=0.0638652963;
tED50=229.1515690185;
cell_pop_norm0_Jack_MGMT_P=83.4400081634;
k_dis=0.0204499147;

%%%%%%%%%

cost=292.4252033954;

%%%%%%%%%

