TMZout0_Ka_XTMZ(norm)=0.56445;
MGMT_P0(norm)=0.51273;
k_MGMT(norm)=0.72428;
k_addO(norm)=0.83484;
k_addN(norm)=0.39302;
DSB_72h_fac(norm)=0.59564;
k_DSBO(norm)=0.72563;
k_DSBN(norm)=0.61388;
k_CyA(norm)=0.25375;
fVX(norm)=0.45833;
kf_ATR_MGMT_P(norm)=0.98152;
k_ATR(norm)=0.98715;
K_add(norm)=0.22338;
kd_pATR(norm)=0.76310;
k_Chk1(norm)=0.38790;
C_Chk1(norm)=0.71454;
pChk1_ref12_5_24h(norm)=0.43241;
pChk1_ref100_24h(norm)=0.43177;
pChk1_ref100_48h(norm)=0.58704;
kd_pChk1(norm)=0.61884;
k_cdc25(norm)=0.66798;
K_cdc25(norm)=0.31489;
kf_p53(norm)=0.34066;
k_p53(norm)=0.68727;
K_ATR(norm)=0.55110;
p53ser46_ref50_72h(norm)=0.76477;
kp_ser46(norm)=0.54969;
K_p53(norm)=0.00010;
upAsy(norm)=0.11752;
sness(norm)=0.47337;
k_apop(norm)=0.53588;
tED50(norm)=0.58531;
cell_pop_norm0_Jack_MGMT_P(norm)=0.34115;
k_dis(norm)=0.32789;

%%%%%%%%%

TMZout0_Ka_XTMZ=35.2890021573;
MGMT_P0=1.8466073066;
k_MGMT=52.7790677204;
k_addO=0.0136812044;
k_addN=0.1287847921;
DSB_72h_fac=1.0431476173;
k_DSBO=0.0003527595;
k_DSBN=0.0000378202;
k_CyA=1.5403950315;
fVX=0.0012665523;
kf_ATR_MGMT_P=0.0000151910;
k_ATR=0.0292217275;
K_add=0.0000516088;
kd_pATR=0.0045091028;
k_Chk1=406.3536901055;
C_Chk1=0.8302126663;
pChk1_ref12_5_24h=0.0066943075;
pChk1_ref100_24h=0.0067060011;
pChk1_ref100_48h=0.0086477072;
kd_pChk1=0.0840052057;
k_cdc25=258.7120546574;
K_cdc25=1.0727077256;
kf_p53=0.0005617154;
k_p53=40.5040917998;
K_ATR=0.0004030743;
p53ser46_ref50_72h=0.0006343393;
kp_ser46=3.7310844524;
K_p53=0.3225607171;
upAsy=0.1695276434;
sness=0.0037871585;
k_apop=0.0611925533;
tED50=372.6100270986;
cell_pop_norm0_Jack_MGMT_P=79.0573854756;
k_dis=0.0130367409;

%%%%%%%%%

cost=1409.6357680901;

%%%%%%%%%

