TMZout0_Ka_XTMZ(norm)=0.68791;
MGMT_P0(norm)=0.23978;
k_MGMT(norm)=0.53120;
k_addO(norm)=0.25768;
k_addN(norm)=0.19848;
DSB_72h_fac(norm)=0.38667;
k_DSBO(norm)=0.55814;
k_DSBN(norm)=0.58808;
k_CyA(norm)=0.85905;
fVX(norm)=0.79547;
kf_ATR_MGMT_P(norm)=1.00000;
k_ATR(norm)=0.08787;
K_add(norm)=0.32556;
kd_pATR(norm)=0.09347;
k_Chk1(norm)=0.21396;
C_Chk1(norm)=0.21060;
pChk1_ref12_5_24h(norm)=0.26968;
pChk1_ref100_24h(norm)=0.52071;
pChk1_ref100_48h(norm)=0.43990;
kd_pChk1(norm)=0.51235;
k_cdc25(norm)=0.61862;
K_cdc25(norm)=0.88672;
kf_p53(norm)=0.82729;
k_p53(norm)=0.50515;
K_ATR(norm)=0.37805;
p53ser46_ref50_72h(norm)=0.44369;
kp_ser46(norm)=0.79129;
K_p53(norm)=0.68480;
upAsy(norm)=0.35716;
sness(norm)=0.38807;
k_apop(norm)=0.99652;
tED50(norm)=0.10306;
cell_pop_norm0_Jack_MGMT_P(norm)=0.41123;
k_dis(norm)=0.66539;

%%%%%%%%%

TMZout0_Ka_XTMZ=36.3034996970;
MGMT_P0=1.6527558861;
k_MGMT=39.9863149782;
k_addO=0.0082691546;
k_addN=0.1007439300;
DSB_72h_fac=0.8832676807;
k_DSBO=0.0003112249;
k_DSBN=0.0000415706;
k_CyA=2.6132830950;
fVX=0.0016419330;
kf_ATR_MGMT_P=0.0000154510;
k_ATR=0.0124791849;
K_add=0.0000582367;
kd_pATR=0.0020946453;
k_Chk1=317.9249367527;
C_Chk1=0.5425367004;
pChk1_ref12_5_24h=0.0054439440;
pChk1_ref100_24h=0.0067430182;
pChk1_ref100_48h=0.0073946981;
kd_pChk1=0.0737776491;
k_cdc25=304.3855403690;
K_cdc25=1.7294264787;
kf_p53=0.0008256628;
k_p53=28.0446230348;
K_ATR=0.0002890081;
p53ser46_ref50_72h=0.0004904635;
kp_ser46=5.0685368524;
K_p53=0.8995740077;
upAsy=0.2286877798;
sness=0.0033418939;
k_apop=0.0899928564;
tED50=272.2540366607;
cell_pop_norm0_Jack_MGMT_P=81.0585017449;
k_dis=0.0174001600;

%%%%%%%%%

cost=270.0109497586;

%%%%%%%%%

