TMZout0_Ka_XTMZ(norm)=0.00010;
MGMT_P0(norm)=0.14685;
k_MGMT(norm)=0.57653;
k_addO(norm)=0.30427;
k_addN(norm)=0.31412;
DSB_72h_fac(norm)=0.07332;
k_DSBO(norm)=0.20319;
k_DSBN(norm)=0.68984;
k_CyA(norm)=0.00010;
fVX(norm)=0.81799;
kf_ATR_MGMT_P(norm)=0.52619;
k_ATR(norm)=0.58872;
K_add(norm)=0.77059;
kd_pATR(norm)=0.33618;
k_Chk1(norm)=0.76893;
C_Chk1(norm)=0.27913;
pChk1_ref12_5_24h(norm)=0.37070;
pChk1_ref100_24h(norm)=0.53913;
pChk1_ref100_48h(norm)=0.51481;
kd_pChk1(norm)=0.09518;
k_cdc25(norm)=1.00000;
K_cdc25(norm)=0.82859;
kf_p53(norm)=0.42415;
k_p53(norm)=0.30279;
K_ATR(norm)=0.03471;
p53ser46_ref50_72h(norm)=0.07538;
kp_ser46(norm)=0.52580;
K_p53(norm)=0.47809;
upAsy(norm)=0.58738;
sness(norm)=0.76220;
k_apop(norm)=0.62945;
tED50(norm)=0.70723;
cell_pop_norm0_Jack_MGMT_P(norm)=0.81900;
k_dis(norm)=0.46691;

%%%%%%%%%

TMZout0_Ka_XTMZ=31.0007116889;
MGMT_P0=1.5712260423;
k_MGMT=41.5519585365;
k_addO=0.0086020952;
k_addN=0.1111148756;
DSB_72h_fac=0.6980589187;
k_DSBO=0.0002303875;
k_DSBN=0.0000453141;
k_CyA=1.2621549907;
fVX=0.0016735607;
kf_ATR_MGMT_P=0.0000103420;
k_ATR=0.0190759479;
K_add=0.0000849100;
kd_pATR=0.0025728993;
k_Chk1=508.7924483891;
C_Chk1=0.5749726136;
pChk1_ref12_5_24h=0.0059304615;
pChk1_ref100_24h=0.0068490621;
pChk1_ref100_48h=0.0078792766;
kd_pChk1=0.0518105306;
k_cdc25=420.4964042201;
K_cdc25=1.6463151427;
kf_p53=0.0005867527;
k_p53=23.6257154470;
K_ATR=0.0002160567;
p53ser46_ref50_72h=0.0003589863;
kp_ser46=4.0475059589;
K_p53=0.7550430515;
upAsy=0.2779452769;
sness=0.0045884081;
k_apop=0.0659378443;
tED50=454.2509364895;
cell_pop_norm0_Jack_MGMT_P=93.7481604576;
k_dis=0.0147066981;

%%%%%%%%%

cost=375.1445249772;

%%%%%%%%%

