TMZout0_Ka_XTMZ(norm)=0.28427;
MGMT_P0(norm)=0.64609;
k_MGMT(norm)=0.91639;
k_addO(norm)=0.78062;
k_addN(norm)=0.55424;
DSB_72h_fac(norm)=0.75628;
k_DSBO(norm)=0.98985;
k_DSBN(norm)=0.73478;
k_CyA(norm)=0.25623;
fVX(norm)=0.64731;
kf_ATR_MGMT_P(norm)=0.70041;
k_ATR(norm)=0.35998;
K_add(norm)=0.64851;
kd_pATR(norm)=0.64834;
k_Chk1(norm)=0.61188;
C_Chk1(norm)=0.36486;
pChk1_ref12_5_24h(norm)=0.00010;
pChk1_ref100_24h(norm)=0.59461;
pChk1_ref100_48h(norm)=0.69902;
kd_pChk1(norm)=0.79253;
k_cdc25(norm)=0.57696;
K_cdc25(norm)=0.77725;
kf_p53(norm)=0.78041;
k_p53(norm)=0.30053;
K_ATR(norm)=0.10879;
p53ser46_ref50_72h(norm)=0.66011;
kp_ser46(norm)=0.80488;
K_p53(norm)=0.87275;
upAsy(norm)=0.49019;
sness(norm)=0.44691;
k_apop(norm)=0.49522;
tED50(norm)=0.39501;
cell_pop_norm0_Jack_MGMT_P(norm)=0.26094;
k_dis(norm)=0.37270;

%%%%%%%%%

TMZout0_Ka_XTMZ=33.0905618854;
MGMT_P0=2.0199058255;
k_MGMT=51.9553410479;
k_addO=0.0120140572;
k_addN=0.1115890215;
DSB_72h_fac=1.1633802751;
k_DSBO=0.0004565557;
k_DSBN=0.0000464479;
k_CyA=1.7728921552;
fVX=0.0013396693;
kf_ATR_MGMT_P=0.0000117935;
k_ATR=0.0203438839;
K_add=0.0000789221;
kd_pATR=0.0035680429;
k_Chk1=413.1131364539;
C_Chk1=0.6297251433;
pChk1_ref12_5_24h=0.0047244711;
pChk1_ref100_24h=0.0078312681;
pChk1_ref100_48h=0.0099741037;
kd_pChk1=0.0907593163;
k_cdc25=252.8725895887;
K_cdc25=1.5515736450;
kf_p53=0.0006970430;
k_p53=28.9244753212;
K_ATR=0.0003145732;
p53ser46_ref50_72h=0.0004996143;
kp_ser46=4.0554393118;
K_p53=0.7863060412;
upAsy=0.2297194946;
sness=0.0033889607;
k_apop=0.0611931975;
tED50=371.6384288541;
cell_pop_norm0_Jack_MGMT_P=76.8278164824;
k_dis=0.0136408160;

%%%%%%%%%

cost=225.5085791318;

%%%%%%%%%

