TMZout0_Ka_XTMZ(norm)=0.86617;
MGMT_P0(norm)=0.32173;
k_MGMT(norm)=0.80369;
k_addO(norm)=0.63253;
k_addN(norm)=0.63996;
DSB_72h_fac(norm)=0.30131;
k_DSBO(norm)=0.52477;
k_DSBN(norm)=0.21081;
k_CyA(norm)=0.90925;
fVX(norm)=0.27426;
kf_ATR_MGMT_P(norm)=0.74008;
k_ATR(norm)=0.75465;
K_add(norm)=0.43162;
kd_pATR(norm)=1.00000;
k_Chk1(norm)=0.43308;
C_Chk1(norm)=0.42610;
pChk1_ref12_5_24h(norm)=0.24008;
pChk1_ref100_24h(norm)=0.50311;
pChk1_ref100_48h(norm)=0.43135;
kd_pChk1(norm)=0.40897;
k_cdc25(norm)=0.86085;
K_cdc25(norm)=0.25187;
kf_p53(norm)=0.44381;
k_p53(norm)=0.34258;
K_ATR(norm)=0.39064;
p53ser46_ref50_72h(norm)=0.39008;
kp_ser46(norm)=0.24601;
K_p53(norm)=0.89363;
upAsy(norm)=0.10687;
sness(norm)=0.88664;
k_apop(norm)=0.00010;
tED50(norm)=0.67211;
cell_pop_norm0_Jack_MGMT_P(norm)=0.15718;
k_dis(norm)=0.42334;

%%%%%%%%%

TMZout0_Ka_XTMZ=37.8200197551;
MGMT_P0=1.6613251650;
k_MGMT=47.2238390157;
k_addO=0.0105973752;
k_addN=0.1199948010;
DSB_72h_fac=0.8234233761;
k_DSBO=0.0003078627;
k_DSBN=0.0000297958;
k_CyA=3.0830342167;
fVX=0.0009766139;
kf_ATR_MGMT_P=0.0000121965;
k_ATR=0.0284227007;
K_add=0.0000656727;
kd_pATR=0.0048065363;
k_Chk1=355.0391377890;
C_Chk1=0.6632650690;
pChk1_ref12_5_24h=0.0057897511;
pChk1_ref100_24h=0.0072470191;
pChk1_ref100_48h=0.0079502167;
kd_pChk1=0.0655764309;
k_cdc25=321.6352702005;
K_cdc25=0.9941306121;
kf_p53=0.0005240824;
k_p53=29.9736287447;
K_ATR=0.0003994270;
p53ser46_ref50_72h=0.0003974399;
kp_ser46=2.5257306465;
K_p53=0.8003399906;
upAsy=0.1660147529;
sness=0.0049189861;
k_apop=0.0402262473;
tED50=469.9894673416;
cell_pop_norm0_Jack_MGMT_P=74.0364640347;
k_dis=0.0142388583;

%%%%%%%%%

cost=224.1024228007;

%%%%%%%%%

