TMZout0_Ka_XTMZ(norm)=0.57757;
MGMT_P0(norm)=0.21551;
k_MGMT(norm)=0.86195;
k_addO(norm)=0.00010;
k_addN(norm)=0.52950;
DSB_72h_fac(norm)=0.56605;
k_DSBO(norm)=0.16621;
k_DSBN(norm)=0.35643;
k_CyA(norm)=0.79691;
fVX(norm)=0.70020;
kf_ATR_MGMT_P(norm)=0.95966;
k_ATR(norm)=0.54438;
K_add(norm)=0.63944;
kd_pATR(norm)=0.75362;
k_Chk1(norm)=0.49887;
C_Chk1(norm)=0.40699;
pChk1_ref12_5_24h(norm)=0.09291;
pChk1_ref100_24h(norm)=0.35274;
pChk1_ref100_48h(norm)=0.46056;
kd_pChk1(norm)=0.41807;
k_cdc25(norm)=0.48806;
K_cdc25(norm)=0.22387;
kf_p53(norm)=0.18869;
k_p53(norm)=0.67981;
K_ATR(norm)=0.52117;
p53ser46_ref50_72h(norm)=0.55155;
kp_ser46(norm)=1.00000;
K_p53(norm)=0.35835;
upAsy(norm)=0.35766;
sness(norm)=1.00000;
k_apop(norm)=0.20023;
tED50(norm)=0.68103;
cell_pop_norm0_Jack_MGMT_P(norm)=0.36122;
k_dis(norm)=0.40447;

%%%%%%%%%

TMZout0_Ka_XTMZ=35.3954218983;
MGMT_P0=1.6310697814;
k_MGMT=52.9199196404;
k_addO=0.0066478063;
k_addN=0.1333608034;
DSB_72h_fac=1.0106388760;
k_DSBO=0.0002232807;
k_DSBN=0.0000341620;
k_CyA=2.4792510281;
fVX=0.0015145972;
kf_ATR_MGMT_P=0.0000149318;
k_ATR=0.0183725524;
K_add=0.0000759802;
kd_pATR=0.0036646281;
k_Chk1=404.7275346874;
C_Chk1=0.6407613042;
pChk1_ref12_5_24h=0.0046867079;
pChk1_ref100_24h=0.0058485197;
pChk1_ref100_48h=0.0075253030;
kd_pChk1=0.0681136459;
k_cdc25=272.5094775292;
K_cdc25=0.9862579987;
kf_p53=0.0004806308;
k_p53=32.5179319869;
K_ATR=0.0003262683;
p53ser46_ref50_72h=0.0005373998;
kp_ser46=6.0489809884;
K_p53=0.6821998020;
upAsy=0.2287853381;
sness=0.0056126384;
k_apop=0.0458341941;
tED50=444.2774563708;
cell_pop_norm0_Jack_MGMT_P=79.6254474633;
k_dis=0.0139488443;

%%%%%%%%%

cost=274.8097206826;

%%%%%%%%%

