TMZout0_Ka_XTMZ(norm)=0.11962;
MGMT_P0(norm)=0.39434;
k_MGMT(norm)=0.85354;
k_addO(norm)=0.43648;
k_addN(norm)=1.00000;
DSB_72h_fac(norm)=0.63858;
k_DSBO(norm)=0.82030;
k_DSBN(norm)=0.58726;
k_CyA(norm)=0.45323;
fVX(norm)=0.97365;
kf_ATR_MGMT_P(norm)=0.71257;
k_ATR(norm)=0.28739;
K_add(norm)=0.51824;
kd_pATR(norm)=0.50258;
k_Chk1(norm)=0.20832;
C_Chk1(norm)=0.67672;
pChk1_ref12_5_24h(norm)=0.30011;
pChk1_ref100_24h(norm)=0.73772;
pChk1_ref100_48h(norm)=0.94824;
kd_pChk1(norm)=0.73457;
k_cdc25(norm)=0.32056;
K_cdc25(norm)=0.11155;
kf_p53(norm)=0.59831;
k_p53(norm)=0.34021;
K_ATR(norm)=0.26933;
p53ser46_ref50_72h(norm)=0.22363;
kp_ser46(norm)=0.21404;
K_p53(norm)=0.52882;
upAsy(norm)=0.33360;
sness(norm)=0.86719;
k_apop(norm)=0.99710;
tED50(norm)=0.41474;
cell_pop_norm0_Jack_MGMT_P(norm)=0.30083;
k_dis(norm)=0.43756;

%%%%%%%%%

TMZout0_Ka_XTMZ=31.8631217907;
MGMT_P0=1.7155687569;
k_MGMT=58.8880187170;
k_addO=0.0097619663;
k_addN=0.2153875622;
DSB_72h_fac=1.0762535572;
k_DSBO=0.0003822225;
k_DSBN=0.0000369765;
k_CyA=1.8240470574;
fVX=0.0019599692;
kf_ATR_MGMT_P=0.0000120953;
k_ATR=0.0161514920;
K_add=0.0000662555;
kd_pATR=0.0036159832;
k_Chk1=348.9997724816;
C_Chk1=0.8040301619;
pChk1_ref12_5_24h=0.0059844296;
pChk1_ref100_24h=0.0086905494;
pChk1_ref100_48h=0.0117439973;
kd_pChk1=0.0926600642;
k_cdc25=192.7407417744;
K_cdc25=0.9029313145;
kf_p53=0.0006987565;
k_p53=30.1848099970;
K_ATR=0.0003174681;
p53ser46_ref50_72h=0.0004010457;
kp_ser46=2.8075270788;
K_p53=0.5048552754;
upAsy=0.2035891149;
sness=0.0052872539;
k_apop=0.0904510989;
tED50=322.4678659546;
cell_pop_norm0_Jack_MGMT_P=77.9287049611;
k_dis=0.0143061724;

%%%%%%%%%

cost=238.6754590815;

%%%%%%%%%

