TMZout0_Ka_XTMZ(norm)=0.21744;
MGMT_P0(norm)=0.62892;
k_MGMT(norm)=0.36283;
k_addO(norm)=0.52939;
k_addN(norm)=0.24203;
DSB_72h_fac(norm)=0.41976;
k_DSBO(norm)=0.41756;
k_DSBN(norm)=0.55062;
k_CyA(norm)=0.35370;
fVX(norm)=0.70005;
kf_ATR_MGMT_P(norm)=0.63968;
k_ATR(norm)=0.73744;
K_add(norm)=0.75931;
kd_pATR(norm)=0.21548;
k_Chk1(norm)=0.31464;
C_Chk1(norm)=0.31217;
pChk1_ref12_5_24h(norm)=0.25618;
pChk1_ref100_24h(norm)=0.39845;
pChk1_ref100_48h(norm)=0.54379;
kd_pChk1(norm)=0.27533;
k_cdc25(norm)=0.39892;
K_cdc25(norm)=0.45331;
kf_p53(norm)=0.85073;
k_p53(norm)=0.91056;
K_ATR(norm)=0.68482;
p53ser46_ref50_72h(norm)=0.99825;
kp_ser46(norm)=0.83243;
K_p53(norm)=0.56111;
upAsy(norm)=0.53130;
sness(norm)=0.67346;
k_apop(norm)=0.99885;
tED50(norm)=0.14438;
cell_pop_norm0_Jack_MGMT_P(norm)=0.50884;
k_dis(norm)=0.56227;

%%%%%%%%%

TMZout0_Ka_XTMZ=32.5867423514;
MGMT_P0=1.9849411310;
k_MGMT=38.8558317640;
k_addO=0.0105615067;
k_addN=0.1133194929;
DSB_72h_fac=0.9178350490;
k_DSBO=0.0002717175;
k_DSBN=0.0000358463;
k_CyA=1.6765338080;
fVX=0.0015544345;
kf_ATR_MGMT_P=0.0000113709;
k_ATR=0.0236493391;
K_add=0.0000812700;
kd_pATR=0.0028351687;
k_Chk1=381.8991706870;
C_Chk1=0.5903708036;
pChk1_ref12_5_24h=0.0057657717;
pChk1_ref100_24h=0.0065193043;
pChk1_ref100_48h=0.0083365765;
kd_pChk1=0.0627917231;
k_cdc25=205.9713830098;
K_cdc25=1.2061924982;
kf_p53=0.0008653847;
k_p53=48.9401894693;
K_ATR=0.0004514320;
p53ser46_ref50_72h=0.0007730984;
kp_ser46=4.7410802956;
K_p53=0.5188583302;
upAsy=0.2407158511;
sness=0.0044868744;
k_apop=0.0905855846;
tED50=256.4493679200;
cell_pop_norm0_Jack_MGMT_P=83.9301923568;
k_dis=0.0159006197;

%%%%%%%%%

cost=254.9872438291;

%%%%%%%%%

