TMZout0_Ka_XTMZ(norm)=0.33071;
MGMT_P0(norm)=0.26674;
k_MGMT(norm)=0.30057;
k_addO(norm)=0.28854;
k_addN(norm)=0.77409;
DSB_72h_fac(norm)=0.53192;
k_DSBO(norm)=0.56214;
k_DSBN(norm)=0.26093;
k_CyA(norm)=0.75108;
fVX(norm)=0.80911;
kf_ATR_MGMT_P(norm)=0.65041;
k_ATR(norm)=1.00000;
K_add(norm)=1.00000;
kd_pATR(norm)=0.46261;
k_Chk1(norm)=0.82200;
C_Chk1(norm)=0.58283;
pChk1_ref12_5_24h(norm)=0.17775;
pChk1_ref100_24h(norm)=0.64472;
pChk1_ref100_48h(norm)=0.69000;
kd_pChk1(norm)=0.19844;
k_cdc25(norm)=0.49489;
K_cdc25(norm)=0.84806;
kf_p53(norm)=0.72873;
k_p53(norm)=0.23749;
K_ATR(norm)=0.56200;
p53ser46_ref50_72h(norm)=0.43808;
kp_ser46(norm)=0.47508;
K_p53(norm)=0.09470;
upAsy(norm)=0.57260;
sness(norm)=0.44959;
k_apop(norm)=0.62746;
tED50(norm)=0.85729;
cell_pop_norm0_Jack_MGMT_P(norm)=0.44884;
k_dis(norm)=0.44292;

%%%%%%%%%

TMZout0_Ka_XTMZ=33.4452463502;
MGMT_P0=1.5847268386;
k_MGMT=36.8591362601;
k_addO=0.0086118346;
k_addN=0.1778658014;
DSB_72h_fac=0.9958828694;
k_DSBO=0.0003071287;
k_DSBN=0.0000280444;
k_CyA=2.3476842811;
fVX=0.0017049187;
kf_ATR_MGMT_P=0.0000114748;
k_ATR=0.0295416857;
K_add=0.0000996552;
kd_pATR=0.0034955649;
k_Chk1=587.0072541008;
C_Chk1=0.7425436908;
pChk1_ref12_5_24h=0.0053950934;
pChk1_ref100_24h=0.0080319947;
pChk1_ref100_48h=0.0094360242;
kd_pChk1=0.0588311985;
k_cdc25=223.4195719242;
K_cdc25=1.6852850890;
kf_p53=0.0007803997;
k_p53=27.6687958942;
K_ATR=0.0004068147;
p53ser46_ref50_72h=0.0004809579;
kp_ser46=3.5025277336;
K_p53=0.3494788209;
upAsy=0.2492880591;
sness=0.0037116171;
k_apop=0.0661298398;
tED50=469.1741282950;
cell_pop_norm0_Jack_MGMT_P=82.1530088045;
k_dis=0.0143713567;

%%%%%%%%%

cost=236.7767400650;

%%%%%%%%%

