TMZout0_Ka_XTMZ(norm)=0.71429;
MGMT_P0(norm)=0.06936;
k_MGMT(norm)=0.44827;
k_addO(norm)=0.49810;
k_addN(norm)=0.38721;
DSB_72h_fac(norm)=0.59524;
k_DSBO(norm)=0.37194;
k_DSBN(norm)=0.49777;
k_CyA(norm)=0.76710;
fVX(norm)=0.62494;
kf_ATR_MGMT_P(norm)=0.91572;
k_ATR(norm)=0.58106;
K_add(norm)=0.77072;
kd_pATR(norm)=0.33373;
k_Chk1(norm)=0.16560;
C_Chk1(norm)=0.79186;
pChk1_ref12_5_24h(norm)=0.36652;
pChk1_ref100_24h(norm)=0.72470;
pChk1_ref100_48h(norm)=0.86405;
kd_pChk1(norm)=0.42832;
k_cdc25(norm)=0.89037;
K_cdc25(norm)=0.21081;
kf_p53(norm)=0.34812;
k_p53(norm)=0.32006;
K_ATR(norm)=0.39942;
p53ser46_ref50_72h(norm)=0.24542;
kp_ser46(norm)=0.86079;
K_p53(norm)=0.35233;
upAsy(norm)=0.30075;
sness(norm)=0.81239;
k_apop(norm)=0.22377;
tED50(norm)=0.60739;
cell_pop_norm0_Jack_MGMT_P(norm)=0.14704;
k_dis(norm)=0.65366;

%%%%%%%%%

TMZout0_Ka_XTMZ=36.5239918850;
MGMT_P0=1.5063252614;
k_MGMT=37.2727796799;
k_addO=0.0101374563;
k_addN=0.1182139463;
DSB_72h_fac=1.0330383081;
k_DSBO=0.0002657993;
k_DSBN=0.0000385082;
k_CyA=2.4174041286;
fVX=0.0014210275;
kf_ATR_MGMT_P=0.0000143861;
k_ATR=0.0189525011;
K_add=0.0000849196;
kd_pATR=0.0025675651;
k_Chk1=305.1601266799;
C_Chk1=0.8878064354;
pChk1_ref12_5_24h=0.0059094706;
pChk1_ref100_24h=0.0080152549;
pChk1_ref100_48h=0.0105924808;
kd_pChk1=0.0687078027;
k_cdc25=383.1954680312;
K_cdc25=0.9754022657;
kf_p53=0.0005501498;
k_p53=23.9740070805;
K_ATR=0.0002942901;
p53ser46_ref50_72h=0.0004146156;
kp_ser46=5.3759841620;
K_p53=0.6787273982;
upAsy=0.2180157422;
sness=0.0047877573;
k_apop=0.0467577217;
tED50=417.4043106533;
cell_pop_norm0_Jack_MGMT_P=73.7692780829;
k_dis=0.0172281107;

%%%%%%%%%

cost=223.3777709330;

%%%%%%%%%

