TMZout0_Ka_XTMZ(norm)=0.46388;
MGMT_P0(norm)=0.54027;
k_MGMT(norm)=0.47827;
k_addO(norm)=1.00000;
k_addN(norm)=0.00010;
DSB_72h_fac(norm)=0.50948;
k_DSBO(norm)=0.61997;
k_DSBN(norm)=0.83672;
k_CyA(norm)=0.45988;
fVX(norm)=0.43884;
kf_ATR_MGMT_P(norm)=0.63762;
k_ATR(norm)=0.24256;
K_add(norm)=0.65326;
kd_pATR(norm)=0.00010;
k_Chk1(norm)=0.87802;
C_Chk1(norm)=0.58661;
pChk1_ref12_5_24h(norm)=0.36121;
pChk1_ref100_24h(norm)=0.56448;
pChk1_ref100_48h(norm)=0.53005;
kd_pChk1(norm)=0.87807;
k_cdc25(norm)=0.73905;
K_cdc25(norm)=0.50552;
kf_p53(norm)=1.00000;
k_p53(norm)=0.43143;
K_ATR(norm)=0.36795;
p53ser46_ref50_72h(norm)=0.94642;
kp_ser46(norm)=0.57651;
K_p53(norm)=0.11684;
upAsy(norm)=0.00010;
sness(norm)=0.17954;
k_apop(norm)=0.59019;
tED50(norm)=0.52238;
cell_pop_norm0_Jack_MGMT_P(norm)=0.45523;
k_dis(norm)=0.35010;

%%%%%%%%%

TMZout0_Ka_XTMZ=34.4835114614;
MGMT_P0=1.8784970556;
k_MGMT=42.8484005361;
k_addO=0.0157361294;
k_addN=0.0923167769;
DSB_72h_fac=0.9797540191;
k_DSBO=0.0003225534;
k_DSBN=0.0000456796;
k_CyA=1.8343617438;
fVX=0.0012458099;
kf_ATR_MGMT_P=0.0000113511;
k_ATR=0.0155493959;
K_add=0.0000742862;
kd_pATR=0.0023622425;
k_Chk1=615.5423169854;
C_Chk1=0.7449285630;
pChk1_ref12_5_24h=0.0063023900;
pChk1_ref100_24h=0.0075040634;
pChk1_ref100_48h=0.0082400554;
kd_pChk1=0.1046398613;
k_cdc25=274.7680199488;
K_cdc25=1.2607443008;
kf_p53=0.0009820586;
k_p53=32.6104668417;
K_ATR=0.0003451357;
p53ser46_ref50_72h=0.0007398820;
kp_ser46=3.8168599870;
K_p53=0.3560981171;
upAsy=0.1534735768;
sness=0.0029525043;
k_apop=0.0640742517;
tED50=353.2609665775;
cell_pop_norm0_Jack_MGMT_P=82.3405474659;
k_dis=0.0132843514;

%%%%%%%%%

cost=418.1119509935;

%%%%%%%%%

