TMZout0_Ka_XTMZ(norm)=0.58899;
MGMT_P0(norm)=0.94018;
k_MGMT(norm)=0.74325;
k_addO(norm)=0.66279;
k_addN(norm)=0.85959;
DSB_72h_fac(norm)=0.56511;
k_DSBO(norm)=0.47150;
k_DSBN(norm)=0.56721;
k_CyA(norm)=0.87559;
fVX(norm)=0.58598;
kf_ATR_MGMT_P(norm)=0.59884;
k_ATR(norm)=0.39112;
K_add(norm)=0.57339;
kd_pATR(norm)=0.40990;
k_Chk1(norm)=0.47975;
C_Chk1(norm)=0.56100;
pChk1_ref12_5_24h(norm)=0.59831;
pChk1_ref100_24h(norm)=0.59658;
pChk1_ref100_48h(norm)=0.67839;
kd_pChk1(norm)=0.30804;
k_cdc25(norm)=0.66462;
K_cdc25(norm)=0.53355;
kf_p53(norm)=0.61795;
k_p53(norm)=0.78807;
K_ATR(norm)=0.60033;
p53ser46_ref50_72h(norm)=0.58387;
kp_ser46(norm)=0.69507;
K_p53(norm)=0.36253;
upAsy(norm)=0.32955;
sness(norm)=0.68991;
k_apop(norm)=0.63785;
tED50(norm)=0.25107;
cell_pop_norm0_Jack_MGMT_P(norm)=0.16348;
k_dis(norm)=0.61493;

%%%%%%%%%

TMZout0_Ka_XTMZ=35.4883544955;
MGMT_P0=2.4172856624;
k_MGMT=46.4037045980;
k_addO=0.0110873991;
k_addN=0.1553732023;
DSB_72h_fac=1.0079818798;
k_DSBO=0.0002939273;
k_DSBN=0.0000390030;
k_CyA=3.1334500128;
fVX=0.0014233074;
kf_ATR_MGMT_P=0.0000109968;
k_ATR=0.0223728171;
K_add=0.0000803881;
kd_pATR=0.0023461702;
k_Chk1=306.8276023731;
C_Chk1=0.7364565513;
pChk1_ref12_5_24h=0.0086158199;
pChk1_ref100_24h=0.0086223811;
pChk1_ref100_48h=0.0114067909;
kd_pChk1=0.0498750719;
k_cdc25=247.2710747932;
K_cdc25=1.3320264310;
kf_p53=0.0005926180;
k_p53=38.8193284935;
K_ATR=0.0004682460;
p53ser46_ref50_72h=0.0004793872;
kp_ser46=3.6343319557;
K_p53=0.5341720295;
upAsy=0.1583797072;
sness=0.0041084841;
k_apop=0.0607558799;
tED50=285.7073283702;
cell_pop_norm0_Jack_MGMT_P=74.2028820498;
k_dis=0.0165489598;

%%%%%%%%%

cost=124.6525321939;

%%%%%%%%%

