TMZout0_Ka_XTMZ(norm)=0.63654;
MGMT_P0(norm)=0.95876;
k_MGMT(norm)=0.28194;
k_addO(norm)=0.55563;
k_addN(norm)=0.89264;
DSB_72h_fac(norm)=0.79187;
k_DSBO(norm)=0.77597;
k_DSBN(norm)=0.91709;
k_CyA(norm)=0.59148;
fVX(norm)=0.58691;
kf_ATR_MGMT_P(norm)=0.59179;
k_ATR(norm)=0.73337;
K_add(norm)=0.69014;
kd_pATR(norm)=0.59757;
k_Chk1(norm)=0.31716;
C_Chk1(norm)=0.59429;
pChk1_ref12_5_24h(norm)=0.23274;
pChk1_ref100_24h(norm)=0.23144;
pChk1_ref100_48h(norm)=0.25358;
kd_pChk1(norm)=0.87526;
k_cdc25(norm)=0.36004;
K_cdc25(norm)=0.60463;
kf_p53(norm)=0.48165;
k_p53(norm)=0.54837;
K_ATR(norm)=0.67756;
p53ser46_ref50_72h(norm)=0.50544;
kp_ser46(norm)=0.55058;
K_p53(norm)=0.74914;
upAsy(norm)=0.58671;
sness(norm)=0.56581;
k_apop(norm)=0.72188;
tED50(norm)=0.62806;
cell_pop_norm0_Jack_MGMT_P(norm)=0.19062;
k_dis(norm)=0.62094;

%%%%%%%%%

TMZout0_Ka_XTMZ=35.8778938792;
MGMT_P0=2.4367233481;
k_MGMT=36.2819967954;
k_addO=0.0107989021;
k_addN=0.1966601607;
DSB_72h_fac=1.2032504380;
k_DSBO=0.0003681337;
k_DSBN=0.0000488986;
k_CyA=2.0507401310;
fVX=0.0014123421;
kf_ATR_MGMT_P=0.0000109187;
k_ATR=0.0235679238;
K_add=0.0000766443;
kd_pATR=0.0039190500;
k_Chk1=382.7127509248;
C_Chk1=0.7497892593;
pChk1_ref12_5_24h=0.0056523837;
pChk1_ref100_24h=0.0056590842;
pChk1_ref100_48h=0.0065192485;
kd_pChk1=0.1043906437;
k_cdc25=199.2969956556;
K_cdc25=1.3711942586;
kf_p53=0.0006329871;
k_p53=36.0070893482;
K_ATR=0.0004486617;
p53ser46_ref50_72h=0.0005092057;
kp_ser46=3.7339170170;
K_p53=0.6084737108;
upAsy=0.2522856357;
sness=0.0040956992;
k_apop=0.0716373119;
tED50=386.3533387270;
cell_pop_norm0_Jack_MGMT_P=74.9246637318;
k_dis=0.0167109797;

%%%%%%%%%

cost=123.4577277059;

%%%%%%%%%

