TMZout0_Ka_XTMZ(norm)=0.36206;
MGMT_P0(norm)=0.80598;
k_MGMT(norm)=0.39667;
k_addO(norm)=0.86130;
k_addN(norm)=0.74385;
DSB_72h_fac(norm)=0.61318;
k_DSBO(norm)=0.53429;
k_DSBN(norm)=0.67766;
k_CyA(norm)=0.80954;
fVX(norm)=0.45971;
kf_ATR_MGMT_P(norm)=0.38221;
k_ATR(norm)=0.61951;
K_add(norm)=1.00000;
kd_pATR(norm)=0.88264;
k_Chk1(norm)=0.37511;
C_Chk1(norm)=0.68038;
pChk1_ref12_5_24h(norm)=0.21293;
pChk1_ref100_24h(norm)=0.37278;
pChk1_ref100_48h(norm)=0.78896;
kd_pChk1(norm)=0.32980;
k_cdc25(norm)=0.61608;
K_cdc25(norm)=0.41971;
kf_p53(norm)=0.44885;
k_p53(norm)=0.48410;
K_ATR(norm)=0.19553;
p53ser46_ref50_72h(norm)=0.50310;
kp_ser46(norm)=0.48559;
K_p53(norm)=0.00010;
upAsy(norm)=0.22468;
sness(norm)=0.64471;
k_apop(norm)=0.94879;
tED50(norm)=0.64180;
cell_pop_norm0_Jack_MGMT_P(norm)=0.57805;
k_dis(norm)=0.33526;

%%%%%%%%%

TMZout0_Ka_XTMZ=33.6868223739;
MGMT_P0=2.2241776576;
k_MGMT=33.4490764967;
k_addO=0.0128640928;
k_addN=0.1310365681;
DSB_72h_fac=1.0435451921;
k_DSBO=0.0003103548;
k_DSBN=0.0000442535;
k_CyA=2.8332604655;
fVX=0.0011427863;
kf_ATR_MGMT_P=0.0000090064;
k_ATR=0.0253474498;
K_add=0.0001063010;
kd_pATR=0.0043515880;
k_Chk1=338.0228699645;
C_Chk1=0.8227306142;
pChk1_ref12_5_24h=0.0056581077;
pChk1_ref100_24h=0.0064893526;
pChk1_ref100_48h=0.0107639506;
kd_pChk1=0.0613219304;
k_cdc25=261.3930023872;
K_cdc25=1.1460555881;
kf_p53=0.0005263234;
k_p53=33.7920248596;
K_ATR=0.0003385649;
p53ser46_ref50_72h=0.0004373795;
kp_ser46=3.0941947414;
K_p53=0.3753853031;
upAsy=0.1834415528;
sness=0.0040072877;
k_apop=0.0898678477;
tED50=458.0733823669;
cell_pop_norm0_Jack_MGMT_P=86.0279300531;
k_dis=0.0132148692;

%%%%%%%%%

cost=298.0886888441;

%%%%%%%%%

