TMZout0_Ka_XTMZ(norm)=0.16640;
MGMT_P0(norm)=0.68108;
k_MGMT(norm)=0.96462;
k_addO(norm)=0.57261;
k_addN(norm)=0.51418;
DSB_72h_fac(norm)=0.82073;
k_DSBO(norm)=0.72946;
k_DSBN(norm)=0.92790;
k_CyA(norm)=0.41026;
fVX(norm)=0.46433;
kf_ATR_MGMT_P(norm)=0.60412;
k_ATR(norm)=0.56385;
K_add(norm)=0.62830;
kd_pATR(norm)=0.82333;
k_Chk1(norm)=0.53759;
C_Chk1(norm)=0.61411;
pChk1_ref12_5_24h(norm)=0.72785;
pChk1_ref100_24h(norm)=0.72795;
pChk1_ref100_48h(norm)=0.76283;
kd_pChk1(norm)=0.35792;
k_cdc25(norm)=0.56824;
K_cdc25(norm)=0.60254;
kf_p53(norm)=0.30732;
k_p53(norm)=0.63048;
K_ATR(norm)=0.56194;
p53ser46_ref50_72h(norm)=0.30183;
kp_ser46(norm)=0.62620;
K_p53(norm)=0.19333;
upAsy(norm)=0.28065;
sness(norm)=0.24791;
k_apop(norm)=0.59319;
tED50(norm)=0.88122;
cell_pop_norm0_Jack_MGMT_P(norm)=0.16470;
k_dis(norm)=0.61977;

%%%%%%%%%

TMZout0_Ka_XTMZ=32.2071429707;
MGMT_P0=2.1015577846;
k_MGMT=57.7295548164;
k_addO=0.0107980962;
k_addN=0.1316407429;
DSB_72h_fac=1.2236518514;
k_DSBO=0.0003598434;
k_DSBN=0.0000554410;
k_CyA=1.7866597993;
fVX=0.0012402357;
kf_ATR_MGMT_P=0.0000110479;
k_ATR=0.0186782315;
K_add=0.0000752661;
kd_pATR=0.0038876115;
k_Chk1=418.2269109223;
C_Chk1=0.7636791339;
pChk1_ref12_5_24h=0.0080262270;
pChk1_ref100_24h=0.0080373658;
pChk1_ref100_48h=0.0097219189;
kd_pChk1=0.0647293343;
k_cdc25=291.6639823669;
K_cdc25=1.3593539911;
kf_p53=0.0005314545;
k_p53=31.1867327807;
K_ATR=0.0003377361;
p53ser46_ref50_72h=0.0004349169;
kp_ser46=4.4068882729;
K_p53=0.5931807643;
upAsy=0.2143327230;
sness=0.0029676672;
k_apop=0.0639424733;
tED50=526.4047765987;
cell_pop_norm0_Jack_MGMT_P=74.2353250706;
k_dis=0.0167403968;

%%%%%%%%%

cost=123.7450045045;

%%%%%%%%%

