TMZout0_Ka_XTMZ(norm)=0.82733;
MGMT_P0(norm)=0.52134;
k_MGMT(norm)=0.57052;
k_addO(norm)=0.54416;
k_addN(norm)=0.53796;
DSB_72h_fac(norm)=0.42950;
k_DSBO(norm)=0.17800;
k_DSBN(norm)=0.29402;
k_CyA(norm)=0.31525;
fVX(norm)=0.82956;
kf_ATR_MGMT_P(norm)=0.58191;
k_ATR(norm)=0.90177;
K_add(norm)=0.61085;
kd_pATR(norm)=0.81760;
k_Chk1(norm)=0.34840;
C_Chk1(norm)=0.76736;
pChk1_ref12_5_24h(norm)=0.43209;
pChk1_ref100_24h(norm)=0.51183;
pChk1_ref100_48h(norm)=0.95634;
kd_pChk1(norm)=0.19447;
k_cdc25(norm)=0.70647;
K_cdc25(norm)=0.77993;
kf_p53(norm)=0.63757;
k_p53(norm)=0.91300;
K_ATR(norm)=0.77252;
p53ser46_ref50_72h(norm)=0.73521;
kp_ser46(norm)=0.74831;
K_p53(norm)=0.54412;
upAsy(norm)=0.54501;
sness(norm)=0.08774;
k_apop(norm)=1.00000;
tED50(norm)=0.23403;
cell_pop_norm0_Jack_MGMT_P(norm)=0.51067;
k_dis(norm)=0.50531;

%%%%%%%%%

TMZout0_Ka_XTMZ=37.4842332477;
MGMT_P0=1.8565152237;
k_MGMT=46.3318218171;
k_addO=0.0106944573;
k_addN=0.1456136723;
DSB_72h_fac=0.9243611111;
k_DSBO=0.0002218010;
k_DSBN=0.0000288417;
k_CyA=1.6227990511;
fVX=0.0017347216;
kf_ATR_MGMT_P=0.0000108277;
k_ATR=0.0271824349;
K_add=0.0000716642;
kd_pATR=0.0047221978;
k_Chk1=392.9799827900;
C_Chk1=0.8682068695;
pChk1_ref12_5_24h=0.0066924920;
pChk1_ref100_24h=0.0071767038;
pChk1_ref100_48h=0.0118248870;
kd_pChk1=0.0586336845;
k_cdc25=267.2884887227;
K_cdc25=1.5907612295;
kf_p53=0.0007223900;
k_p53=49.0411178813;
K_ATR=0.0004862516;
p53ser46_ref50_72h=0.0006186474;
kp_ser46=4.4149355046;
K_p53=0.5114439421;
upAsy=0.2435272381;
sness=0.0027315671;
k_apop=0.0906739715;
tED50=276.6886504898;
cell_pop_norm0_Jack_MGMT_P=83.9851147065;
k_dis=0.0151514447;

%%%%%%%%%

cost=252.4183887043;

%%%%%%%%%

