TMZout0_Ka_XTMZ(norm)=0.71664;
MGMT_P0(norm)=0.41542;
k_MGMT(norm)=0.33687;
k_addO(norm)=0.88093;
k_addN(norm)=0.58487;
DSB_72h_fac(norm)=0.77006;
k_DSBO(norm)=0.30964;
k_DSBN(norm)=0.54133;
k_CyA(norm)=0.14423;
fVX(norm)=0.79554;
kf_ATR_MGMT_P(norm)=0.42889;
k_ATR(norm)=0.36862;
K_add(norm)=0.62748;
kd_pATR(norm)=0.35635;
k_Chk1(norm)=0.77878;
C_Chk1(norm)=0.47699;
pChk1_ref12_5_24h(norm)=0.26471;
pChk1_ref100_24h(norm)=0.52676;
pChk1_ref100_48h(norm)=0.66999;
kd_pChk1(norm)=0.31065;
k_cdc25(norm)=0.32481;
K_cdc25(norm)=0.57823;
kf_p53(norm)=0.57807;
k_p53(norm)=0.65053;
K_ATR(norm)=0.43248;
p53ser46_ref50_72h(norm)=1.00000;
kp_ser46(norm)=0.70239;
K_p53(norm)=0.17141;
upAsy(norm)=0.30051;
sness(norm)=0.68442;
k_apop(norm)=0.48312;
tED50(norm)=0.67919;
cell_pop_norm0_Jack_MGMT_P(norm)=0.13213;
k_dis(norm)=0.35151;

%%%%%%%%%

TMZout0_Ka_XTMZ=36.5437569755;
MGMT_P0=1.8185845973;
k_MGMT=33.9156261427;
k_addO=0.0140217459;
k_addN=0.1397656472;
DSB_72h_fac=1.1779637612;
k_DSBO=0.0002521341;
k_DSBN=0.0000399561;
k_CyA=1.4260991426;
fVX=0.0016420339;
kf_ATR_MGMT_P=0.0000095236;
k_ATR=0.0158304898;
K_add=0.0000752141;
kd_pATR=0.0026172381;
k_Chk1=513.0541439230;
C_Chk1=0.6799155084;
pChk1_ref12_5_24h=0.0054210688;
pChk1_ref100_24h=0.0067776642;
pChk1_ref100_48h=0.0089864340;
kd_pChk1=0.0621878796;
k_cdc25=237.3063981491;
K_cdc25=1.3316444147;
kf_p53=0.0006684924;
k_p53=31.7210974267;
K_ATR=0.0003026483;
p53ser46_ref50_72h=0.0007858052;
kp_ser46=4.7007670713;
K_p53=0.5822662329;
upAsy=0.2179710427;
sness=0.0042957798;
k_apop=0.0582488334;
tED50=443.5857227645;
cell_pop_norm0_Jack_MGMT_P=73.3779528773;
k_dis=0.0133368520;

%%%%%%%%%

cost=317.7132938914;

%%%%%%%%%

