TMZout0_Ka_XTMZ(norm)=0.81016;
MGMT_P0(norm)=0.33592;
k_MGMT(norm)=0.67437;
k_addO(norm)=0.66671;
k_addN(norm)=0.45553;
DSB_72h_fac(norm)=0.42932;
k_DSBO(norm)=0.61908;
k_DSBN(norm)=0.53456;
k_CyA(norm)=1.00000;
fVX(norm)=0.02365;
kf_ATR_MGMT_P(norm)=0.75708;
k_ATR(norm)=0.16062;
K_add(norm)=1.00000;
kd_pATR(norm)=0.03122;
k_Chk1(norm)=0.58339;
C_Chk1(norm)=0.85267;
pChk1_ref12_5_24h(norm)=0.26689;
pChk1_ref100_24h(norm)=0.56788;
pChk1_ref100_48h(norm)=0.80834;
kd_pChk1(norm)=0.28408;
k_cdc25(norm)=0.25382;
K_cdc25(norm)=0.48515;
kf_p53(norm)=0.81940;
k_p53(norm)=0.30216;
K_ATR(norm)=0.37236;
p53ser46_ref50_72h(norm)=0.50522;
kp_ser46(norm)=0.71967;
K_p53(norm)=0.23819;
upAsy(norm)=0.21539;
sness(norm)=0.30535;
k_apop(norm)=0.73119;
tED50(norm)=0.63107;
cell_pop_norm0_Jack_MGMT_P(norm)=0.23981;
k_dis(norm)=0.52517;

%%%%%%%%%

TMZout0_Ka_XTMZ=37.3367808551;
MGMT_P0=1.7415606369;
k_MGMT=45.1431823229;
k_addO=0.0116943000;
k_addN=0.1252588870;
DSB_72h_fac=0.9120143303;
k_DSBO=0.0003277166;
k_DSBN=0.0000397277;
k_CyA=2.9447787905;
fVX=0.0008537766;
kf_ATR_MGMT_P=0.0000125767;
k_ATR=0.0132725750;
K_add=0.0001031281;
kd_pATR=0.0019870335;
k_Chk1=434.7750948543;
C_Chk1=0.9347485365;
pChk1_ref12_5_24h=0.0054310987;
pChk1_ref100_24h=0.0070179734;
pChk1_ref100_48h=0.0101040594;
kd_pChk1=0.0608034350;
k_cdc25=223.4532512671;
K_cdc25=1.2306545623;
kf_p53=0.0008201641;
k_p53=23.6132863388;
K_ATR=0.0002876194;
p53ser46_ref50_72h=0.0005167094;
kp_ser46=4.7700793974;
K_p53=0.6161603621;
upAsy=0.2028034299;
sness=0.0031156621;
k_apop=0.0718742297;
tED50=425.8614628006;
cell_pop_norm0_Jack_MGMT_P=76.2508496627;
k_dis=0.0154509285;

%%%%%%%%%

cost=211.0761176685;

%%%%%%%%%

