TMZout0_Ka_XTMZ(norm)=0.82021;
MGMT_P0(norm)=0.82936;
k_MGMT(norm)=0.51323;
k_addO(norm)=0.75334;
k_addN(norm)=0.67383;
DSB_72h_fac(norm)=0.34993;
k_DSBO(norm)=0.46976;
k_DSBN(norm)=0.33965;
k_CyA(norm)=0.38040;
fVX(norm)=0.33121;
kf_ATR_MGMT_P(norm)=0.64973;
k_ATR(norm)=0.55538;
K_add(norm)=0.79831;
kd_pATR(norm)=0.24235;
k_Chk1(norm)=0.55049;
C_Chk1(norm)=0.23318;
pChk1_ref12_5_24h(norm)=0.37395;
pChk1_ref100_24h(norm)=0.47343;
pChk1_ref100_48h(norm)=0.42922;
kd_pChk1(norm)=0.78411;
k_cdc25(norm)=0.41750;
K_cdc25(norm)=0.25158;
kf_p53(norm)=0.66536;
k_p53(norm)=0.59147;
K_ATR(norm)=0.44576;
p53ser46_ref50_72h(norm)=0.65357;
kp_ser46(norm)=0.72793;
K_p53(norm)=0.65717;
upAsy(norm)=0.69857;
sness(norm)=0.86668;
k_apop(norm)=0.60480;
tED50(norm)=0.27123;
cell_pop_norm0_Jack_MGMT_P(norm)=0.49616;
k_dis(norm)=0.31992;

%%%%%%%%%

TMZout0_Ka_XTMZ=37.4230594247;
MGMT_P0=2.2483614039;
k_MGMT=44.1367789750;
k_addO=0.0127682516;
k_addN=0.1633792578;
DSB_72h_fac=0.8723616703;
k_DSBO=0.0002840058;
k_DSBN=0.0000299788;
k_CyA=1.7148939088;
fVX=0.0011372297;
kf_ATR_MGMT_P=0.0000114682;
k_ATR=0.0202686386;
K_add=0.0000840009;
kd_pATR=0.0029004709;
k_Chk1=466.3736667844;
C_Chk1=0.5521530423;
pChk1_ref12_5_24h=0.0063707994;
pChk1_ref100_24h=0.0069469315;
pChk1_ref100_48h=0.0075653198;
kd_pChk1=0.0966319697;
k_cdc25=209.2404068182;
K_cdc25=1.0166804316;
kf_p53=0.0007395988;
k_p53=37.3461544987;
K_ATR=0.0003686578;
p53ser46_ref50_72h=0.0005772993;
kp_ser46=4.3393424378;
K_p53=0.5628575613;
upAsy=0.2773658422;
sness=0.0052849904;
k_apop=0.0648722871;
tED50=285.5469404306;
cell_pop_norm0_Jack_MGMT_P=83.5514405125;
k_dis=0.0129489381;

%%%%%%%%%

cost=242.3550068213;

%%%%%%%%%

