TMZout0_Ka_XTMZ(norm)=0.31823;
MGMT_P0(norm)=0.60787;
k_MGMT(norm)=0.44839;
k_addO(norm)=0.53722;
k_addN(norm)=0.52373;
DSB_72h_fac(norm)=0.08487;
k_DSBO(norm)=0.37732;
k_DSBN(norm)=0.00010;
k_CyA(norm)=0.13324;
fVX(norm)=0.87522;
kf_ATR_MGMT_P(norm)=0.83922;
k_ATR(norm)=0.47006;
K_add(norm)=0.15960;
kd_pATR(norm)=0.09395;
k_Chk1(norm)=0.55944;
C_Chk1(norm)=0.04614;
pChk1_ref12_5_24h(norm)=0.32955;
pChk1_ref100_24h(norm)=0.39347;
pChk1_ref100_48h(norm)=0.64142;
kd_pChk1(norm)=0.71810;
k_cdc25(norm)=0.34975;
K_cdc25(norm)=0.28934;
kf_p53(norm)=0.17492;
k_p53(norm)=0.39937;
K_ATR(norm)=0.51080;
p53ser46_ref50_72h(norm)=0.64132;
kp_ser46(norm)=0.85060;
K_p53(norm)=0.44712;
upAsy(norm)=0.20205;
sness(norm)=0.32521;
k_apop(norm)=0.50149;
tED50(norm)=0.54120;
cell_pop_norm0_Jack_MGMT_P(norm)=0.33398;
k_dis(norm)=0.61346;

%%%%%%%%%

TMZout0_Ka_XTMZ=33.3495913296;
MGMT_P0=1.9591310803;
k_MGMT=41.7773273962;
k_addO=0.0106318119;
k_addN=0.1438684098;
DSB_72h_fac=0.7193421523;
k_DSBO=0.0002626089;
k_DSBN=0.0000224836;
k_CyA=1.3908792059;
fVX=0.0018031461;
kf_ATR_MGMT_P=0.0000134654;
k_ATR=0.0188551609;
K_add=0.0000488938;
kd_pATR=0.0025577484;
k_Chk1=469.9255550707;
C_Chk1=0.4712280599;
pChk1_ref12_5_24h=0.0061356182;
pChk1_ref100_24h=0.0064918705;
pChk1_ref100_48h=0.0090554854;
kd_pChk1=0.0913758572;
k_cdc25=197.5662346643;
K_cdc25=1.0497325164;
kf_p53=0.0004881216;
k_p53=31.7363416434;
K_ATR=0.0003895444;
p53ser46_ref50_72h=0.0005713398;
kp_ser46=4.8146642005;
K_p53=0.4710909588;
upAsy=0.1821152005;
sness=0.0033403761;
k_apop=0.0594348457;
tED50=358.9388614687;
cell_pop_norm0_Jack_MGMT_P=78.8554247228;
k_dis=0.0166054196;

%%%%%%%%%

cost=209.2138383550;

%%%%%%%%%

