TMZout0_Ka_XTMZ(norm)=0.27211;
MGMT_P0(norm)=0.77649;
k_MGMT(norm)=0.55941;
k_addO(norm)=0.60049;
k_addN(norm)=0.50951;
DSB_72h_fac(norm)=0.41740;
k_DSBO(norm)=0.00010;
k_DSBN(norm)=0.59963;
k_CyA(norm)=0.30524;
fVX(norm)=0.12001;
kf_ATR_MGMT_P(norm)=0.96849;
k_ATR(norm)=0.28402;
K_add(norm)=0.71974;
kd_pATR(norm)=0.89081;
k_Chk1(norm)=1.00000;
C_Chk1(norm)=0.50119;
pChk1_ref12_5_24h(norm)=0.18451;
pChk1_ref100_24h(norm)=0.39334;
pChk1_ref100_48h(norm)=0.52263;
kd_pChk1(norm)=0.47505;
k_cdc25(norm)=0.84560;
K_cdc25(norm)=0.21540;
kf_p53(norm)=0.84549;
k_p53(norm)=0.19382;
K_ATR(norm)=0.18155;
p53ser46_ref50_72h(norm)=0.65485;
kp_ser46(norm)=0.94261;
K_p53(norm)=0.33353;
upAsy(norm)=0.15124;
sness(norm)=0.87026;
k_apop(norm)=0.23183;
tED50(norm)=0.14090;
cell_pop_norm0_Jack_MGMT_P(norm)=0.08881;
k_dis(norm)=0.00010;

%%%%%%%%%

TMZout0_Ka_XTMZ=32.9983027938;
MGMT_P0=2.2046732031;
k_MGMT=39.7103775957;
k_addO=0.0105173539;
k_addN=0.1154933356;
DSB_72h_fac=0.9015508901;
k_DSBO=0.0001971407;
k_DSBN=0.0000400894;
k_CyA=1.9326111265;
fVX=0.0009590305;
kf_ATR_MGMT_P=0.0000150415;
k_ATR=0.0204319821;
K_add=0.0000910007;
kd_pATR=0.0035263354;
k_Chk1=476.7979224120;
C_Chk1=0.7000639021;
pChk1_ref12_5_24h=0.0060677117;
pChk1_ref100_24h=0.0072583350;
pChk1_ref100_48h=0.0099964794;
kd_pChk1=0.0574566192;
k_cdc25=288.2496107282;
K_cdc25=1.0172835389;
kf_p53=0.0007186245;
k_p53=23.4625594658;
K_ATR=0.0003283767;
p53ser46_ref50_72h=0.0005091032;
kp_ser46=4.4824446568;
K_p53=0.5212094091;
upAsy=0.1361707814;
sness=0.0047868185;
k_apop=0.0430707157;
tED50=260.2445493314;
cell_pop_norm0_Jack_MGMT_P=72.2528716035;
k_dis=0.0098294178;

%%%%%%%%%

cost=283.8746958437;

%%%%%%%%%

