TMZout0_Ka_XTMZ(norm)=0.44424;
MGMT_P0(norm)=0.39175;
k_MGMT(norm)=0.56501;
k_addO(norm)=0.45181;
k_addN(norm)=0.40668;
DSB_72h_fac(norm)=0.51490;
k_DSBO(norm)=1.00000;
k_DSBN(norm)=0.88602;
k_CyA(norm)=0.26719;
fVX(norm)=0.57994;
kf_ATR_MGMT_P(norm)=0.80482;
k_ATR(norm)=0.57735;
K_add(norm)=0.93799;
kd_pATR(norm)=0.27177;
k_Chk1(norm)=0.57390;
C_Chk1(norm)=0.54864;
pChk1_ref12_5_24h(norm)=0.59032;
pChk1_ref100_24h(norm)=0.73632;
pChk1_ref100_48h(norm)=0.83387;
kd_pChk1(norm)=0.35686;
k_cdc25(norm)=0.29038;
K_cdc25(norm)=0.26308;
kf_p53(norm)=0.35061;
k_p53(norm)=0.87186;
K_ATR(norm)=0.54458;
p53ser46_ref50_72h(norm)=0.58095;
kp_ser46(norm)=0.45691;
K_p53(norm)=0.41728;
upAsy(norm)=0.22165;
sness(norm)=0.38482;
k_apop(norm)=0.51172;
tED50(norm)=0.74721;
cell_pop_norm0_Jack_MGMT_P(norm)=0.56457;
k_dis(norm)=0.56870;

%%%%%%%%%

TMZout0_Ka_XTMZ=34.3284506067;
MGMT_P0=1.7329129685;
k_MGMT=38.5771645093;
k_addO=0.0090927655;
k_addN=0.0984742488;
DSB_72h_fac=0.9684757656;
k_DSBO=0.0004605009;
k_DSBN=0.0000527981;
k_CyA=1.7894386398;
fVX=0.0012653453;
kf_ATR_MGMT_P=0.0000128843;
k_ATR=0.0244581141;
K_add=0.0001008602;
kd_pATR=0.0025933461;
k_Chk1=400.0317770255;
C_Chk1=0.7358299689;
pChk1_ref12_5_24h=0.0077900816;
pChk1_ref100_24h=0.0088303141;
pChk1_ref100_48h=0.0111813722;
kd_pChk1=0.0627441175;
k_cdc25=198.3566566789;
K_cdc25=1.0036215676;
kf_p53=0.0004842870;
k_p53=46.9353231665;
K_ATR=0.0004550746;
p53ser46_ref50_72h=0.0004672025;
kp_ser46=3.0199100423;
K_p53=0.5345518042;
upAsy=0.1829715538;
sness=0.0032152786;
k_apop=0.0620547434;
tED50=500.8676871291;
cell_pop_norm0_Jack_MGMT_P=85.6151062936;
k_dis=0.0161051481;

%%%%%%%%%

cost=221.1897640390;

%%%%%%%%%

