TMZout0_Ka_XTMZ(norm)=0.75000;
MGMT_P0(norm)=0.75000;
k_MGMT(norm)=0.75000;
k_addO(norm)=0.25000;
k_addN(norm)=0.50000;
DSB_72h_fac(norm)=0.50000;
k_DSBO(norm)=0.75000;
k_DSBN(norm)=0.50000;
k_CyA(norm)=0.75000;
fVX(norm)=0.50000;
kf_ATR_MGMT_P(norm)=0.50000;
k_ATR(norm)=0.75000;
K_add(norm)=0.25000;
kd_pATR(norm)=0.25000;
k_Chk1(norm)=0.25000;
C_Chk1(norm)=0.50000;
pChk1_ref12_5_24h(norm)=0.75000;
pChk1_ref100_24h(norm)=0.75000;
pChk1_ref100_48h(norm)=0.25000;
kd_pChk1(norm)=0.50000;
k_cdc25(norm)=0.50000;
K_cdc25(norm)=0.50000;
kf_p53(norm)=0.50000;
k_p53(norm)=0.50000;
K_ATR(norm)=0.25000;
p53ser46_ref50_72h(norm)=0.50000;
kp_ser46(norm)=0.25000;
K_p53(norm)=0.75000;
upAsy(norm)=0.25000;
sness(norm)=0.25000;
k_apop(norm)=0.50000;
tED50(norm)=0.25000;
cell_pop_norm0_Jack_MGMT_P(norm)=0.50000;
k_dis(norm)=0.50000;

%%%%%%%%%

TMZout0_Ka_XTMZ=36.8246712783;
MGMT_P0=2.1049932290;
k_MGMT=58.4305960516;
k_addO=0.0077899559;
k_addN=0.1341660223;
DSB_72h_fac=0.9332808565;
k_DSBO=0.0004208890;
k_DSBN=0.0000329492;
k_CyA=3.1898846653;
fVX=0.0013527865;
kf_ATR_MGMT_P=0.0000101474;
k_ATR=0.0324163722;
K_add=0.0000680935;
kd_pATR=0.0014939540;
k_Chk1=239.9356432174;
C_Chk1=0.7023176361;
pChk1_ref12_5_24h=0.0101624912;
pChk1_ref100_24h=0.0102222503;
pChk1_ref100_48h=0.0080882604;
kd_pChk1=0.0566959390;
k_cdc25=197.2260424562;
K_cdc25=1.2718745697;
kf_p53=0.0004385278;
k_p53=28.4338280631;
K_ATR=0.0003661237;
p53ser46_ref50_72h=0.0003588261;
kp_ser46=2.3260912525;
K_p53=0.6718069195;
upAsy=0.2118079633;
sness=0.0040438823;
k_apop=0.0574115283;
tED50=311.3008881709;
cell_pop_norm0_Jack_MGMT_P=83.6660026534;
k_dis=0.0146130291;

%%%%%%%%%

cost=124.4441438073;

%%%%%%%%%

