TMZout0_Ka_XTMZ(norm)=0.54882;
MGMT_P0(norm)=0.39117;
k_MGMT(norm)=1.00000;
k_addO(norm)=0.03421;
k_addN(norm)=0.39249;
DSB_72h_fac(norm)=0.70317;
k_DSBO(norm)=0.53932;
k_DSBN(norm)=0.88956;
k_CyA(norm)=0.76657;
fVX(norm)=0.63025;
kf_ATR_MGMT_P(norm)=1.00000;
k_ATR(norm)=0.81725;
K_add(norm)=0.67859;
kd_pATR(norm)=0.40366;
k_Chk1(norm)=0.44237;
C_Chk1(norm)=0.46833;
pChk1_ref12_5_24h(norm)=0.28131;
pChk1_ref100_24h(norm)=0.90822;
pChk1_ref100_48h(norm)=0.79858;
kd_pChk1(norm)=0.74047;
k_cdc25(norm)=0.33132;
K_cdc25(norm)=0.60832;
kf_p53(norm)=0.56121;
k_p53(norm)=0.31788;
K_ATR(norm)=0.53737;
p53ser46_ref50_72h(norm)=0.53293;
kp_ser46(norm)=0.55019;
K_p53(norm)=0.59663;
upAsy(norm)=0.69978;
sness(norm)=0.71658;
k_apop(norm)=0.42665;
tED50(norm)=0.51447;
cell_pop_norm0_Jack_MGMT_P(norm)=0.08825;
k_dis(norm)=0.35078;

%%%%%%%%%

TMZout0_Ka_XTMZ=35.1625590660;
MGMT_P0=1.7323128011;
k_MGMT=55.7695448421;
k_addO=0.0063830804;
k_addN=0.0972974634;
DSB_72h_fac=1.1173842501;
k_DSBO=0.0003116820;
k_DSBN=0.0000529565;
k_CyA=2.7319589194;
fVX=0.0013204471;
kf_ATR_MGMT_P=0.0000152013;
k_ATR=0.0299708553;
K_add=0.0000809593;
kd_pATR=0.0028999736;
k_Chk1=357.8433734910;
C_Chk1=0.6874302329;
pChk1_ref12_5_24h=0.0059955709;
pChk1_ref100_24h=0.0102148395;
pChk1_ref100_48h=0.0108520232;
kd_pChk1=0.0868427587;
k_cdc25=205.3581176865;
K_cdc25=1.3446509643;
kf_p53=0.0005788950;
k_p53=29.3528684848;
K_ATR=0.0004523030;
p53ser46_ref50_72h=0.0004485774;
kp_ser46=3.2682750443;
K_p53=0.6222796302;
upAsy=0.2743610674;
sness=0.0042588960;
k_apop=0.0577388682;
tED50=411.2258860451;
cell_pop_norm0_Jack_MGMT_P=72.2384818649;
k_dis=0.0133898575;

%%%%%%%%%

cost=210.3741972224;

%%%%%%%%%

