TMZout0_Ka_XTMZ(norm)=0.38429;
MGMT_P0(norm)=0.99686;
k_MGMT(norm)=0.43490;
k_addO(norm)=0.59680;
k_addN(norm)=0.66559;
DSB_72h_fac(norm)=0.65799;
k_DSBO(norm)=0.57418;
k_DSBN(norm)=0.62901;
k_CyA(norm)=0.84080;
fVX(norm)=0.59558;
kf_ATR_MGMT_P(norm)=0.58197;
k_ATR(norm)=0.41156;
K_add(norm)=0.67018;
kd_pATR(norm)=0.32559;
k_Chk1(norm)=0.48905;
C_Chk1(norm)=0.59457;
pChk1_ref12_5_24h(norm)=0.80250;
pChk1_ref100_24h(norm)=0.80325;
pChk1_ref100_48h(norm)=0.85504;
kd_pChk1(norm)=0.16760;
k_cdc25(norm)=0.72117;
K_cdc25(norm)=0.67547;
kf_p53(norm)=0.76163;
k_p53(norm)=0.66730;
K_ATR(norm)=0.48723;
p53ser46_ref50_72h(norm)=0.78324;
kp_ser46(norm)=0.71178;
K_p53(norm)=0.53029;
upAsy(norm)=0.15634;
sness(norm)=0.37761;
k_apop(norm)=0.56192;
tED50(norm)=0.10352;
cell_pop_norm0_Jack_MGMT_P(norm)=0.16754;
k_dis(norm)=0.61625;

%%%%%%%%%

TMZout0_Ka_XTMZ=33.8591786927;
MGMT_P0=2.4957349701;
k_MGMT=36.8529543392;
k_addO=0.0110217820;
k_addN=0.1496593738;
DSB_72h_fac=1.0828857917;
k_DSBO=0.0003154815;
k_DSBN=0.0000430375;
k_CyA=2.5731802965;
fVX=0.0013861160;
kf_ATR_MGMT_P=0.0000108425;
k_ATR=0.0164170089;
K_add=0.0000779852;
kd_pATR=0.0025499149;
k_Chk1=401.3737959800;
C_Chk1=0.7511376433;
pChk1_ref12_5_24h=0.0085502217;
pChk1_ref100_24h=0.0085668681;
pChk1_ref100_48h=0.0105119082;
kd_pChk1=0.0550892361;
k_cdc25=332.0161589256;
K_cdc25=1.4460015455;
kf_p53=0.0007809855;
k_p53=32.1749994060;
K_ATR=0.0003170203;
p53ser46_ref50_72h=0.0006539639;
kp_ser46=4.7382957502;
K_p53=0.7891891785;
upAsy=0.1929071215;
sness=0.0033123820;
k_apop=0.0622707014;
tED50=272.3606719188;
cell_pop_norm0_Jack_MGMT_P=74.3105513636;
k_dis=0.0166905924;

%%%%%%%%%

cost=123.6585517412;

%%%%%%%%%

