TMZout0_Ka_XTMZ(norm)=0.69561;
MGMT_P0(norm)=0.55994;
k_MGMT(norm)=0.39224;
k_addO(norm)=0.17370;
k_addN(norm)=0.58638;
DSB_72h_fac(norm)=0.28037;
k_DSBO(norm)=0.94487;
k_DSBN(norm)=0.10501;
k_CyA(norm)=0.75993;
fVX(norm)=0.08690;
kf_ATR_MGMT_P(norm)=1.00000;
k_ATR(norm)=0.22895;
K_add(norm)=0.36794;
kd_pATR(norm)=0.30560;
k_Chk1(norm)=0.49268;
C_Chk1(norm)=0.58796;
pChk1_ref12_5_24h(norm)=0.36830;
pChk1_ref100_24h(norm)=0.47152;
pChk1_ref100_48h(norm)=0.56249;
kd_pChk1(norm)=0.35632;
k_cdc25(norm)=0.76667;
K_cdc25(norm)=0.16773;
kf_p53(norm)=0.16638;
k_p53(norm)=0.26295;
K_ATR(norm)=0.28425;
p53ser46_ref50_72h(norm)=0.22724;
kp_ser46(norm)=0.68204;
K_p53(norm)=0.44170;
upAsy(norm)=0.48106;
sness(norm)=0.30924;
k_apop(norm)=0.53450;
tED50(norm)=0.87600;
cell_pop_norm0_Jack_MGMT_P(norm)=0.35388;
k_dis(norm)=0.34378;

%%%%%%%%%

TMZout0_Ka_XTMZ=36.3676834371;
MGMT_P0=1.9016109339;
k_MGMT=39.8360579431;
k_addO=0.0078133855;
k_addN=0.1517114769;
DSB_72h_fac=0.8293091659;
k_DSBO=0.0004247714;
k_DSBN=0.0000245736;
k_CyA=2.3653524545;
fVX=0.0009245846;
kf_ATR_MGMT_P=0.0000154307;
k_ATR=0.0153711812;
K_add=0.0000583335;
kd_pATR=0.0030601505;
k_Chk1=444.0799690130;
C_Chk1=0.7457780353;
pChk1_ref12_5_24h=0.0063404008;
pChk1_ref100_24h=0.0069356993;
pChk1_ref100_48h=0.0084697372;
kd_pChk1=0.0672520215;
k_cdc25=281.2753900514;
K_cdc25=0.9469578250;
kf_p53=0.0004846026;
k_p53=28.2720638138;
K_ATR=0.0003215059;
p53ser46_ref50_72h=0.0004022728;
kp_ser46=4.1738490010;
K_p53=0.4689318692;
upAsy=0.2306835420;
sness=0.0032954773;
k_apop=0.0611208183;
tED50=476.6735756372;
cell_pop_norm0_Jack_MGMT_P=79.4171154403;
k_dis=0.0132133841;

%%%%%%%%%

cost=229.2965358213;

%%%%%%%%%

