TMZout0_Ka_XTMZ(norm)=0.33177;
MGMT_P0(norm)=0.97375;
k_MGMT(norm)=0.35179;
k_addO(norm)=0.41792;
k_addN(norm)=0.30474;
DSB_72h_fac(norm)=0.26334;
k_DSBO(norm)=0.49109;
k_DSBN(norm)=0.86705;
k_CyA(norm)=0.58114;
fVX(norm)=0.62708;
kf_ATR_MGMT_P(norm)=0.46205;
k_ATR(norm)=0.57327;
K_add(norm)=0.59649;
kd_pATR(norm)=0.32970;
k_Chk1(norm)=0.35601;
C_Chk1(norm)=0.73920;
pChk1_ref12_5_24h(norm)=0.38918;
pChk1_ref100_24h(norm)=0.46005;
pChk1_ref100_48h(norm)=0.47765;
kd_pChk1(norm)=0.29031;
k_cdc25(norm)=0.64925;
K_cdc25(norm)=0.18221;
kf_p53(norm)=0.58419;
k_p53(norm)=0.46289;
K_ATR(norm)=0.56430;
p53ser46_ref50_72h(norm)=0.25233;
kp_ser46(norm)=0.67576;
K_p53(norm)=0.55840;
upAsy(norm)=0.40935;
sness(norm)=0.88309;
k_apop(norm)=0.65726;
tED50(norm)=0.59675;
cell_pop_norm0_Jack_MGMT_P(norm)=0.59200;
k_dis(norm)=0.53807;

%%%%%%%%%

TMZout0_Ka_XTMZ=33.4533689136;
MGMT_P0=2.4633560215;
k_MGMT=33.3047352768;
k_addO=0.0090100064;
k_addN=0.0970966181;
DSB_72h_fac=0.8025040911;
k_DSBO=0.0002988480;
k_DSBN=0.0000502846;
k_CyA=2.4415774671;
fVX=0.0014737530;
kf_ATR_MGMT_P=0.0000097934;
k_ATR=0.0261063240;
K_add=0.0000819770;
kd_pATR=0.0021920393;
k_Chk1=276.2877156307;
C_Chk1=0.8564796586;
pChk1_ref12_5_24h=0.0072167526;
pChk1_ref100_24h=0.0076804336;
pChk1_ref100_48h=0.0096226928;
kd_pChk1=0.0491315474;
k_cdc25=244.0712465473;
K_cdc25=0.9890689677;
kf_p53=0.0005759030;
k_p53=29.4704339451;
K_ATR=0.0004541682;
p53ser46_ref50_72h=0.0003619820;
kp_ser46=3.5753624698;
K_p53=0.6306076816;
upAsy=0.1694594590;
sness=0.0048391504;
k_apop=0.0617634397;
tED50=382.9349082875;
cell_pop_norm0_Jack_MGMT_P=86.4570226457;
k_dis=0.0155055974;

%%%%%%%%%

cost=197.7743271645;

%%%%%%%%%

