TMZout0_Ka_XTMZ(norm)=0.23338;
MGMT_P0(norm)=0.83466;
k_MGMT(norm)=0.74824;
k_addO(norm)=0.58141;
k_addN(norm)=0.62873;
DSB_72h_fac(norm)=0.74432;
k_DSBO(norm)=0.67746;
k_DSBN(norm)=0.41395;
k_CyA(norm)=0.57215;
fVX(norm)=0.82069;
kf_ATR_MGMT_P(norm)=0.59392;
k_ATR(norm)=0.58710;
K_add(norm)=0.67188;
kd_pATR(norm)=0.62396;
k_Chk1(norm)=0.45188;
C_Chk1(norm)=0.58275;
pChk1_ref12_5_24h(norm)=0.62849;
pChk1_ref100_24h(norm)=0.62777;
pChk1_ref100_48h(norm)=0.81683;
kd_pChk1(norm)=0.32270;
k_cdc25(norm)=0.23719;
K_cdc25(norm)=0.56967;
kf_p53(norm)=0.31792;
k_p53(norm)=0.36676;
K_ATR(norm)=0.40412;
p53ser46_ref50_72h(norm)=0.32477;
kp_ser46(norm)=0.62414;
K_p53(norm)=0.48660;
upAsy(norm)=0.23984;
sness(norm)=0.09134;
k_apop(norm)=0.61450;
tED50(norm)=0.93124;
cell_pop_norm0_Jack_MGMT_P(norm)=0.14752;
k_dis(norm)=0.62088;

%%%%%%%%%

TMZout0_Ka_XTMZ=32.7061949226;
MGMT_P0=2.2848163045;
k_MGMT=48.0591632492;
k_addO=0.0108789141;
k_addN=0.1450579998;
DSB_72h_fac=1.1554120332;
k_DSBO=0.0003443326;
k_DSBN=0.0000358682;
k_CyA=2.0493421936;
fVX=0.0016773892;
kf_ATR_MGMT_P=0.0000109528;
k_ATR=0.0190498084;
K_add=0.0000780974;
kd_pATR=0.0032833655;
k_Chk1=388.9300377956;
C_Chk1=0.7436562464;
pChk1_ref12_5_24h=0.0073781438;
pChk1_ref100_24h=0.0073832833;
pChk1_ref100_48h=0.0101770627;
kd_pChk1=0.0628261575;
k_cdc25=220.3261302106;
K_cdc25=1.3220182084;
kf_p53=0.0005362502;
k_p53=24.9416106203;
K_ATR=0.0002954637;
p53ser46_ref50_72h=0.0004434511;
kp_ser46=4.3992032606;
K_p53=0.7605069662;
upAsy=0.2070495085;
sness=0.0025989604;
k_apop=0.0651077641;
tED50=549.1944882062;
cell_pop_norm0_Jack_MGMT_P=73.7816922346;
k_dis=0.0167561483;

%%%%%%%%%

cost=124.1516743237;

%%%%%%%%%

