TMZout0_Ka_XTMZ(norm)=0.56678;
MGMT_P0(norm)=0.57806;
k_MGMT(norm)=0.76689;
k_addO(norm)=0.13466;
k_addN(norm)=0.58142;
DSB_72h_fac(norm)=0.42869;
k_DSBO(norm)=0.95935;
k_DSBN(norm)=0.22235;
k_CyA(norm)=0.25932;
fVX(norm)=0.41364;
kf_ATR_MGMT_P(norm)=0.58896;
k_ATR(norm)=0.91829;
K_add(norm)=0.32570;
kd_pATR(norm)=0.41891;
k_Chk1(norm)=0.36670;
C_Chk1(norm)=0.42858;
pChk1_ref12_5_24h(norm)=0.32917;
pChk1_ref100_24h(norm)=0.72986;
pChk1_ref100_48h(norm)=0.66800;
kd_pChk1(norm)=0.85506;
k_cdc25(norm)=0.50065;
K_cdc25(norm)=0.80636;
kf_p53(norm)=0.86136;
k_p53(norm)=0.10433;
K_ATR(norm)=0.39678;
p53ser46_ref50_72h(norm)=0.74029;
kp_ser46(norm)=1.00000;
K_p53(norm)=0.72316;
upAsy(norm)=0.66851;
sness(norm)=0.55569;
k_apop(norm)=0.34609;
tED50(norm)=0.46569;
cell_pop_norm0_Jack_MGMT_P(norm)=0.34129;
k_dis(norm)=0.74441;

%%%%%%%%%

TMZout0_Ka_XTMZ=35.3078575121;
MGMT_P0=1.9231501202;
k_MGMT=54.7193337087;
k_addO=0.0075591174;
k_addN=0.1510750309;
DSB_72h_fac=0.9238219497;
k_DSBO=0.0004300169;
k_DSBN=0.0000271424;
k_CyA=1.5476827369;
fVX=0.0012194965;
kf_ATR_MGMT_P=0.0000108926;
k_ATR=0.0275657339;
K_add=0.0000562824;
kd_pATR=0.0033685125;
k_Chk1=399.1216441153;
C_Chk1=0.6515697144;
pChk1_ref12_5_24h=0.0061336341;
pChk1_ref100_24h=0.0086328101;
pChk1_ref100_48h=0.0092617969;
kd_pChk1=0.1026194209;
k_cdc25=224.5131941026;
K_cdc25=1.6267840901;
kf_p53=0.0008732172;
k_p53=24.7166818168;
K_ATR=0.0003536704;
p53ser46_ref50_72h=0.0006213182;
kp_ser46=5.4643701630;
K_p53=0.5952226250;
upAsy=0.2703906472;
sness=0.0040607313;
k_apop=0.0521025179;
tED50=336.6944829924;
cell_pop_norm0_Jack_MGMT_P=79.0614372545;
k_dis=0.0185539214;

%%%%%%%%%

cost=642.8977159238;

%%%%%%%%%

