TMZout0_Ka_XTMZ(norm)=1.00000;
MGMT_P0(norm)=0.54736;
k_MGMT(norm)=0.97945;
k_addO(norm)=0.22829;
k_addN(norm)=1.00000;
DSB_72h_fac(norm)=0.70364;
k_DSBO(norm)=0.34231;
k_DSBN(norm)=0.42005;
k_CyA(norm)=0.42497;
fVX(norm)=0.36363;
kf_ATR_MGMT_P(norm)=0.90611;
k_ATR(norm)=0.61949;
K_add(norm)=0.65484;
kd_pATR(norm)=0.61481;
k_Chk1(norm)=0.10392;
C_Chk1(norm)=0.13306;
pChk1_ref12_5_24h(norm)=0.36841;
pChk1_ref100_24h(norm)=0.42169;
pChk1_ref100_48h(norm)=0.75127;
kd_pChk1(norm)=0.54637;
k_cdc25(norm)=0.28885;
K_cdc25(norm)=0.26014;
kf_p53(norm)=0.62496;
k_p53(norm)=0.31111;
K_ATR(norm)=0.38802;
p53ser46_ref50_72h(norm)=0.48930;
kp_ser46(norm)=0.36016;
K_p53(norm)=0.32283;
upAsy(norm)=0.39731;
sness(norm)=0.53240;
k_apop(norm)=0.79350;
tED50(norm)=0.51579;
cell_pop_norm0_Jack_MGMT_P(norm)=0.59226;
k_dis(norm)=0.52258;

%%%%%%%%%

TMZout0_Ka_XTMZ=39.0000000000;
MGMT_P0=1.8867986775;
k_MGMT=65.5175684098;
k_addO=0.0081832472;
k_addN=0.2153875622;
DSB_72h_fac=1.1284328886;
k_DSBO=0.0002549334;
k_DSBN=0.0000320921;
k_CyA=1.7808914312;
fVX=0.0011688985;
kf_ATR_MGMT_P=0.0000142506;
k_ATR=0.0214001769;
K_add=0.0000743856;
kd_pATR=0.0039767147;
k_Chk1=319.4531115092;
C_Chk1=0.5072448425;
pChk1_ref12_5_24h=0.0063409712;
pChk1_ref100_24h=0.0066489840;
pChk1_ref100_48h=0.0099388198;
kd_pChk1=0.0790020241;
k_cdc25=187.6313591380;
K_cdc25=1.0240842285;
kf_p53=0.0007147114;
k_p53=29.4496546724;
K_ATR=0.0003510545;
p53ser46_ref50_72h=0.0005022918;
kp_ser46=3.1775583508;
K_p53=0.4240040346;
upAsy=0.2148802403;
sness=0.0039813861;
k_apop=0.0761192769;
tED50=351.2938421553;
cell_pop_norm0_Jack_MGMT_P=86.4648643204;
k_dis=0.0153748497;

%%%%%%%%%

cost=212.2645584814;

%%%%%%%%%

