TMZout0_Ka_XTMZ(norm)=0.88708;
MGMT_P0(norm)=0.76915;
k_MGMT(norm)=1.00000;
k_addO(norm)=0.43311;
k_addN(norm)=0.54538;
DSB_72h_fac(norm)=0.50482;
k_DSBO(norm)=0.66598;
k_DSBN(norm)=0.61402;
k_CyA(norm)=0.39696;
fVX(norm)=0.80698;
kf_ATR_MGMT_P(norm)=0.59181;
k_ATR(norm)=0.26275;
K_add(norm)=0.33797;
kd_pATR(norm)=0.62243;
k_Chk1(norm)=0.35544;
C_Chk1(norm)=0.66225;
pChk1_ref12_5_24h(norm)=0.17408;
pChk1_ref100_24h(norm)=0.41908;
pChk1_ref100_48h(norm)=0.73542;
kd_pChk1(norm)=0.89498;
k_cdc25(norm)=0.26627;
K_cdc25(norm)=0.66899;
kf_p53(norm)=1.00000;
k_p53(norm)=0.68762;
K_ATR(norm)=0.41873;
p53ser46_ref50_72h(norm)=0.76971;
kp_ser46(norm)=0.75114;
K_p53(norm)=0.80772;
upAsy(norm)=0.24476;
sness(norm)=0.25875;
k_apop(norm)=1.00000;
tED50(norm)=0.23248;
cell_pop_norm0_Jack_MGMT_P(norm)=0.26252;
k_dis(norm)=0.49897;

%%%%%%%%%

TMZout0_Ka_XTMZ=38.0019347534;
MGMT_P0=2.1329055845;
k_MGMT=72.2161801602;
k_addO=0.0090973929;
k_addN=0.1394250535;
DSB_72h_fac=0.9369388679;
k_DSBO=0.0003919689;
k_DSBN=0.0000362912;
k_CyA=2.3651824058;
fVX=0.0017546484;
kf_ATR_MGMT_P=0.0000109683;
k_ATR=0.0214519257;
K_add=0.0000733627;
kd_pATR=0.0020482413;
k_Chk1=262.3572542712;
C_Chk1=0.8058171204;
pChk1_ref12_5_24h=0.0062384333;
pChk1_ref100_24h=0.0077228019;
pChk1_ref100_48h=0.0122033455;
kd_pChk1=0.0792307836;
k_cdc25=161.7925445493;
K_cdc25=1.4676711166;
kf_p53=0.0006698623;
k_p53=33.3331708722;
K_ATR=0.0004223937;
p53ser46_ref50_72h=0.0004509543;
kp_ser46=3.5565956372;
K_p53=0.7054778972;
upAsy=0.2108701887;
sness=0.0040739779;
k_apop=0.0876975581;
tED50=306.7145939657;
cell_pop_norm0_Jack_MGMT_P=76.8710352822;
k_dis=0.0146003258;

%%%%%%%%%

cost=202.6998686278;

%%%%%%%%%

