TMZout0_Ka_XTMZ(norm)=0.87212;
MGMT_P0(norm)=0.68690;
k_MGMT(norm)=0.80541;
k_addO(norm)=0.53787;
k_addN(norm)=0.85389;
DSB_72h_fac(norm)=0.68114;
k_DSBO(norm)=0.62124;
k_DSBN(norm)=0.49538;
k_CyA(norm)=0.76201;
fVX(norm)=0.37918;
kf_ATR_MGMT_P(norm)=0.60687;
k_ATR(norm)=0.29176;
K_add(norm)=0.65574;
kd_pATR(norm)=0.24866;
k_Chk1(norm)=0.34869;
C_Chk1(norm)=0.53967;
pChk1_ref12_5_24h(norm)=0.45515;
pChk1_ref100_24h(norm)=0.45584;
pChk1_ref100_48h(norm)=0.57802;
kd_pChk1(norm)=0.39823;
k_cdc25(norm)=0.51541;
K_cdc25(norm)=0.68142;
kf_p53(norm)=0.29499;
k_p53(norm)=0.41180;
K_ATR(norm)=0.16774;
p53ser46_ref50_72h(norm)=0.40111;
kp_ser46(norm)=0.80136;
K_p53(norm)=0.34832;
upAsy(norm)=0.58897;
sness(norm)=0.92620;
k_apop(norm)=0.59742;
tED50(norm)=0.49900;
cell_pop_norm0_Jack_MGMT_P(norm)=0.17495;
k_dis(norm)=0.56364;

%%%%%%%%%

TMZout0_Ka_XTMZ=37.8716762013;
MGMT_P0=2.1082292672;
k_MGMT=50.4443288013;
k_addO=0.0104849095;
k_addN=0.1755469390;
DSB_72h_fac=1.1018768531;
k_DSBO=0.0003283164;
k_DSBN=0.0000384305;
k_CyA=2.4070191951;
fVX=0.0011539054;
kf_ATR_MGMT_P=0.0000110737;
k_ATR=0.0148324318;
K_add=0.0000770367;
kd_pATR=0.0023889977;
k_Chk1=356.3692035368;
C_Chk1=0.7169978802;
pChk1_ref12_5_24h=0.0063703342;
pChk1_ref100_24h=0.0063824173;
pChk1_ref100_48h=0.0083127314;
kd_pChk1=0.0669783229;
k_cdc25=278.8970734596;
K_cdc25=1.4533132954;
kf_p53=0.0005259325;
k_p53=25.9118879393;
K_ATR=0.0002418367;
p53ser46_ref50_72h=0.0004730848;
kp_ser46=5.1119634171;
K_p53=0.6764265862;
upAsy=0.2783204306;
sness=0.0052724388;
k_apop=0.0641721687;
tED50=380.7782355268;
cell_pop_norm0_Jack_MGMT_P=74.5071431362;
k_dis=0.0159629238;

%%%%%%%%%

cost=125.9893013764;

%%%%%%%%%

