TMZout0_Ka_XTMZ(norm)=0.14026;
MGMT_P0(norm)=0.09730;
k_MGMT(norm)=0.51594;
k_addO(norm)=0.58205;
k_addN(norm)=0.53363;
DSB_72h_fac(norm)=0.32607;
k_DSBO(norm)=0.34768;
k_DSBN(norm)=0.32840;
k_CyA(norm)=0.78332;
fVX(norm)=0.84761;
kf_ATR_MGMT_P(norm)=0.48992;
k_ATR(norm)=1.00000;
K_add(norm)=0.77291;
kd_pATR(norm)=0.39851;
k_Chk1(norm)=1.00000;
C_Chk1(norm)=0.92559;
pChk1_ref12_5_24h(norm)=0.17212;
pChk1_ref100_24h(norm)=0.26171;
pChk1_ref100_48h(norm)=0.83571;
kd_pChk1(norm)=0.42916;
k_cdc25(norm)=0.34631;
K_cdc25(norm)=0.76650;
kf_p53(norm)=0.44824;
k_p53(norm)=0.06950;
K_ATR(norm)=0.20573;
p53ser46_ref50_72h(norm)=0.18335;
kp_ser46(norm)=0.29010;
K_p53(norm)=0.49428;
upAsy(norm)=0.29729;
sness(norm)=0.50162;
k_apop(norm)=0.64335;
tED50(norm)=0.74861;
cell_pop_norm0_Jack_MGMT_P(norm)=0.14323;
k_dis(norm)=0.47035;

%%%%%%%%%

TMZout0_Ka_XTMZ=32.0144262270;
MGMT_P0=1.4511990450;
k_MGMT=37.0061177919;
k_addO=0.0101536174;
k_addN=0.1096568008;
DSB_72h_fac=0.8390587314;
k_DSBO=0.0002649668;
k_DSBN=0.0000329176;
k_CyA=2.7710227235;
fVX=0.0015874692;
kf_ATR_MGMT_P=0.0000098670;
k_ATR=0.0349902468;
K_add=0.0000876951;
kd_pATR=0.0028873325;
k_Chk1=573.9700930324;
C_Chk1=1.0127190599;
pChk1_ref12_5_24h=0.0054657713;
pChk1_ref100_24h=0.0059065417;
pChk1_ref100_48h=0.0111988284;
kd_pChk1=0.0667081381;
k_cdc25=207.9820619326;
K_cdc25=1.5375097250;
kf_p53=0.0005260516;
k_p53=23.7821955944;
K_ATR=0.0003415029;
p53ser46_ref50_72h=0.0003335790;
kp_ser46=2.6218769481;
K_p53=0.5705911437;
upAsy=0.1950820959;
sness=0.0035497644;
k_apop=0.0693760625;
tED50=501.4611686588;
cell_pop_norm0_Jack_MGMT_P=73.6688831574;
k_dis=0.0148174724;

%%%%%%%%%

cost=282.0389873262;

%%%%%%%%%

