TMZout0_Ka_XTMZ(norm)=0.93711;
MGMT_P0(norm)=0.75214;
k_MGMT(norm)=0.23444;
k_addO(norm)=0.74937;
k_addN(norm)=0.21318;
DSB_72h_fac(norm)=0.34294;
k_DSBO(norm)=0.27369;
k_DSBN(norm)=0.64853;
k_CyA(norm)=0.80595;
fVX(norm)=0.19701;
kf_ATR_MGMT_P(norm)=0.47079;
k_ATR(norm)=0.45521;
K_add(norm)=0.89457;
kd_pATR(norm)=0.77467;
k_Chk1(norm)=0.13168;
C_Chk1(norm)=0.42041;
pChk1_ref12_5_24h(norm)=0.37668;
pChk1_ref100_24h(norm)=0.67864;
pChk1_ref100_48h(norm)=0.81997;
kd_pChk1(norm)=0.83109;
k_cdc25(norm)=0.00010;
K_cdc25(norm)=0.32491;
kf_p53(norm)=0.85008;
k_p53(norm)=0.56590;
K_ATR(norm)=0.39665;
p53ser46_ref50_72h(norm)=0.56772;
kp_ser46(norm)=0.58813;
K_p53(norm)=0.75437;
upAsy(norm)=0.02166;
sness(norm)=0.58237;
k_apop(norm)=0.80402;
tED50(norm)=0.41925;
cell_pop_norm0_Jack_MGMT_P(norm)=0.22689;
k_dis(norm)=0.52385;

%%%%%%%%%

TMZout0_Ka_XTMZ=38.4409368377;
MGMT_P0=2.1429767641;
k_MGMT=34.8507889776;
k_addO=0.0127254056;
k_addN=0.1105836558;
DSB_72h_fac=0.8679367213;
k_DSBO=0.0002405348;
k_DSBN=0.0000389469;
k_CyA=2.4594005750;
fVX=0.0010149960;
kf_ATR_MGMT_P=0.0000098548;
k_ATR=0.0186194019;
K_add=0.0000911394;
kd_pATR=0.0045535172;
k_Chk1=327.0570749469;
C_Chk1=0.6470768685;
pChk1_ref12_5_24h=0.0063855678;
pChk1_ref100_24h=0.0082662054;
pChk1_ref100_48h=0.0105345755;
kd_pChk1=0.1005559449;
k_cdc25=146.9099469980;
K_cdc25=1.0818501661;
kf_p53=0.0008649061;
k_p53=36.5459081151;
K_ATR=0.0003536329;
p53ser46_ref50_72h=0.0005367964;
kp_ser46=3.8546209557;
K_p53=0.6111722945;
upAsy=0.1563030139;
sness=0.0041536022;
k_apop=0.0768008907;
tED50=323.7043741239;
cell_pop_norm0_Jack_MGMT_P=75.9003786379;
k_dis=0.0153913727;

%%%%%%%%%

cost=270.1158415849;

%%%%%%%%%

