TMZout0_Ka_XTMZ(norm)=1.00000;
MGMT_P0(norm)=0.89357;
k_MGMT(norm)=0.15621;
k_addO(norm)=0.65776;
k_addN(norm)=0.35380;
DSB_72h_fac(norm)=0.47341;
k_DSBO(norm)=0.00010;
k_DSBN(norm)=0.57354;
k_CyA(norm)=0.48566;
fVX(norm)=0.23825;
kf_ATR_MGMT_P(norm)=0.77242;
k_ATR(norm)=0.58234;
K_add(norm)=0.46238;
kd_pATR(norm)=0.57350;
k_Chk1(norm)=0.89287;
C_Chk1(norm)=0.51993;
pChk1_ref12_5_24h(norm)=0.48188;
pChk1_ref100_24h(norm)=0.97445;
pChk1_ref100_48h(norm)=0.93229;
kd_pChk1(norm)=0.52091;
k_cdc25(norm)=0.12957;
K_cdc25(norm)=0.39057;
kf_p53(norm)=0.40467;
k_p53(norm)=0.57537;
K_ATR(norm)=0.21686;
p53ser46_ref50_72h(norm)=0.41435;
kp_ser46(norm)=0.69844;
K_p53(norm)=0.48288;
upAsy(norm)=0.65487;
sness(norm)=0.71761;
k_apop(norm)=0.44388;
tED50(norm)=0.49510;
cell_pop_norm0_Jack_MGMT_P(norm)=0.72523;
k_dis(norm)=0.59980;

%%%%%%%%%

TMZout0_Ka_XTMZ=39.0000000000;
MGMT_P0=2.3399396285;
k_MGMT=32.6156112807;
k_addO=0.0117749873;
k_addN=0.1245762534;
DSB_72h_fac=0.9543761595;
k_DSBO=0.0001907665;
k_DSBN=0.0000365492;
k_CyA=1.8748614207;
fVX=0.0010510910;
kf_ATR_MGMT_P=0.0000127245;
k_ATR=0.0207369688;
K_add=0.0000631928;
kd_pATR=0.0038399301;
k_Chk1=623.3388393237;
C_Chk1=0.7040061413;
pChk1_ref12_5_24h=0.0069809131;
pChk1_ref100_24h=0.0106207929;
pChk1_ref100_48h=0.0115863567;
kd_pChk1=0.0773161919;
k_cdc25=163.9435463984;
K_cdc25=1.1437471224;
kf_p53=0.0005930223;
k_p53=36.8400528814;
K_ATR=0.0003036641;
p53ser46_ref50_72h=0.0004713842;
kp_ser46=4.2322631825;
K_p53=0.4855839561;
upAsy=0.2672847236;
sness=0.0046578851;
k_apop=0.0566036940;
tED50=345.1910531560;
cell_pop_norm0_Jack_MGMT_P=90.6647210832;
k_dis=0.0164143631;

%%%%%%%%%

cost=220.4547058790;

%%%%%%%%%

