TMZout0_Ka_XTMZ(norm)=0.63330;
MGMT_P0(norm)=0.76512;
k_MGMT(norm)=0.71996;
k_addO(norm)=0.53703;
k_addN(norm)=0.72908;
DSB_72h_fac(norm)=0.67073;
k_DSBO(norm)=0.76700;
k_DSBN(norm)=0.52582;
k_CyA(norm)=0.79061;
fVX(norm)=0.66606;
kf_ATR_MGMT_P(norm)=0.59514;
k_ATR(norm)=0.84474;
K_add(norm)=0.75335;
kd_pATR(norm)=0.51903;
k_Chk1(norm)=0.73748;
C_Chk1(norm)=0.64658;
pChk1_ref12_5_24h(norm)=0.70955;
pChk1_ref100_24h(norm)=0.71657;
pChk1_ref100_48h(norm)=0.66795;
kd_pChk1(norm)=0.69450;
k_cdc25(norm)=0.67281;
K_cdc25(norm)=0.53252;
kf_p53(norm)=0.75042;
k_p53(norm)=0.62985;
K_ATR(norm)=0.82009;
p53ser46_ref50_72h(norm)=0.67743;
kp_ser46(norm)=0.36060;
K_p53(norm)=0.00580;
upAsy(norm)=0.18180;
sness(norm)=0.53043;
k_apop(norm)=0.57653;
tED50(norm)=0.19490;
cell_pop_norm0_Jack_MGMT_P(norm)=0.15341;
k_dis(norm)=0.61293;

%%%%%%%%%

TMZout0_Ka_XTMZ=35.8511696241;
MGMT_P0=2.1999376741;
k_MGMT=46.9210820352;
k_addO=0.0104774541;
k_addN=0.1579310836;
DSB_72h_fac=1.0932912237;
k_DSBO=0.0003714750;
k_DSBN=0.0000394346;
k_CyA=2.4660555997;
fVX=0.0014714207;
kf_ATR_MGMT_P=0.0000109642;
k_ATR=0.0236970894;
K_add=0.0000836786;
kd_pATR=0.0030040421;
k_Chk1=495.4127697515;
C_Chk1=0.7849823465;
pChk1_ref12_5_24h=0.0079026765;
pChk1_ref100_24h=0.0079602218;
pChk1_ref100_48h=0.0089709470;
kd_pChk1=0.0860898307;
k_cdc25=318.6879497703;
K_cdc25=1.2810520250;
kf_p53=0.0007736002;
k_p53=31.1699028029;
K_ATR=0.0004203125;
p53ser46_ref50_72h=0.0005978827;
kp_ser46=3.5188253130;
K_p53=0.5060351673;
upAsy=0.1971139141;
sness=0.0037702886;
k_apop=0.0630463826;
tED50=294.2858779251;
cell_pop_norm0_Jack_MGMT_P=73.9369558818;
k_dis=0.0166436066;

%%%%%%%%%

cost=123.2171747056;

%%%%%%%%%

