TMZout0_Ka_XTMZ(norm)=0.48246;
MGMT_P0(norm)=0.48233;
k_MGMT(norm)=0.41337;
k_addO(norm)=0.42307;
k_addN(norm)=0.35694;
DSB_72h_fac(norm)=0.70824;
k_DSBO(norm)=0.45682;
k_DSBN(norm)=0.75503;
k_CyA(norm)=0.34976;
fVX(norm)=0.25152;
kf_ATR_MGMT_P(norm)=0.82844;
k_ATR(norm)=0.95134;
K_add(norm)=0.36810;
kd_pATR(norm)=0.52539;
k_Chk1(norm)=0.70395;
C_Chk1(norm)=0.21471;
pChk1_ref12_5_24h(norm)=0.38701;
pChk1_ref100_24h(norm)=0.64839;
pChk1_ref100_48h(norm)=0.60490;
kd_pChk1(norm)=0.64884;
k_cdc25(norm)=0.64523;
K_cdc25(norm)=0.62913;
kf_p53(norm)=0.57631;
k_p53(norm)=0.93713;
K_ATR(norm)=0.70807;
p53ser46_ref50_72h(norm)=0.67643;
kp_ser46(norm)=0.28118;
K_p53(norm)=0.29278;
upAsy(norm)=0.54495;
sness(norm)=0.36343;
k_apop(norm)=0.11536;
tED50(norm)=0.42505;
cell_pop_norm0_Jack_MGMT_P(norm)=0.45506;
k_dis(norm)=0.53305;

%%%%%%%%%

TMZout0_Ka_XTMZ=34.6309623787;
MGMT_P0=1.8860475535;
k_MGMT=36.1868153842;
k_addO=0.0095131252;
k_addN=0.1152206409;
DSB_72h_fac=1.1245324740;
k_DSBO=0.0002856217;
k_DSBN=0.0000478874;
k_CyA=1.6973841092;
fVX=0.0010356008;
kf_ATR_MGMT_P=0.0000133605;
k_ATR=0.0259370929;
K_add=0.0000603744;
kd_pATR=0.0030202857;
k_Chk1=481.5348632452;
C_Chk1=0.5444282300;
pChk1_ref12_5_24h=0.0060129414;
pChk1_ref100_24h=0.0075134157;
pChk1_ref100_48h=0.0085042792;
kd_pChk1=0.0828233729;
k_cdc25=311.3259538114;
K_cdc25=1.3903248756;
kf_p53=0.0006674982;
k_p53=40.4398246726;
K_ATR=0.0003822515;
p53ser46_ref50_72h=0.0005973785;
kp_ser46=3.2898223241;
K_p53=0.6453318071;
upAsy=0.2681300887;
sness=0.0032728430;
k_apop=0.0426541737;
tED50=357.6521346640;
cell_pop_norm0_Jack_MGMT_P=82.3355893833;
k_dis=0.0155543928;

%%%%%%%%%

cost=417.0140342934;

%%%%%%%%%

