TMZout0_Ka_XTMZ(norm)=0.34947;
MGMT_P0(norm)=0.45645;
k_MGMT(norm)=0.51203;
k_addO(norm)=0.78694;
k_addN(norm)=0.77035;
DSB_72h_fac(norm)=0.76394;
k_DSBO(norm)=0.37710;
k_DSBN(norm)=0.36738;
k_CyA(norm)=0.31006;
fVX(norm)=0.89832;
kf_ATR_MGMT_P(norm)=0.64722;
k_ATR(norm)=0.62282;
K_add(norm)=0.66028;
kd_pATR(norm)=0.41807;
k_Chk1(norm)=0.17374;
C_Chk1(norm)=0.04563;
pChk1_ref12_5_24h(norm)=0.57253;
pChk1_ref100_24h(norm)=0.97554;
pChk1_ref100_48h(norm)=0.84622;
kd_pChk1(norm)=0.75392;
k_cdc25(norm)=0.27437;
K_cdc25(norm)=0.89311;
kf_p53(norm)=0.78448;
k_p53(norm)=0.42429;
K_ATR(norm)=0.35687;
p53ser46_ref50_72h(norm)=0.67325;
kp_ser46(norm)=0.11101;
K_p53(norm)=0.11860;
upAsy(norm)=0.07911;
sness(norm)=0.54705;
k_apop(norm)=0.45908;
tED50(norm)=0.31272;
cell_pop_norm0_Jack_MGMT_P(norm)=0.40634;
k_dis(norm)=0.59504;

%%%%%%%%%

TMZout0_Ka_XTMZ=33.5895709872;
MGMT_P0=1.7831152155;
k_MGMT=44.0918472778;
k_addO=0.0131369970;
k_addN=0.1773017870;
DSB_72h_fac=1.1790457720;
k_DSBO=0.0002625613;
k_DSBN=0.0000306915;
k_CyA=1.6156766987;
fVX=0.0018387774;
kf_ATR_MGMT_P=0.0000114438;
k_ATR=0.0214605982;
K_add=0.0000747293;
kd_pATR=0.0033661155;
k_Chk1=338.9206896456;
C_Chk1=0.4710239789;
pChk1_ref12_5_24h=0.0075381955;
pChk1_ref100_24h=0.0106305779;
pChk1_ref100_48h=0.0107715071;
kd_pChk1=0.0941915966;
k_cdc25=185.3429425484;
K_cdc25=1.7508633042;
kf_p53=0.0008181447;
k_p53=32.4137409530;
K_ATR=0.0003419121;
p53ser46_ref50_72h=0.0005870061;
kp_ser46=2.5728434704;
K_p53=0.3566277377;
upAsy=0.1640990491;
sness=0.0040311271;
k_apop=0.0573370562;
tED50=295.7654170576;
cell_pop_norm0_Jack_MGMT_P=80.9171182703;
k_dis=0.0163482646;

%%%%%%%%%

cost=200.2251919323;

%%%%%%%%%

