TMZout0_Ka_XTMZ(norm)=0.45988;
MGMT_P0(norm)=0.63389;
k_MGMT(norm)=0.56575;
k_addO(norm)=0.30524;
k_addN(norm)=0.63877;
DSB_72h_fac(norm)=0.83746;
k_DSBO(norm)=0.33722;
k_DSBN(norm)=0.53777;
k_CyA(norm)=0.71867;
fVX(norm)=0.72190;
kf_ATR_MGMT_P(norm)=0.80770;
k_ATR(norm)=0.51483;
K_add(norm)=0.78863;
kd_pATR(norm)=0.91024;
k_Chk1(norm)=0.30494;
C_Chk1(norm)=0.28697;
pChk1_ref12_5_24h(norm)=0.66299;
pChk1_ref100_24h(norm)=0.69565;
pChk1_ref100_48h(norm)=0.76569;
kd_pChk1(norm)=0.02405;
k_cdc25(norm)=0.68814;
K_cdc25(norm)=0.71798;
kf_p53(norm)=0.05390;
k_p53(norm)=0.43448;
K_ATR(norm)=0.15902;
p53ser46_ref50_72h(norm)=0.73577;
kp_ser46(norm)=0.45282;
K_p53(norm)=0.02154;
upAsy(norm)=0.14407;
sness(norm)=0.73711;
k_apop(norm)=0.44779;
tED50(norm)=0.73511;
cell_pop_norm0_Jack_MGMT_P(norm)=0.33589;
k_dis(norm)=0.36984;

%%%%%%%%%

TMZout0_Ka_XTMZ=34.4518748009;
MGMT_P0=1.9910751594;
k_MGMT=46.1452765458;
k_addO=0.0087345835;
k_addN=0.1585978725;
DSB_72h_fac=1.2438338124;
k_DSBO=0.0002538378;
k_DSBN=0.0000354582;
k_CyA=2.2840907752;
fVX=0.0015834736;
kf_ATR_MGMT_P=0.0000131106;
k_ATR=0.0195841166;
K_add=0.0000833146;
kd_pATR=0.0051077956;
k_Chk1=378.7715420475;
C_Chk1=0.5778987370;
pChk1_ref12_5_24h=0.0081387232;
pChk1_ref100_24h=0.0083862260;
pChk1_ref100_48h=0.0100609887;
kd_pChk1=0.0507501184;
k_cdc25=263.1691068128;
K_cdc25=1.5094173355;
kf_p53=0.0004405480;
k_p53=32.6945942555;
K_ATR=0.0002891408;
p53ser46_ref50_72h=0.0006189396;
kp_ser46=3.4370976962;
K_p53=0.3284732356;
upAsy=0.1733846330;
sness=0.0047354617;
k_apop=0.0567915823;
tED50=423.0345700332;
cell_pop_norm0_Jack_MGMT_P=78.9093321826;
k_dis=0.0135084129;

%%%%%%%%%

cost=302.4453196624;

%%%%%%%%%

