TMZout0_Ka_XTMZ(norm)=0.23329;
MGMT_P0(norm)=0.94432;
k_MGMT(norm)=0.67903;
k_addO(norm)=0.68496;
k_addN(norm)=0.83798;
DSB_72h_fac(norm)=0.68385;
k_DSBO(norm)=0.58233;
k_DSBN(norm)=0.61866;
k_CyA(norm)=0.45799;
fVX(norm)=0.69484;
kf_ATR_MGMT_P(norm)=0.62211;
k_ATR(norm)=0.29820;
K_add(norm)=0.56712;
kd_pATR(norm)=0.52913;
k_Chk1(norm)=0.69169;
C_Chk1(norm)=0.58126;
pChk1_ref12_5_24h(norm)=0.50060;
pChk1_ref100_24h(norm)=0.50021;
pChk1_ref100_48h(norm)=0.50885;
kd_pChk1(norm)=0.63858;
k_cdc25(norm)=0.78005;
K_cdc25(norm)=0.62150;
kf_p53(norm)=0.75586;
k_p53(norm)=0.36181;
K_ATR(norm)=0.23359;
p53ser46_ref50_72h(norm)=0.79749;
kp_ser46(norm)=0.87966;
K_p53(norm)=0.94966;
upAsy(norm)=0.73060;
sness(norm)=0.64522;
k_apop(norm)=0.55679;
tED50(norm)=0.52757;
cell_pop_norm0_Jack_MGMT_P(norm)=0.16462;
k_dis(norm)=0.59747;

%%%%%%%%%

TMZout0_Ka_XTMZ=32.7055137171;
MGMT_P0=2.4175165481;
k_MGMT=42.4902481773;
k_addO=0.0110787385;
k_addN=0.1419161813;
DSB_72h_fac=1.1011046304;
k_DSBO=0.0003232504;
k_DSBN=0.0000420955;
k_CyA=2.1034134218;
fVX=0.0013947270;
kf_ATR_MGMT_P=0.0000110364;
k_ATR=0.0193063361;
K_add=0.0000736629;
kd_pATR=0.0032252557;
k_Chk1=442.0172286433;
C_Chk1=0.7564512061;
pChk1_ref12_5_24h=0.0072198231;
pChk1_ref100_24h=0.0072292622;
pChk1_ref100_48h=0.0084897651;
kd_pChk1=0.0796603592;
k_cdc25=300.3545744429;
K_cdc25=1.3597535804;
kf_p53=0.0006826975;
k_p53=30.4660073297;
K_ATR=0.0003496595;
p53ser46_ref50_72h=0.0005612894;
kp_ser46=4.3207007060;
K_p53=0.8392552546;
upAsy=0.2816216719;
sness=0.0040090274;
k_apop=0.0644702617;
tED50=415.8146346133;
cell_pop_norm0_Jack_MGMT_P=74.2331129260;
k_dis=0.0165026328;

%%%%%%%%%

cost=122.8057124596;

%%%%%%%%%

