TMZout0_Ka_XTMZ(norm)=0.72980;
MGMT_P0(norm)=0.90623;
k_MGMT(norm)=0.52316;
k_addO(norm)=0.52923;
k_addN(norm)=0.47823;
DSB_72h_fac(norm)=0.81978;
k_DSBO(norm)=0.66285;
k_DSBN(norm)=0.66167;
k_CyA(norm)=0.36430;
fVX(norm)=0.56316;
kf_ATR_MGMT_P(norm)=0.60788;
k_ATR(norm)=0.64479;
K_add(norm)=0.53630;
kd_pATR(norm)=0.86279;
k_Chk1(norm)=0.47166;
C_Chk1(norm)=0.61731;
pChk1_ref12_5_24h(norm)=0.56315;
pChk1_ref100_24h(norm)=0.56502;
pChk1_ref100_48h(norm)=0.50752;
kd_pChk1(norm)=0.66130;
k_cdc25(norm)=0.82828;
K_cdc25(norm)=0.68113;
kf_p53(norm)=0.63210;
k_p53(norm)=0.99107;
K_ATR(norm)=0.82159;
p53ser46_ref50_72h(norm)=0.66288;
kp_ser46(norm)=0.52955;
K_p53(norm)=0.63512;
upAsy(norm)=0.22366;
sness(norm)=0.57155;
k_apop(norm)=0.57880;
tED50(norm)=0.22655;
cell_pop_norm0_Jack_MGMT_P(norm)=0.16940;
k_dis(norm)=0.60831;

%%%%%%%%%

TMZout0_Ka_XTMZ=36.6542884888;
MGMT_P0=2.3755904276;
k_MGMT=39.7145867811;
k_addO=0.0104084077;
k_addN=0.1276912662;
DSB_72h_fac=1.2227855685;
k_DSBO=0.0003400973;
k_DSBN=0.0000442452;
k_CyA=1.7184292359;
fVX=0.0013485596;
kf_ATR_MGMT_P=0.0000110832;
k_ATR=0.0200041269;
K_add=0.0000696217;
kd_pATR=0.0040197639;
k_Chk1=395.5036871198;
C_Chk1=0.7657499113;
pChk1_ref12_5_24h=0.0069807980;
pChk1_ref100_24h=0.0070010127;
pChk1_ref100_48h=0.0078307206;
kd_pChk1=0.0837023093;
k_cdc25=363.5578920959;
K_cdc25=1.4529547042;
kf_p53=0.0006998078;
k_p53=42.3309932844;
K_ATR=0.0004208459;
p53ser46_ref50_72h=0.0005905570;
kp_ser46=4.0603926200;
K_p53=0.8624881583;
upAsy=0.2042295338;
sness=0.0039039827;
k_apop=0.0631679700;
tED50=302.2856156664;
cell_pop_norm0_Jack_MGMT_P=74.3597866962;
k_dis=0.0165786712;

%%%%%%%%%

cost=123.0927338999;

%%%%%%%%%

