TMZout0_Ka_XTMZ(norm)=0.56282;
MGMT_P0(norm)=0.54201;
k_MGMT(norm)=0.48369;
k_addO(norm)=0.31102;
k_addN(norm)=0.45426;
DSB_72h_fac(norm)=0.73277;
k_DSBO(norm)=0.51396;
k_DSBN(norm)=0.73997;
k_CyA(norm)=0.35880;
fVX(norm)=0.65466;
kf_ATR_MGMT_P(norm)=0.61029;
k_ATR(norm)=0.59449;
K_add(norm)=0.78875;
kd_pATR(norm)=0.36833;
k_Chk1(norm)=0.40485;
C_Chk1(norm)=0.65966;
pChk1_ref12_5_24h(norm)=0.37787;
pChk1_ref100_24h(norm)=0.53854;
pChk1_ref100_48h(norm)=1.00000;
kd_pChk1(norm)=0.66320;
k_cdc25(norm)=0.62221;
K_cdc25(norm)=0.47881;
kf_p53(norm)=0.31162;
k_p53(norm)=0.68245;
K_ATR(norm)=0.10533;
p53ser46_ref50_72h(norm)=0.83914;
kp_ser46(norm)=0.36930;
K_p53(norm)=0.15306;
upAsy(norm)=0.54538;
sness(norm)=0.23757;
k_apop(norm)=0.56094;
tED50(norm)=0.96562;
cell_pop_norm0_Jack_MGMT_P(norm)=0.29207;
k_dis(norm)=0.35695;

%%%%%%%%%

TMZout0_Ka_XTMZ=35.2757772419;
MGMT_P0=1.9483273381;
k_MGMT=38.4083667838;
k_addO=0.0086514927;
k_addN=0.1251236726;
DSB_72h_fac=1.1454390601;
k_DSBO=0.0002997898;
k_DSBN=0.0000472800;
k_CyA=1.7104265531;
fVX=0.0014572692;
kf_ATR_MGMT_P=0.0000111059;
k_ATR=0.0191694086;
K_add=0.0000862266;
kd_pATR=0.0026439524;
k_Chk1=373.7382493856;
C_Chk1=0.7937302564;
pChk1_ref12_5_24h=0.0059665523;
pChk1_ref100_24h=0.0068456897;
pChk1_ref100_48h=0.0118856711;
kd_pChk1=0.0838366954;
k_cdc25=305.3126541816;
K_cdc25=1.2240636628;
kf_p53=0.0005333949;
k_p53=32.5906356860;
K_ATR=0.0002293799;
p53ser46_ref50_72h=0.0006856836;
kp_ser46=3.5448719147;
K_p53=0.5732812758;
upAsy=0.2682291412;
sness=0.0029417890;
k_apop=0.0622193075;
tED50=565.4278410801;
cell_pop_norm0_Jack_MGMT_P=77.6855580097;
k_dis=0.0133983785;

%%%%%%%%%

cost=217.9084824528;

%%%%%%%%%

