TMZout0_Ka_XTMZ(norm)=0.02164;
MGMT_P0(norm)=1.00000;
k_MGMT(norm)=0.38547;
k_addO(norm)=0.60250;
k_addN(norm)=0.54557;
DSB_72h_fac(norm)=0.00010;
k_DSBO(norm)=0.47487;
k_DSBN(norm)=0.22994;
k_CyA(norm)=0.55158;
fVX(norm)=0.10434;
kf_ATR_MGMT_P(norm)=0.65293;
k_ATR(norm)=0.79898;
K_add(norm)=1.00000;
kd_pATR(norm)=0.93695;
k_Chk1(norm)=0.97781;
C_Chk1(norm)=0.00010;
pChk1_ref12_5_24h(norm)=0.33740;
pChk1_ref100_24h(norm)=1.00000;
pChk1_ref100_48h(norm)=1.00000;
kd_pChk1(norm)=1.00000;
k_cdc25(norm)=0.33434;
K_cdc25(norm)=0.00010;
kf_p53(norm)=1.00000;
k_p53(norm)=1.00000;
K_ATR(norm)=0.61548;
p53ser46_ref50_72h(norm)=1.00000;
kp_ser46(norm)=0.94202;
K_p53(norm)=0.43310;
upAsy(norm)=0.32336;
sness(norm)=0.00010;
k_apop(norm)=0.62727;
tED50(norm)=0.56520;
cell_pop_norm0_Jack_MGMT_P(norm)=0.37231;
k_dis(norm)=0.37341;

%%%%%%%%%

TMZout0_Ka_XTMZ=31.1543685432;
MGMT_P0=2.5000000000;
k_MGMT=39.6084065979;
k_addO=0.0112363822;
k_addN=0.1465554995;
DSB_72h_fac=0.6763120313;
k_DSBO=0.0002852367;
k_DSBN=0.0000273175;
k_CyA=1.9825592525;
fVX=0.0009383495;
kf_ATR_MGMT_P=0.0000114993;
k_ATR=0.0249152958;
K_add=0.0000996552;
kd_pATR=0.0052247249;
k_Chk1=669.8496318313;
C_Chk1=0.4532009724;
pChk1_ref12_5_24h=0.0061765197;
pChk1_ref100_24h=0.0108532287;
pChk1_ref100_48h=0.0122705020;
kd_pChk1=0.1160280820;
k_cdc25=195.0034926152;
K_cdc25=0.8215711239;
kf_p53=0.0009820586;
k_p53=52.7929398346;
K_ATR=0.0004256715;
p53ser46_ref50_72h=0.0007742483;
kp_ser46=5.2024217195;
K_p53=0.4655280856;
upAsy=0.2018303749;
sness=0.0025360710;
k_apop=0.0661191885;
tED50=366.3146530214;
cell_pop_norm0_Jack_MGMT_P=79.9410982890;
k_dis=0.0135492823;

%%%%%%%%%

cost=349.2227190153;

%%%%%%%%%

