TMZout0_Ka_XTMZ(norm)=0.95057;
MGMT_P0(norm)=0.65649;
k_MGMT(norm)=0.42814;
k_addO(norm)=0.68088;
k_addN(norm)=0.75297;
DSB_72h_fac(norm)=0.75503;
k_DSBO(norm)=0.22968;
k_DSBN(norm)=0.38717;
k_CyA(norm)=0.12530;
fVX(norm)=0.75936;
kf_ATR_MGMT_P(norm)=0.72454;
k_ATR(norm)=0.39904;
K_add(norm)=0.63516;
kd_pATR(norm)=0.72259;
k_Chk1(norm)=0.66725;
C_Chk1(norm)=0.77652;
pChk1_ref12_5_24h(norm)=0.15804;
pChk1_ref100_24h(norm)=0.23642;
pChk1_ref100_48h(norm)=0.20651;
kd_pChk1(norm)=0.38553;
k_cdc25(norm)=0.75653;
K_cdc25(norm)=0.30096;
kf_p53(norm)=0.52531;
k_p53(norm)=0.66968;
K_ATR(norm)=0.09811;
p53ser46_ref50_72h(norm)=0.57427;
kp_ser46(norm)=0.32368;
K_p53(norm)=0.91503;
upAsy(norm)=0.41872;
sness(norm)=1.00000;
k_apop(norm)=0.53692;
tED50(norm)=0.25724;
cell_pop_norm0_Jack_MGMT_P(norm)=0.17545;
k_dis(norm)=0.47102;

%%%%%%%%%

TMZout0_Ka_XTMZ=38.5599023430;
MGMT_P0=2.0192512230;
k_MGMT=41.0665184873;
k_addO=0.0120079525;
k_addN=0.1747100161;
DSB_72h_fac=1.1714286471;
k_DSBO=0.0002317300;
k_DSBN=0.0000312104;
k_CyA=1.3815522519;
fVX=0.0016345368;
kf_ATR_MGMT_P=0.0000122186;
k_ATR=0.0177540637;
K_add=0.0000731558;
kd_pATR=0.0043569593;
k_Chk1=514.8741946736;
C_Chk1=0.8749749643;
pChk1_ref12_5_24h=0.0053057421;
pChk1_ref100_24h=0.0056830272;
pChk1_ref100_48h=0.0062643439;
kd_pChk1=0.0689367979;
k_cdc25=278.8694156850;
K_cdc25=1.0601181557;
kf_p53=0.0006568442;
k_p53=39.9046979797;
K_ATR=0.0002745968;
p53ser46_ref50_72h=0.0005397851;
kp_ser46=3.0808541729;
K_p53=0.7002984947;
upAsy=0.2188147584;
sness=0.0059169975;
k_apop=0.0612462940;
tED50=282.1839496681;
cell_pop_norm0_Jack_MGMT_P=74.5204557863;
k_dis=0.0147176080;

%%%%%%%%%

cost=197.0910710483;

%%%%%%%%%

