TMZout0_Ka_XTMZ(norm)=0.90833;
MGMT_P0(norm)=0.81104;
k_MGMT(norm)=0.51991;
k_addO(norm)=0.31155;
k_addN(norm)=0.36853;
DSB_72h_fac(norm)=0.33062;
k_DSBO(norm)=0.49753;
k_DSBN(norm)=0.32366;
k_CyA(norm)=0.10454;
fVX(norm)=0.84135;
kf_ATR_MGMT_P(norm)=0.71329;
k_ATR(norm)=0.53826;
K_add(norm)=0.78807;
kd_pATR(norm)=0.23302;
k_Chk1(norm)=0.71249;
C_Chk1(norm)=0.79898;
pChk1_ref12_5_24h(norm)=0.25304;
pChk1_ref100_24h(norm)=0.58319;
pChk1_ref100_48h(norm)=0.68667;
kd_pChk1(norm)=0.67239;
k_cdc25(norm)=0.80291;
K_cdc25(norm)=0.95296;
kf_p53(norm)=0.51753;
k_p53(norm)=0.65906;
K_ATR(norm)=0.39687;
p53ser46_ref50_72h(norm)=0.25337;
kp_ser46(norm)=0.70474;
K_p53(norm)=0.71786;
upAsy(norm)=0.66970;
sness(norm)=0.82587;
k_apop(norm)=0.77326;
tED50(norm)=0.25015;
cell_pop_norm0_Jack_MGMT_P(norm)=0.88572;
k_dis(norm)=0.77479;

%%%%%%%%%

TMZout0_Ka_XTMZ=38.1878267966;
MGMT_P0=2.2556165540;
k_MGMT=39.6054203715;
k_addO=0.0086553307;
k_addN=0.1163568427;
DSB_72h_fac=0.8468616673;
k_DSBO=0.0002956438;
k_DSBN=0.0000332266;
k_CyA=1.3789343559;
fVX=0.0017070225;
kf_ATR_MGMT_P=0.0000121186;
k_ATR=0.0182775849;
K_add=0.0000861771;
kd_pATR=0.0023575603;
k_Chk1=485.0298669972;
C_Chk1=0.8931822759;
pChk1_ref12_5_24h=0.0053677445;
pChk1_ref100_24h=0.0071095780;
pChk1_ref100_48h=0.0091143793;
kd_pChk1=0.0844923258;
k_cdc25=355.8252524043;
K_cdc25=1.8292732071;
kf_p53=0.0006350658;
k_p53=31.9511290322;
K_ATR=0.0002936547;
p53ser46_ref50_72h=0.0004174192;
kp_ser46=4.7101279051;
K_p53=0.9251268615;
upAsy=0.2980234225;
sness=0.0048427351;
k_apop=0.0744823193;
tED50=308.3888552154;
cell_pop_norm0_Jack_MGMT_P=96.0058875586;
k_dis=0.0190901359;

%%%%%%%%%

cost=450.2981512651;

%%%%%%%%%

