TMZout0_Ka_XTMZ(norm)=0.17604;
MGMT_P0(norm)=0.40418;
k_MGMT(norm)=0.51347;
k_addO(norm)=1.00000;
k_addN(norm)=0.11900;
DSB_72h_fac(norm)=0.56674;
k_DSBO(norm)=0.63378;
k_DSBN(norm)=1.00000;
k_CyA(norm)=0.55114;
fVX(norm)=0.12228;
kf_ATR_MGMT_P(norm)=0.66335;
k_ATR(norm)=0.66369;
K_add(norm)=0.41222;
kd_pATR(norm)=0.56350;
k_Chk1(norm)=0.86053;
C_Chk1(norm)=0.85994;
pChk1_ref12_5_24h(norm)=0.72796;
pChk1_ref100_24h(norm)=1.00000;
pChk1_ref100_48h(norm)=1.00000;
kd_pChk1(norm)=0.62130;
k_cdc25(norm)=0.76497;
K_cdc25(norm)=0.16369;
kf_p53(norm)=0.59684;
k_p53(norm)=0.49144;
K_ATR(norm)=0.22233;
p53ser46_ref50_72h(norm)=0.79045;
kp_ser46(norm)=0.67241;
K_p53(norm)=0.36335;
upAsy(norm)=0.61556;
sness(norm)=0.00010;
k_apop(norm)=0.33060;
tED50(norm)=0.93843;
cell_pop_norm0_Jack_MGMT_P(norm)=0.27682;
k_dis(norm)=0.47170;

%%%%%%%%%

TMZout0_Ka_XTMZ=32.2785093718;
MGMT_P0=1.7881537024;
k_MGMT=38.1946429123;
k_addO=0.0147542373;
k_addN=0.0829577945;
DSB_72h_fac=1.0092229888;
k_DSBO=0.0003372542;
k_DSBN=0.0000562803;
k_CyA=2.3802979085;
fVX=0.0009608768;
kf_ATR_MGMT_P=0.0000116146;
k_ATR=0.0281852077;
K_add=0.0000701270;
kd_pATR=0.0026722779;
k_Chk1=423.6567422857;
C_Chk1=0.9487390974;
pChk1_ref12_5_24h=0.0096162279;
pChk1_ref100_24h=0.0121359993;
pChk1_ref100_48h=0.0149799251;
kd_pChk1=0.0650364024;
k_cdc25=269.2165316018;
K_cdc25=0.9736741512;
kf_p53=0.0005821092;
k_p53=30.1921747529;
K_ATR=0.0003399208;
p53ser46_ref50_72h=0.0005710891;
kp_ser46=3.5652269068;
K_p53=0.5345466668;
upAsy=0.2018102535;
sness=0.0022900730;
k_apop=0.0468304501;
tED50=511.5084024710;
cell_pop_norm0_Jack_MGMT_P=77.2641227838;
k_dis=0.0146576808;

%%%%%%%%%

cost=580.0147896888;

%%%%%%%%%

