TMZout0_Ka_XTMZ(norm)=0.67059;
MGMT_P0(norm)=0.71696;
k_MGMT(norm)=0.80263;
k_addO(norm)=0.58945;
k_addN(norm)=0.48967;
DSB_72h_fac(norm)=0.67814;
k_DSBO(norm)=0.66305;
k_DSBN(norm)=0.71290;
k_CyA(norm)=0.59377;
fVX(norm)=0.90311;
kf_ATR_MGMT_P(norm)=0.61558;
k_ATR(norm)=0.41387;
K_add(norm)=0.64070;
kd_pATR(norm)=0.41007;
k_Chk1(norm)=0.61675;
C_Chk1(norm)=0.58698;
pChk1_ref12_5_24h(norm)=0.49593;
pChk1_ref100_24h(norm)=0.50021;
pChk1_ref100_48h(norm)=0.52178;
kd_pChk1(norm)=0.66041;
k_cdc25(norm)=0.34264;
K_cdc25(norm)=0.64508;
kf_p53(norm)=0.41542;
k_p53(norm)=0.44332;
K_ATR(norm)=0.36923;
p53ser46_ref50_72h(norm)=0.44619;
kp_ser46(norm)=0.74678;
K_p53(norm)=0.68642;
upAsy(norm)=0.53272;
sness(norm)=0.60546;
k_apop(norm)=0.55340;
tED50(norm)=0.67439;
cell_pop_norm0_Jack_MGMT_P(norm)=0.16338;
k_dis(norm)=0.59925;

%%%%%%%%%

TMZout0_Ka_XTMZ=36.1593857228;
MGMT_P0=2.1080195976;
k_MGMT=47.1812453430;
k_addO=0.0102175395;
k_addN=0.1056477699;
DSB_72h_fac=1.0963328547;
k_DSBO=0.0003461310;
k_DSBN=0.0000455946;
k_CyA=2.3598724829;
fVX=0.0016639030;
kf_ATR_MGMT_P=0.0000109755;
k_ATR=0.0212944144;
K_add=0.0000784013;
kd_pATR=0.0029157706;
k_Chk1=414.8229244868;
C_Chk1=0.7601264855;
pChk1_ref12_5_24h=0.0071913044;
pChk1_ref100_24h=0.0072292898;
pChk1_ref100_48h=0.0085833353;
kd_pChk1=0.0811473815;
k_cdc25=207.3365727652;
K_cdc25=1.3871893725;
kf_p53=0.0005116261;
k_p53=32.6444272991;
K_ATR=0.0003922468;
p53ser46_ref50_72h=0.0004167918;
kp_ser46=3.8606440934;
K_p53=0.6714720168;
upAsy=0.2381495684;
sness=0.0038762151;
k_apop=0.0642851989;
tED50=470.8957386632;
cell_pop_norm0_Jack_MGMT_P=74.2004283368;
k_dis=0.0165275406;

%%%%%%%%%

cost=123.2408986570;

%%%%%%%%%

