TMZout0_Ka_XTMZ(norm)=0.75852;
MGMT_P0(norm)=0.53433;
k_MGMT(norm)=0.83505;
k_addO(norm)=0.07791;
k_addN(norm)=0.39476;
DSB_72h_fac(norm)=0.46266;
k_DSBO(norm)=0.60202;
k_DSBN(norm)=0.61156;
k_CyA(norm)=0.46165;
fVX(norm)=0.47580;
kf_ATR_MGMT_P(norm)=0.71018;
k_ATR(norm)=1.00000;
K_add(norm)=0.30434;
kd_pATR(norm)=0.57432;
k_Chk1(norm)=0.00010;
C_Chk1(norm)=0.35685;
pChk1_ref12_5_24h(norm)=0.10351;
pChk1_ref100_24h(norm)=0.23808;
pChk1_ref100_48h(norm)=0.73483;
kd_pChk1(norm)=0.44364;
k_cdc25(norm)=0.13284;
K_cdc25(norm)=0.83752;
kf_p53(norm)=0.39455;
k_p53(norm)=0.66526;
K_ATR(norm)=0.79098;
p53ser46_ref50_72h(norm)=0.66994;
kp_ser46(norm)=0.40386;
K_p53(norm)=0.81817;
upAsy(norm)=0.47718;
sness(norm)=0.49006;
k_apop(norm)=0.55977;
tED50(norm)=0.46263;
cell_pop_norm0_Jack_MGMT_P(norm)=0.45920;
k_dis(norm)=0.77082;

%%%%%%%%%

TMZout0_Ka_XTMZ=36.8968114537;
MGMT_P0=1.8883646343;
k_MGMT=48.4952059168;
k_addO=0.0066238298;
k_addN=0.0974845713;
DSB_72h_fac=0.9307981987;
k_DSBO=0.0003286872;
k_DSBN=0.0000418429;
k_CyA=2.1099444640;
fVX=0.0011584727;
kf_ATR_MGMT_P=0.0000118914;
k_ATR=0.0349902468;
K_add=0.0000589592;
kd_pATR=0.0033511294;
k_Chk1=246.0080260526;
C_Chk1=0.6254659653;
pChk1_ref12_5_24h=0.0051571016;
pChk1_ref100_24h=0.0057894262;
pChk1_ref100_48h=0.0102813862;
kd_pChk1=0.0675313817;
k_cdc25=173.5696086190;
K_cdc25=1.6328657033;
kf_p53=0.0005026588;
k_p53=39.3984500209;
K_ATR=0.0005607311;
p53ser46_ref50_72h=0.0005037943;
kp_ser46=2.8871595137;
K_p53=0.7507745872;
upAsy=0.2272013107;
sness=0.0035151662;
k_apop=0.0646333684;
tED50=393.5519298154;
cell_pop_norm0_Jack_MGMT_P=82.4573936609;
k_dis=0.0191134418;

%%%%%%%%%

cost=200.5897407108;

%%%%%%%%%

