TMZout0_Ka_XTMZ(norm)=1.00000;
MGMT_P0(norm)=0.08462;
k_MGMT(norm)=1.00000;
k_addO(norm)=0.75261;
k_addN(norm)=0.47746;
DSB_72h_fac(norm)=0.68417;
k_DSBO(norm)=0.16788;
k_DSBN(norm)=0.78451;
k_CyA(norm)=0.62231;
fVX(norm)=0.30394;
kf_ATR_MGMT_P(norm)=0.89128;
k_ATR(norm)=0.02214;
K_add(norm)=0.34978;
kd_pATR(norm)=0.91812;
k_Chk1(norm)=0.00010;
C_Chk1(norm)=0.57618;
pChk1_ref12_5_24h(norm)=0.00010;
pChk1_ref100_24h(norm)=0.10168;
pChk1_ref100_48h(norm)=0.95733;
kd_pChk1(norm)=0.55761;
k_cdc25(norm)=0.06273;
K_cdc25(norm)=0.07692;
kf_p53(norm)=0.52944;
k_p53(norm)=0.47585;
K_ATR(norm)=0.00010;
p53ser46_ref50_72h(norm)=0.84434;
kp_ser46(norm)=1.00000;
K_p53(norm)=0.81752;
upAsy(norm)=0.02262;
sness(norm)=0.91235;
k_apop(norm)=1.00000;
tED50(norm)=0.00010;
cell_pop_norm0_Jack_MGMT_P(norm)=0.59975;
k_dis(norm)=0.08384;

%%%%%%%%%

TMZout0_Ka_XTMZ=39.0000000000;
MGMT_P0=1.4401539484;
k_MGMT=55.7695448421;
k_addO=0.0117322768;
k_addN=0.1045601574;
DSB_72h_fac=1.1013686727;
k_DSBO=0.0002275252;
k_DSBN=0.0000484466;
k_CyA=2.4176427705;
fVX=0.0010014848;
kf_ATR_MGMT_P=0.0000138635;
k_ATR=0.0152798412;
K_add=0.0000612733;
kd_pATR=0.0044843801;
k_Chk1=246.0080260526;
C_Chk1=0.7532024320;
pChk1_ref12_5_24h=0.0047244711;
pChk1_ref100_24h=0.0051575431;
pChk1_ref100_48h=0.0124144194;
kd_pChk1=0.0743783572;
k_cdc25=163.5592255005;
K_cdc25=0.8571728561;
kf_p53=0.0005635208;
k_p53=33.5565964443;
K_ATR=0.0002868983;
p53ser46_ref50_72h=0.0005840200;
kp_ser46=4.7845179616;
K_p53=0.7503591589;
upAsy=0.1545770241;
sness=0.0050273103;
k_apop=0.0938532913;
tED50=265.9516780049;
cell_pop_norm0_Jack_MGMT_P=86.6962428411;
k_dis=0.0106794372;

%%%%%%%%%

cost=584.0154420285;

%%%%%%%%%

