TMZout0_Ka_XTMZ(norm)=0.73232;
MGMT_P0(norm)=0.67176;
k_MGMT(norm)=0.39332;
k_addO(norm)=0.18768;
k_addN(norm)=0.21953;
DSB_72h_fac(norm)=0.28762;
k_DSBO(norm)=0.67649;
k_DSBN(norm)=0.65340;
k_CyA(norm)=0.37959;
fVX(norm)=0.17157;
kf_ATR_MGMT_P(norm)=0.51660;
k_ATR(norm)=0.41190;
K_add(norm)=0.45183;
kd_pATR(norm)=0.52519;
k_Chk1(norm)=0.17230;
C_Chk1(norm)=0.11790;
pChk1_ref12_5_24h(norm)=0.14987;
pChk1_ref100_24h(norm)=0.48946;
pChk1_ref100_48h(norm)=0.56738;
kd_pChk1(norm)=0.69410;
k_cdc25(norm)=0.39892;
K_cdc25(norm)=0.51794;
kf_p53(norm)=0.25985;
k_p53(norm)=0.71877;
K_ATR(norm)=0.45713;
p53ser46_ref50_72h(norm)=0.29310;
kp_ser46(norm)=1.00000;
K_p53(norm)=0.46438;
upAsy(norm)=0.31314;
sness(norm)=0.28565;
k_apop(norm)=0.32430;
tED50(norm)=1.00000;
cell_pop_norm0_Jack_MGMT_P(norm)=0.00010;
k_dis(norm)=0.41240;

%%%%%%%%%

TMZout0_Ka_XTMZ=36.6755302804;
MGMT_P0=2.0385086789;
k_MGMT=39.8726889400;
k_addO=0.0079064680;
k_addN=0.1111796815;
DSB_72h_fac=0.8336946407;
k_DSBO=0.0003383734;
k_DSBN=0.0000391079;
k_CyA=1.7137121394;
fVX=0.0009933529;
kf_ATR_MGMT_P=0.0000102448;
k_ATR=0.0179485399;
K_add=0.0000626305;
kd_pATR=0.0036859148;
k_Chk1=338.5090715632;
C_Chk1=0.5007715189;
pChk1_ref12_5_24h=0.0052691495;
pChk1_ref100_24h=0.0070419215;
pChk1_ref100_48h=0.0085049002;
kd_pChk1=0.0895359080;
k_cdc25=205.9712573810;
K_cdc25=1.2740835498;
kf_p53=0.0005245401;
k_p53=41.5994837144;
K_ATR=0.0003722248;
p53ser46_ref50_72h=0.0004253599;
kp_ser46=5.4643701630;
K_p53=0.4780324099;
upAsy=0.2000900452;
sness=0.0032302662;
k_apop=0.0511493794;
tED50=529.4799787438;
cell_pop_norm0_Jack_MGMT_P=70.0024967691;
k_dis=0.0140044558;

%%%%%%%%%

cost=192.6881297421;

%%%%%%%%%

