TMZout0_Ka_XTMZ(norm)=0.52531;
MGMT_P0(norm)=0.65640;
k_MGMT(norm)=0.50808;
k_addO(norm)=0.22828;
k_addN(norm)=0.32093;
DSB_72h_fac(norm)=0.18329;
k_DSBO(norm)=0.27782;
k_DSBN(norm)=0.33514;
k_CyA(norm)=0.46362;
fVX(norm)=0.70999;
kf_ATR_MGMT_P(norm)=0.85809;
k_ATR(norm)=0.75639;
K_add(norm)=0.00010;
kd_pATR(norm)=0.64082;
k_Chk1(norm)=0.55795;
C_Chk1(norm)=0.57103;
pChk1_ref12_5_24h(norm)=0.28885;
pChk1_ref100_24h(norm)=0.52320;
pChk1_ref100_48h(norm)=0.33577;
kd_pChk1(norm)=0.56137;
k_cdc25(norm)=0.70154;
K_cdc25(norm)=0.79773;
kf_p53(norm)=0.47983;
k_p53(norm)=0.93531;
K_ATR(norm)=0.77794;
p53ser46_ref50_72h(norm)=0.43236;
kp_ser46(norm)=0.16629;
K_p53(norm)=0.30078;
upAsy(norm)=0.00010;
sness(norm)=0.19695;
k_apop(norm)=0.43977;
tED50(norm)=0.23195;
cell_pop_norm0_Jack_MGMT_P(norm)=0.61589;
k_dis(norm)=0.46478;

%%%%%%%%%

TMZout0_Ka_XTMZ=34.9733036881;
MGMT_P0=2.0735165574;
k_MGMT=39.2103444869;
k_addO=0.0080657215;
k_addN=0.1117573755;
DSB_72h_fac=0.7581550937;
k_DSBO=0.0002454274;
k_DSBN=0.0000335515;
k_CyA=1.8692904907;
fVX=0.0015272187;
kf_ATR_MGMT_P=0.0000137005;
k_ATR=0.0219880085;
K_add=0.0000442015;
kd_pATR=0.0033306077;
k_Chk1=425.5042248013;
C_Chk1=0.7363072144;
pChk1_ref12_5_24h=0.0055330760;
pChk1_ref100_24h=0.0067572530;
pChk1_ref100_48h=0.0067702330;
kd_pChk1=0.0769067935;
k_cdc25=326.5409696952;
K_cdc25=1.6038278464;
kf_p53=0.0006151006;
k_p53=40.3774077558;
K_ATR=0.0004055653;
p53ser46_ref50_72h=0.0004857764;
kp_ser46=2.9846801513;
K_p53=0.6497206993;
upAsy=0.1689873208;
sness=0.0028422543;
k_apop=0.0561482860;
tED50=303.6720146687;
cell_pop_norm0_Jack_MGMT_P=87.1966799402;
k_dis=0.0146802505;

%%%%%%%%%

cost=225.4517316487;

%%%%%%%%%

