TMZout0_Ka_XTMZ(norm)=0.61601;
MGMT_P0(norm)=0.81463;
k_MGMT(norm)=0.56866;
k_addO(norm)=0.55312;
k_addN(norm)=0.73817;
DSB_72h_fac(norm)=0.67260;
k_DSBO(norm)=0.76815;
k_DSBN(norm)=0.62378;
k_CyA(norm)=0.47545;
fVX(norm)=0.57145;
kf_ATR_MGMT_P(norm)=0.60401;
k_ATR(norm)=0.50210;
K_add(norm)=0.62764;
kd_pATR(norm)=0.53726;
k_Chk1(norm)=0.74212;
C_Chk1(norm)=0.64014;
pChk1_ref12_5_24h(norm)=0.47361;
pChk1_ref100_24h(norm)=0.47292;
pChk1_ref100_48h(norm)=0.48260;
kd_pChk1(norm)=0.78835;
k_cdc25(norm)=0.35402;
K_cdc25(norm)=0.54933;
kf_p53(norm)=0.45226;
k_p53(norm)=0.45361;
K_ATR(norm)=0.44426;
p53ser46_ref50_72h(norm)=0.42893;
kp_ser46(norm)=0.65399;
K_p53(norm)=0.98590;
upAsy(norm)=0.76526;
sness(norm)=0.56730;
k_apop(norm)=0.63350;
tED50(norm)=0.85599;
cell_pop_norm0_Jack_MGMT_P(norm)=0.15383;
k_dis(norm)=0.60543;

%%%%%%%%%

TMZout0_Ka_XTMZ=35.7091914941;
MGMT_P0=2.2278630869;
k_MGMT=46.2590593619;
k_addO=0.0107759381;
k_addN=0.1725329081;
DSB_72h_fac=1.1032314035;
k_DSBO=0.0003657001;
k_DSBN=0.0000381386;
k_CyA=1.8587227755;
fVX=0.0013939608;
kf_ATR_MGMT_P=0.0000110324;
k_ATR=0.0193740682;
K_add=0.0000726908;
kd_pATR=0.0037238099;
k_Chk1=548.5935018974;
C_Chk1=0.7794921777;
pChk1_ref12_5_24h=0.0069321562;
pChk1_ref100_24h=0.0069439201;
pChk1_ref100_48h=0.0079153639;
kd_pChk1=0.0969796004;
k_cdc25=198.2834978316;
K_cdc25=1.3084288350;
kf_p53=0.0006174239;
k_p53=33.2291159819;
K_ATR=0.0003681891;
p53ser46_ref50_72h=0.0004772446;
kp_ser46=4.0758373323;
K_p53=0.7436404845;
upAsy=0.2934900295;
sness=0.0041008754;
k_apop=0.0664687677;
tED50=468.6603402058;
cell_pop_norm0_Jack_MGMT_P=73.9480234608;
k_dis=0.0164928762;

%%%%%%%%%

cost=123.8186990904;

%%%%%%%%%

