TMZout0_Ka_XTMZ(norm)=0.66643;
MGMT_P0(norm)=0.74462;
k_MGMT(norm)=0.74033;
k_addO(norm)=0.56522;
k_addN(norm)=0.95508;
DSB_72h_fac(norm)=0.76821;
k_DSBO(norm)=0.79530;
k_DSBN(norm)=0.35513;
k_CyA(norm)=0.56276;
fVX(norm)=0.63361;
kf_ATR_MGMT_P(norm)=0.60989;
k_ATR(norm)=0.69742;
K_add(norm)=0.71118;
kd_pATR(norm)=0.40508;
k_Chk1(norm)=0.33853;
C_Chk1(norm)=0.61688;
pChk1_ref12_5_24h(norm)=0.45957;
pChk1_ref100_24h(norm)=0.46835;
pChk1_ref100_48h(norm)=0.50233;
kd_pChk1(norm)=0.64067;
k_cdc25(norm)=0.47660;
K_cdc25(norm)=0.63518;
kf_p53(norm)=0.50183;
k_p53(norm)=0.59931;
K_ATR(norm)=0.68828;
p53ser46_ref50_72h(norm)=0.55699;
kp_ser46(norm)=0.55730;
K_p53(norm)=0.50256;
upAsy(norm)=0.18157;
sness(norm)=0.17055;
k_apop(norm)=0.51564;
tED50(norm)=0.57332;
cell_pop_norm0_Jack_MGMT_P(norm)=0.16037;
k_dis(norm)=0.62016;

%%%%%%%%%

TMZout0_Ka_XTMZ=36.1249199751;
MGMT_P0=2.1329774902;
k_MGMT=53.5015296788;
k_addO=0.0108869897;
k_addN=0.2073432119;
DSB_72h_fac=1.1827110740;
k_DSBO=0.0003742115;
k_DSBN=0.0000303744;
k_CyA=2.0014380221;
fVX=0.0014693430;
kf_ATR_MGMT_P=0.0000110875;
k_ATR=0.0228609585;
K_add=0.0000780224;
kd_pATR=0.0033292642;
k_Chk1=389.7061274079;
C_Chk1=0.7642752226;
pChk1_ref12_5_24h=0.0068501754;
pChk1_ref100_24h=0.0069171152;
pChk1_ref100_48h=0.0080488352;
kd_pChk1=0.0855734061;
k_cdc25=219.9853105735;
K_cdc25=1.4071514187;
kf_p53=0.0006439032;
k_p53=37.5952407210;
K_ATR=0.0004527551;
p53ser46_ref50_72h=0.0005319422;
kp_ser46=3.7552261589;
K_p53=0.4937491219;
upAsy=0.1789821838;
sness=0.0029300953;
k_apop=0.0601518610;
tED50=368.8430169417;
cell_pop_norm0_Jack_MGMT_P=74.1207793400;
k_dis=0.0167000376;

%%%%%%%%%

cost=123.5282834188;

%%%%%%%%%

