TMZout0_Ka_XTMZ(norm)=0.59832;
MGMT_P0(norm)=0.77244;
k_MGMT(norm)=0.75386;
k_addO(norm)=0.63190;
k_addN(norm)=0.78770;
DSB_72h_fac(norm)=0.71913;
k_DSBO(norm)=0.48684;
k_DSBN(norm)=0.91785;
k_CyA(norm)=0.85440;
fVX(norm)=0.50359;
kf_ATR_MGMT_P(norm)=0.58291;
k_ATR(norm)=0.63433;
K_add(norm)=0.64335;
kd_pATR(norm)=0.80851;
k_Chk1(norm)=0.69801;
C_Chk1(norm)=0.61163;
pChk1_ref12_5_24h(norm)=0.74822;
pChk1_ref100_24h(norm)=0.74882;
pChk1_ref100_48h(norm)=0.77036;
kd_pChk1(norm)=0.45091;
k_cdc25(norm)=0.32384;
K_cdc25(norm)=0.46609;
kf_p53(norm)=0.27744;
k_p53(norm)=0.39567;
K_ATR(norm)=0.50103;
p53ser46_ref50_72h(norm)=0.23280;
kp_ser46(norm)=0.60983;
K_p53(norm)=0.69923;
upAsy(norm)=0.29730;
sness(norm)=0.65111;
k_apop(norm)=0.85127;
tED50(norm)=0.50698;
cell_pop_norm0_Jack_MGMT_P(norm)=0.16329;
k_dis(norm)=0.62325;

%%%%%%%%%

TMZout0_Ka_XTMZ=35.5644111585;
MGMT_P0=2.1796859132;
k_MGMT=45.2713397827;
k_addO=0.0105916985;
k_addN=0.1359970509;
DSB_72h_fac=1.1310082892;
k_DSBO=0.0002981245;
k_DSBN=0.0000542413;
k_CyA=2.9430449312;
fVX=0.0011860793;
kf_ATR_MGMT_P=0.0000106758;
k_ATR=0.0256678053;
K_add=0.0000785773;
kd_pATR=0.0040866456;
k_Chk1=444.3894643478;
C_Chk1=0.7761729382;
pChk1_ref12_5_24h=0.0089052166;
pChk1_ref100_24h=0.0089243806;
pChk1_ref100_48h=0.0105955994;
kd_pChk1=0.0679491014;
k_cdc25=204.0598717225;
K_cdc25=1.1919840074;
kf_p53=0.0004551754;
k_p53=31.3527465884;
K_ATR=0.0004385885;
p53ser46_ref50_72h=0.0003478519;
kp_ser46=3.4376671483;
K_p53=0.6787983945;
upAsy=0.1950832270;
sness=0.0040290978;
k_apop=0.0827411279;
tED50=408.6242522910;
cell_pop_norm0_Jack_MGMT_P=74.1978518319;
k_dis=0.0168670851;

%%%%%%%%%

cost=124.2505610122;

%%%%%%%%%

