TMZout0_Ka_XTMZ(norm)=0.57413;
MGMT_P0(norm)=0.93208;
k_MGMT(norm)=0.60068;
k_addO(norm)=0.59020;
k_addN(norm)=0.55656;
DSB_72h_fac(norm)=0.69129;
k_DSBO(norm)=0.67922;
k_DSBN(norm)=0.62602;
k_CyA(norm)=0.61674;
fVX(norm)=0.75776;
kf_ATR_MGMT_P(norm)=0.59200;
k_ATR(norm)=0.63517;
K_add(norm)=0.65482;
kd_pATR(norm)=0.44548;
k_Chk1(norm)=0.26589;
C_Chk1(norm)=0.58228;
pChk1_ref12_5_24h(norm)=0.23679;
pChk1_ref100_24h(norm)=0.23590;
pChk1_ref100_48h(norm)=0.23707;
kd_pChk1(norm)=0.77649;
k_cdc25(norm)=0.75860;
K_cdc25(norm)=0.57976;
kf_p53(norm)=0.30901;
k_p53(norm)=0.53939;
K_ATR(norm)=0.59396;
p53ser46_ref50_72h(norm)=0.31718;
kp_ser46(norm)=0.50826;
K_p53(norm)=0.26516;
upAsy(norm)=0.05008;
sness(norm)=0.45486;
k_apop(norm)=0.70655;
tED50(norm)=0.35165;
cell_pop_norm0_Jack_MGMT_P(norm)=0.15062;
k_dis(norm)=0.62183;

%%%%%%%%%

TMZout0_Ka_XTMZ=35.3675153907;
MGMT_P0=2.4062997073;
k_MGMT=41.1237689600;
k_addO=0.0104260184;
k_addN=0.1201899786;
DSB_72h_fac=1.1087826517;
k_DSBO=0.0003504920;
k_DSBN=0.0000409959;
k_CyA=2.5163413865;
fVX=0.0016463043;
kf_ATR_MGMT_P=0.0000109332;
k_ATR=0.0275121384;
K_add=0.0000861307;
kd_pATR=0.0024179783;
k_Chk1=255.9751844996;
C_Chk1=0.7498516019;
pChk1_ref12_5_24h=0.0063425617;
pChk1_ref100_24h=0.0063519248;
pChk1_ref100_48h=0.0078481991;
kd_pChk1=0.0741758534;
k_cdc25=267.7670922075;
K_cdc25=1.3852204667;
kf_p53=0.0004561324;
k_p53=31.4441309323;
K_ATR=0.0004657255;
p53ser46_ref50_72h=0.0003824283;
kp_ser46=3.1023021995;
K_p53=0.4918736343;
upAsy=0.1249856992;
sness=0.0033665921;
k_apop=0.0643973566;
tED50=311.1225784818;
cell_pop_norm0_Jack_MGMT_P=73.8633407152;
k_dis=0.0166460145;

%%%%%%%%%

cost=123.9736434174;

%%%%%%%%%

