TMZout0_Ka_XTMZ(norm)=0.89049;
MGMT_P0(norm)=0.56001;
k_MGMT(norm)=0.43734;
k_addO(norm)=0.46308;
k_addN(norm)=0.43254;
DSB_72h_fac(norm)=0.32094;
k_DSBO(norm)=0.21585;
k_DSBN(norm)=0.47258;
k_CyA(norm)=0.21693;
fVX(norm)=0.13636;
kf_ATR_MGMT_P(norm)=1.00000;
k_ATR(norm)=0.86362;
K_add(norm)=0.37114;
kd_pATR(norm)=0.64631;
k_Chk1(norm)=0.30116;
C_Chk1(norm)=0.53444;
pChk1_ref12_5_24h(norm)=0.29854;
pChk1_ref100_24h(norm)=0.43893;
pChk1_ref100_48h(norm)=0.57160;
kd_pChk1(norm)=0.88295;
k_cdc25(norm)=0.60977;
K_cdc25(norm)=0.67790;
kf_p53(norm)=0.23847;
k_p53(norm)=0.43568;
K_ATR(norm)=0.40362;
p53ser46_ref50_72h(norm)=0.38465;
kp_ser46(norm)=0.09836;
K_p53(norm)=0.37094;
upAsy(norm)=0.67477;
sness(norm)=0.75400;
k_apop(norm)=0.19713;
tED50(norm)=0.78056;
cell_pop_norm0_Jack_MGMT_P(norm)=0.16793;
k_dis(norm)=0.28099;

%%%%%%%%%

TMZout0_Ka_XTMZ=38.0317447545;
MGMT_P0=1.8470998888;
k_MGMT=44.8319994057;
k_addO=0.0093313368;
k_addN=0.1267120249;
DSB_72h_fac=0.8071251638;
k_DSBO=0.0002676784;
k_DSBN=0.0000321924;
k_CyA=2.0305750002;
fVX=0.0009940757;
kf_ATR_MGMT_P=0.0000155004;
k_ATR=0.0356923393;
K_add=0.0000754540;
kd_pATR=0.0020901079;
k_Chk1=250.5652998653;
C_Chk1=0.7231160470;
pChk1_ref12_5_24h=0.0069322332;
pChk1_ref100_24h=0.0078538212;
pChk1_ref100_48h=0.0106217182;
kd_pChk1=0.0784277550;
k_cdc25=216.4503006851;
K_cdc25=1.4787871702;
kf_p53=0.0003513671;
k_p53=26.9257530082;
K_ATR=0.0004170179;
p53ser46_ref50_72h=0.0003254153;
kp_ser46=2.0456243552;
K_p53=0.4872588031;
upAsy=0.3035626659;
sness=0.0061980835;
k_apop=0.0444171209;
tED50=487.9932793577;
cell_pop_norm0_Jack_MGMT_P=74.3208353982;
k_dis=0.0121380996;

%%%%%%%%%

cost=201.9655202462;

%%%%%%%%%

