TMZout0_Ka_XTMZ(norm)=0.50692;
MGMT_P0(norm)=0.54872;
k_MGMT(norm)=0.43886;
k_addO(norm)=0.26807;
k_addN(norm)=0.65488;
DSB_72h_fac(norm)=0.43722;
k_DSBO(norm)=0.63507;
k_DSBN(norm)=0.53703;
k_CyA(norm)=0.72140;
fVX(norm)=0.40685;
kf_ATR_MGMT_P(norm)=0.60828;
k_ATR(norm)=0.90156;
K_add(norm)=0.35117;
kd_pATR(norm)=0.65984;
k_Chk1(norm)=0.28381;
C_Chk1(norm)=0.43628;
pChk1_ref12_5_24h(norm)=0.21001;
pChk1_ref100_24h(norm)=0.21896;
pChk1_ref100_48h(norm)=0.60562;
kd_pChk1(norm)=0.48526;
k_cdc25(norm)=0.56448;
K_cdc25(norm)=0.71848;
kf_p53(norm)=0.31727;
k_p53(norm)=0.72756;
K_ATR(norm)=0.67282;
p53ser46_ref50_72h(norm)=0.56482;
kp_ser46(norm)=0.35822;
K_p53(norm)=0.16186;
upAsy(norm)=1.00000;
sness(norm)=0.75749;
k_apop(norm)=0.85052;
tED50(norm)=0.68395;
cell_pop_norm0_Jack_MGMT_P(norm)=0.29037;
k_dis(norm)=0.66975;

%%%%%%%%%

TMZout0_Ka_XTMZ=34.8259282603;
MGMT_P0=1.8883954382;
k_MGMT=41.4412865733;
k_addO=0.0084638199;
k_addN=0.1607778011;
DSB_72h_fac=0.9295722254;
k_DSBO=0.0003267059;
k_DSBN=0.0000354360;
k_CyA=2.2893807624;
fVX=0.0012124963;
kf_ATR_MGMT_P=0.0000110723;
k_ATR=0.0271775209;
K_add=0.0000575102;
kd_pATR=0.0041313727;
k_Chk1=372.0504708902;
C_Chk1=0.6558343412;
pChk1_ref12_5_24h=0.0055445637;
pChk1_ref100_24h=0.0055995704;
pChk1_ref100_48h=0.0087849574;
kd_pChk1=0.0750152817;
k_cdc25=236.9905969589;
K_cdc25=1.5100472573;
kf_p53=0.0005506940;
k_p53=41.9105241125;
K_ATR=0.0004468635;
p53ser46_ref50_72h=0.0005354818;
kp_ser46=3.1723396300;
K_p53=0.3699444707;
upAsy=0.3580746716;
sness=0.0048179777;
k_apop=0.0798872603;
tED50=405.0874275907;
cell_pop_norm0_Jack_MGMT_P=77.6384126600;
k_dis=0.0174165622;

%%%%%%%%%

cost=167.5910088095;

%%%%%%%%%

